n_epochs_elapsed,1,2,3,4,5,6,7,8,9,10,11,12,13,14,15,16,17,18,19,20,21,22,23,24,25,26,27,28,29,30,31,32,33,34,35,36,37,38,39,40,41,42,43,44,45,46,47,48,49,50,51,52,53,54,55,56,57,58,59,60,61,62,63,64,65,66,67,68,69,70,71,72,73,74,75,76,77,78,79,80,81,82,83,84,85,86,87,88,89,90,91,92,93,94,95,96,97,98,99,100,101,102,103,104,105,106,107,108,109,110,111,112,113,114,115,116,117,118,119,120,121,122,123,124,125,126,127,128,129,130,131,132,133,134,135,136,137,138,139,140,141,142,143,144,145,146,147,148,149,150,151,152,153,154,155,156,157,158,159,160,161,162,163,164,165,166,167,168,169,170,171,172,173,174,175,176,177,178,179,180,181,182,183,184,185,186,187,188,189,190,191,192,193,194,195,196,197,198,199,200,201,202,203,204,205,206,207,208,209,210,211,212,213,214,215,216,217,218,219,220,221,222,223,224,225,226,227,228,229,230,231,232,233,234,235,236,237,238,239,240,241,242,243,244,245,246,247,248,249,250,251,252,253,254,255,256,257,258,259,260,261,262,263,264,265,266,267,268,269,270,271,272,273,274,275,276,277,278,279,280,281,282,283,284,285,286,287,288,289,290,291,292,293,294,295,296,297,298,299,300,301,302,303,304,305,306,307,308,309,310,311,312,313,314,315,316,317,318,319,320,321,322,323,324,325,326,327,328,329,330,331,332,333,334,335,336,337,338,339,340,341,342,343,344,345,346,347,348,349,350,351,352,353,354,355,356,357,358,359,360,361,362,363,364,365,366,367,368,369,370,371,372,373,374,375,376,377,378,379,380,381,382,383,384,385,386,387,388,389,390,391,392,393,394,395,396,397,398,399,400,401,402,403,404,405,406,407,408,409,410,411,412,413,414,415,416,417,418,419,420,421,422,423,424,425,426,427,428,429,430,431,432,433,434,435,436,437,438,439,440,441,442,443,444,445,446,447,448,449,450,451,452,453,454,455,456,457,458,459,460,461,462,463,464,465,466,467,468,469,470,471,472,473,474,475,476,477,478,479,480,481,482,483,484,485,486,487,488,489,490,491,492,493,494,495,496,497,498,499,500,501,502,503,504,505,506,507,508,509,510,511,512,513,514,515,516,517,518,519,520,521,522,523,524,525,526,527,528,529,530,531,532,533,534,535,536,537,538,539,540,541,542,543,544,545,546,547,548,549,550,551,552,553,554,555,556,557,558,559,560,561,562,563,564,565,566,567,568,569,570,571,572,573,574,575,576,577,578,579,580,581,582,583,584,585,586,587,588,589,590,591,592,593,594,595,596,597,598,599,600,601,602,603,604,605,606,607,608,609,610,611,612,613,614,615,616,617,618,619,620,621,622,623,624,625,626,627,628,629,630,631,632,633,634,635,636,637,638,639,640,641,642,643,644,645,646,647,648,649,650,651,652,653,654,655,656,657,658,659,660,661,662,663,664,665,666,667,668,669,670,671,672,673,674,675,676,677,678,679,680,681,682,683,684,685,686,687,688,689,690,691,692,693,694,695,696,697,698,699,700,701,702,703,704,705,706,707,708,709,710,711,712,713,714,715,716,717,718,719,720,721,722,723,724,725,726,727,728,729,730,731,732,733,734,735,736,737,738,739,740,741,742,743,744,745,746,747,748,749,750,751,752,753,754,755,756,757,758,759,760,761,762,763,764,765,766,767,768,769,770,771,772,773,774,775,776,777,778,779,780,781,782,783,784,785,786,787,788,789,790,791,792,793,794,795,796,797,798,799,800,801,802,803,804,805,806,807,808,809,810,811,812,813,814,815,816,817,818,819,820,821,822,823,824,825,826,827,828,829,830,831,832,833,834,835,836,837,838,839,840,841,842,843,844,845,846,847,848,849,850,851,852,853,854,855,856,857,858,859,860,861,862,863,864,865,866,867,868,869,870,871,872,873,874,875,876,877,878,879,880,881,882,883,884,885,886,887,888,889,890,891,892,893,894,895,896,897,898,899,900,901,902,903,904,905,906,907,908,909,910,911,912,913,914,915,916,917,918,919,920,921,922,923,924,925,926,927,928,929,930,931,932,933,934,935,936,937,938,939,940,941,942,943,944,945,946,947,948,949,950,951,952,953,954,955,956,957,958,959,960,961,962,963,964,965,966,967,968,969,970,971,972,973,974,975,976,977,978,979,980,981,982,983,984,985,986,987,988,989,990,991,992,993,994,995,996,997,998,999,1000,1001,1002,1003,1004,1005,1006,1007,1008,1009,1010,1011,1012,1013,1014,1015,1016,1017,1018,1019,1020,1021,1022,1023,1024,1025,1026,1027,1028,1029,1030,1031,1032,1033,1034,1035,1036,1037,1038,1039,1040,1041,1042,1043,1044,1045,1046,1047,1048,1049,1050,1051,1052,1053,1054,1055,1056,1057,1058,1059,1060,1061,1062,1063,1064,1065,1066,1067,1068,1069,1070,1071,1072,1073,1074,1075,1076,1077,1078,1079,1080,1081,1082,1083,1084,1085,1086,1087,1088,1089,1090,1091,1092,1093,1094,1095,1096,1097,1098,1099,1100,1101,1102,1103,1104,1105,1106,1107,1108,1109,1110,1111,1112,1113,1114,1115,1116,1117,1118,1119,1120,1121,1122,1123,1124,1125,1126,1127,1128,1129,1130,1131,1132,1133,1134,1135,1136,1137,1138,1139,1140,1141,1142,1143,1144,1145,1146,1147,1148,1149,1150,1151,1152,1153,1154,1155,1156,1157,1158,1159,1160,1161,1162,1163,1164,1165,1166,1167,1168,1169,1170,1171,1172,1173,1174,1175,1176,1177,1178,1179,1180,1181,1182,1183,1184,1185,1186,1187,1188,1189,1190,1191,1192,1193,1194,1195,1196,1197,1198,1199,1200,1201,1202,1203,1204,1205,1206,1207,1208,1209,1210,1211,1212,1213,1214,1215,1216,1217,1218,1219,1220,1221,1222,1223,1224,1225,1226,1227,1228,1229,1230,1231,1232,1233,1234,1235,1236,1237,1238,1239,1240,1241,1242,1243,1244,1245,1246,1247,1248,1249,1250,1251,1252,1253,1254,1255,1256,1257,1258,1259,1260,1261,1262,1263,1264,1265,1266,1267,1268,1269,1270,1271,1272,1273,1274,1275,1276,1277,1278,1279,1280,1281,1282,1283,1284,1285,1286,1287,1288,1289,1290,1291,1292,1293,1294,1295,1296,1297,1298,1299,1300,1301,1302,1303,1304,1305,1306,1307,1308,1309,1310,1311,1312,1313,1314,1315,1316,1317,1318,1319,1320,1321,1322,1323,1324,1325,1326,1327,1328,1329,1330,1331,1332,1333,1334,1335,1336,1337,1338,1339,1340,1341,1342,1343,1344,1345,1346,1347,1348,1349,1350,1351,1352,1353,1354,1355,1356,1357,1358,1359,1360,1361,1362,1363,1364,1365,1366,1367,1368,1369,1370,1371,1372,1373,1374,1375,1376,1377,1378,1379,1380,1381,1382,1383,1384,1385,1386,1387,1388,1389,1390,1391,1392,1393,1394,1395,1396,1397,1398,1399,1400,1401,1402,1403,1404,1405,1406,1407,1408,1409,1410,1411,1412,1413,1414,1415,1416,1417,1418,1419,1420,1421,1422,1423,1424,1425,1426,1427,1428,1429,1430,1431,1432,1433,1434,1435,1436,1437,1438,1439,1440,1441,1442,1443,1444,1445,1446,1447,1448,1449,1450,1451,1452,1453,1454,1455,1456,1457,1458,1459,1460,1461,1462,1463,1464,1465,1466,1467,1468,1469,1470,1471,1472,1473,1474,1475,1476,1477,1478,1479,1480,1481,1482,1483,1484,1485,1486,1487,1488,1489,1490,1491,1492,1493,1494,1495,1496,1497,1498,1499,1500,1501,1502,1503,1504,1505,1506,1507,1508,1509,1510,1511,1512,1513,1514,1515,1516,1517,1518,1519,1520,1521,1522,1523,1524,1525,1526,1527,1528,1529,1530,1531,1532,1533,1534,1535,1536,1537,1538,1539,1540,1541,1542,1543,1544,1545,1546,1547,1548,1549,1550,1551,1552,1553,1554,1555,1556,1557,1558,1559,1560,1561,1562,1563,1564,1565,1566,1567,1568,1569,1570,1571,1572,1573,1574,1575,1576,1577,1578,1579,1580,1581,1582,1583,1584,1585,1586,1587,1588,1589,1590,1591,1592,1593,1594,1595,1596,1597,1598,1599,1600,1601,1602,1603,1604,1605,1606,1607,1608,1609,1610,1611,1612,1613,1614,1615,1616,1617,1618,1619,1620,1621,1622,1623,1624,1625,1626,1627,1628,1629,1630,1631,1632,1633,1634,1635,1636,1637,1638,1639,1640,1641,1642,1643,1644,1645,1646,1647,1648,1649,1650,1651,1652,1653,1654,1655,1656,1657,1658,1659,1660,1661,1662,1663,1664,1665,1666,1667,1668,1669,1670,1671,1672,1673,1674,1675,1676,1677,1678,1679,1680,1681,1682,1683,1684,1685,1686,1687,1688,1689,1690,1691,1692,1693,1694,1695,1696,1697,1698,1699,1700,1701,1702,1703,1704,1705,1706,1707,1708,1709,1710,1711,1712,1713,1714,1715,1716,1717,1718,1719,1720,1721,1722,1723,1724,1725,1726,1727,1728,1729,1730,1731,1732,1733,1734,1735,1736,1737,1738,1739,1740,1741,1742,1743,1744,1745,1746,1747,1748,1749,1750,1751,1752,1753,1754,1755,1756,1757,1758,1759,1760,1761,1762,1763,1764,1765,1766,1767,1768,1769,1770,1771,1772,1773,1774,1775,1776,1777,1778,1779,1780,1781,1782,1783,1784,1785,1786,1787,1788,1789,1790,1791,1792,1793,1794,1795,1796,1797,1798,1799,1800,1801,1802,1803,1804,1805,1806,1807,1808,1809,1810,1811,1812,1813,1814,1815,1816,1817,1818,1819,1820,1821,1822,1823,1824,1825,1826,1827,1828,1829,1830,1831,1832,1833,1834,1835,1836,1837,1838,1839,1840,1841,1842,1843,1844,1845,1846,1847,1848,1849,1850,1851,1852,1853,1854,1855,1856,1857,1858,1859,1860,1861,1862,1863,1864,1865,1866,1867,1868,1869,1870,1871,1872,1873,1874,1875,1876,1877,1878,1879,1880,1881,1882,1883,1884,1885,1886,1887,1888,1889,1890,1891,1892,1893,1894,1895,1896,1897,1898,1899,1900,1901,1902,1903,1904,1905,1906,1907,1908,1909,1910,1911,1912,1913,1914,1915,1916,1917,1918,1919,1920,1921,1922,1923,1924,1925,1926,1927,1928,1929,1930,1931,1932,1933,1934,1935,1936,1937,1938,1939,1940,1941,1942,1943,1944,1945,1946,1947,1948,1949,1950,1951,1952,1953,1954,1955,1956,1957,1958,1959,1960,1961,1962,1963,1964,1965,1966,1967,1968,1969,1970,1971,1972,1973,1974,1975,1976,1977,1978,1979,1980,1981,1982,1983,1984,1985,1986,1987,1988,1989,1990,1991,1992,1993,1994,1995,1996,1997,1998,1999,2000,2001,2002,2003,2004,2005,2006,2007,2008,2009,2010,2011,2012,2013,2014,2015,2016,2017,2018,2019,2020,2021,2022,2023,2024,2025,2026,2027,2028,2029,2030,2031,2032,2033,2034,2035,2036,2037,2038,2039,2040,2041,2042,2043,2044,2045,2046,2047,2048,2049,2050,2051,2052,2053,2054,2055,2056,2057,2058,2059,2060,2061,2062,2063,2064,2065,2066,2067,2068,2069,2070,2071,2072,2073,2074,2075,2076,2077,2078,2079,2080,2081,2082,2083,2084,2085,2086,2087,2088,2089,2090,2091,2092,2093,2094,2095,2096,2097,2098,2099,2100,2101,2102,2103,2104,2105,2106,2107,2108,2109,2110,2111,2112,2113,2114,2115,2116,2117,2118,2119,2120,2121,2122,2123,2124,2125,2126,2127,2128,2129,2130,2131,2132,2133,2134,2135,2136,2137,2138,2139,2140,2141,2142,2143,2144,2145,2146,2147,2148,2149,2150,2151,2152,2153,2154,2155,2156,2157,2158,2159,2160,2161,2162,2163,2164,2165,2166,2167,2168,2169,2170,2171,2172,2173,2174,2175,2176,2177,2178,2179,2180,2181,2182,2183,2184,2185,2186,2187,2188,2189,2190,2191,2192,2193,2194,2195,2196,2197,2198,2199,2200,2201,2202,2203,2204,2205,2206,2207,2208,2209,2210,2211,2212,2213,2214,2215,2216,2217,2218,2219,2220,2221,2222,2223,2224,2225,2226,2227,2228,2229,2230,2231,2232,2233,2234,2235,2236,2237,2238,2239,2240,2241,2242,2243,2244,2245,2246,2247,2248,2249,2250,2251,2252,2253,2254,2255,2256,2257,2258,2259,2260,2261,2262,2263,2264,2265,2266,2267,2268,2269,2270,2271,2272,2273,2274,2275,2276,2277,2278,2279,2280,2281,2282,2283,2284,2285,2286,2287,2288,2289,2290,2291,2292,2293,2294,2295,2296,2297,2298,2299,2300,2301,2302,2303,2304,2305,2306,2307,2308,2309,2310,2311,2312,2313,2314,2315,2316,2317,2318,2319,2320,2321,2322,2323,2324,2325,2326,2327,2328,2329,2330,2331,2332,2333,2334,2335,2336,2337,2338,2339,2340,2341,2342,2343,2344,2345,2346,2347,2348,2349,2350,2351,2352,2353,2354,2355,2356,2357,2358,2359,2360,2361,2362,2363,2364,2365,2366,2367,2368,2369,2370,2371,2372,2373,2374,2375,2376,2377,2378,2379,2380,2381,2382,2383,2384,2385,2386,2387,2388,2389,2390,2391,2392,2393,2394,2395,2396,2397,2398,2399,2400,2401,2402,2403,2404,2405,2406,2407,2408,2409,2410,2411,2412,2413,2414,2415,2416,2417,2418,2419,2420,2421,2422,2423,2424,2425,2426,2427,2428,2429,2430,2431,2432,2433,2434,2435,2436,2437,2438,2439,2440,2441,2442,2443,2444,2445,2446,2447,2448,2449,2450,2451,2452,2453,2454,2455,2456,2457,2458,2459,2460,2461,2462,2463,2464,2465,2466,2467,2468,2469,2470,2471,2472,2473,2474,2475,2476,2477,2478,2479,2480,2481,2482,2483,2484,2485,2486,2487,2488,2489,2490,2491,2492,2493,2494,2495,2496,2497,2498,2499,2500,2501,2502,2503,2504,2505,2506,2507,2508,2509,2510,2511,2512,2513,2514,2515,2516,2517,2518,2519,2520,2521,2522,2523,2524,2525,2526,2527,2528,2529,2530,2531,2532,2533,2534,2535,2536,2537,2538,2539,2540,2541,2542,2543,2544,2545,2546,2547,2548,2549,2550,2551,2552,2553,2554,2555,2556,2557,2558,2559,2560,2561,2562,2563,2564,2565,2566,2567,2568,2569,2570,2571,2572,2573,2574,2575,2576,2577,2578,2579,2580,2581,2582,2583,2584,2585,2586,2587,2588,2589,2590,2591,2592,2593,2594,2595,2596,2597,2598,2599,2600,2601,2602,2603,2604,2605,2606,2607,2608,2609,2610,2611,2612,2613,2614,2615,2616,2617,2618,2619,2620,2621,2622,2623,2624,2625,2626,2627,2628,2629,2630,2631,2632,2633,2634,2635,2636,2637,2638,2639,2640,2641,2642,2643,2644,2645,2646,2647,2648,2649,2650,2651,2652,2653,2654,2655,2656,2657,2658,2659,2660,2661,2662,2663,2664,2665,2666,2667,2668,2669,2670,2671,2672,2673,2674,2675,2676,2677,2678,2679,2680,2681,2682,2683,2684,2685,2686,2687,2688,2689,2690,2691,2692,2693,2694,2695,2696,2697,2698,2699,2700,2701,2702,2703,2704,2705,2706,2707,2708,2709,2710,2711,2712,2713,2714,2715,2716,2717,2718,2719,2720,2721,2722,2723,2724,2725,2726,2727,2728,2729,2730,2731,2732,2733,2734,2735,2736,2737,2738,2739,2740,2741,2742,2743,2744,2745,2746,2747,2748,2749,2750,2751,2752,2753,2754,2755,2756,2757,2758,2759,2760,2761,2762,2763,2764,2765,2766,2767,2768,2769,2770,2771,2772,2773,2774,2775,2776,2777,2778,2779,2780,2781,2782,2783,2784,2785,2786,2787,2788,2789,2790,2791,2792,2793,2794,2795,2796,2797,2798,2799,2800,2801,2802,2803,2804,2805,2806,2807,2808,2809,2810,2811,2812,2813,2814,2815,2816,2817,2818,2819,2820,2821,2822,2823,2824,2825,2826,2827,2828,2829,2830,2831,2832,2833,2834,2835,2836,2837,2838,2839,2840,2841,2842,2843,2844,2845,2846,2847,2848,2849,2850,2851,2852,2853,2854,2855,2856,2857,2858,2859,2860,2861,2862,2863,2864,2865,2866,2867,2868,2869,2870,2871,2872,2873,2874,2875,2876,2877,2878,2879,2880,2881,2882,2883,2884,2885,2886,2887,2888,2889,2890,2891,2892,2893,2894,2895,2896,2897,2898,2899,2900,2901,2902,2903,2904,2905,2906,2907,2908,2909,2910,2911,2912,2913,2914,2915,2916,2917,2918,2919,2920,2921,2922,2923,2924,2925,2926,2927,2928,2929,2930,2931,2932,2933,2934,2935,2936,2937,2938,2939,2940,2941,2942,2943,2944,2945,2946,2947,2948,2949,2950,2951,2952,2953,2954,2955,2956,2957,2958,2959,2960,2961,2962,2963,2964,2965,2966,2967,2968,2969,2970,2971,2972,2973,2974,2975,2976,2977,2978,2979,2980,2981,2982,2983,2984,2985,2986,2987,2988,2989,2990,2991,2992,2993,2994,2995,2996,2997,2998,2999,3000,3001,3002,3003,3004,3005,3006,3007,3008,3009,3010,3011,3012,3013,3014,3015,3016,3017,3018,3019,3020,3021,3022,3023,3024,3025,3026,3027,3028,3029,3030,3031,3032,3033,3034,3035,3036,3037,3038,3039,3040,3041,3042,3043,3044,3045,3046,3047,3048,3049,3050,3051,3052,3053,3054,3055,3056,3057,3058,3059,3060,3061,3062,3063,3064,3065,3066,3067,3068,3069,3070,3071,3072,3073,3074,3075,3076,3077,3078,3079,3080,3081,3082,3083,3084,3085,3086,3087,3088,3089,3090,3091,3092,3093,3094,3095,3096,3097,3098,3099,3100,3101,3102,3103,3104,3105,3106,3107,3108,3109,3110,3111,3112,3113,3114,3115,3116,3117,3118,3119,3120,3121,3122,3123,3124,3125,3126,3127,3128,3129,3130,3131,3132,3133,3134,3135,3136,3137,3138,3139,3140,3141,3142,3143,3144,3145,3146,3147,3148,3149,3150,3151,3152,3153,3154,3155,3156,3157,3158,3159,3160,3161,3162,3163,3164,3165,3166,3167,3168,3169,3170,3171,3172,3173,3174,3175,3176,3177,3178,3179,3180,3181,3182,3183,3184,3185,3186,3187,3188,3189,3190,3191,3192,3193,3194,3195,3196,3197,3198,3199,3200,3201,3202,3203,3204,3205,3206,3207,3208,3209,3210,3211,3212,3213,3214,3215,3216,3217,3218,3219,3220,3221,3222,3223,3224,3225,3226,3227,3228,3229,3230,3231,3232,3233,3234,3235,3236,3237,3238,3239,3240,3241,3242,3243,3244,3245,3246,3247,3248,3249,3250,3251,3252,3253,3254,3255,3256,3257,3258,3259,3260,3261,3262,3263,3264,3265,3266,3267,3268,3269,3270,3271,3272,3273,3274,3275,3276,3277,3278,3279,3280,3281,3282,3283,3284,3285,3286,3287,3288,3289,3290,3291,3292,3293,3294,3295,3296,3297,3298,3299,3300,3301,3302,3303,3304,3305,3306,3307,3308,3309,3310,3311,3312,3313,3314,3315,3316,3317,3318,3319,3320,3321,3322,3323,3324,3325,3326,3327,3328,3329,3330,3331,3332,3333,3334,3335,3336,3337,3338,3339,3340,3341,3342,3343,3344,3345,3346,3347,3348,3349,3350,3351,3352,3353,3354,3355,3356,3357,3358,3359,3360,3361,3362,3363,3364,3365,3366,3367,3368,3369,3370,3371,3372,3373,3374,3375,3376,3377,3378,3379,3380,3381,3382,3383,3384,3385,3386,3387,3388,3389,3390,3391,3392,3393,3394,3395,3396,3397,3398,3399,3400,3401,3402,3403,3404,3405,3406,3407,3408,3409,3410,3411,3412,3413,3414,3415,3416,3417,3418,3419,3420,3421,3422,3423,3424,3425,3426,3427,3428,3429,3430,3431,3432,3433,3434,3435,3436,3437,3438,3439,3440,3441,3442,3443,3444,3445,3446,3447,3448,3449,3450,3451,3452,3453,3454,3455,3456,3457,3458,3459,3460,3461,3462,3463,3464,3465,3466,3467,3468,3469,3470,3471,3472,3473,3474,3475,3476,3477,3478,3479,3480,3481,3482,3483,3484,3485,3486,3487,3488,3489,3490,3491,3492,3493,3494,3495,3496,3497,3498,3499,3500,3501,3502,3503,3504,3505,3506,3507,3508,3509,3510,3511,3512,3513,3514,3515,3516,3517,3518,3519,3520,3521,3522,3523,3524,3525,3526,3527,3528,3529,3530,3531,3532,3533,3534,3535,3536,3537,3538,3539,3540,3541,3542,3543,3544,3545,3546,3547,3548,3549,3550,3551,3552,3553,3554,3555,3556,3557,3558,3559,3560,3561,3562,3563,3564,3565,3566,3567,3568,3569,3570,3571,3572,3573,3574,3575,3576,3577,3578,3579,3580,3581,3582,3583,3584,3585,3586,3587,3588,3589,3590,3591,3592,3593,3594,3595,3596,3597,3598,3599,3600,3601,3602,3603,3604,3605,3606,3607,3608,3609,3610,3611,3612,3613,3614,3615,3616,3617,3618,3619,3620,3621,3622,3623,3624,3625,3626,3627,3628,3629,3630,3631,3632,3633,3634,3635,3636,3637,3638,3639,3640,3641,3642,3643,3644,3645,3646,3647,3648,3649,3650,3651,3652,3653,3654,3655,3656,3657,3658,3659,3660,3661,3662,3663,3664,3665,3666,3667,3668,3669,3670,3671,3672,3673,3674,3675,3676,3677,3678,3679,3680,3681,3682,3683,3684,3685,3686,3687,3688,3689,3690,3691,3692,3693,3694,3695,3696,3697,3698,3699,3700,3701,3702,3703,3704,3705,3706,3707,3708,3709,3710,3711,3712,3713,3714,3715,3716,3717,3718,3719,3720,3721,3722,3723,3724,3725,3726,3727,3728,3729,3730,3731,3732,3733,3734,3735,3736,3737,3738,3739,3740,3741,3742,3743,3744,3745,3746,3747,3748,3749,3750,3751,3752,3753,3754,3755,3756,3757,3758,3759,3760,3761,3762,3763,3764,3765,3766,3767,3768,3769,3770,3771,3772,3773,3774,3775,3776,3777,3778,3779,3780,3781,3782,3783,3784,3785,3786,3787,3788,3789,3790,3791,3792,3793,3794,3795,3796,3797,3798,3799,3800,3801,3802,3803,3804,3805,3806,3807,3808,3809,3810,3811,3812,3813,3814,3815,3816,3817,3818,3819,3820,3821,3822,3823,3824,3825,3826,3827,3828,3829,3830,3831,3832,3833,3834,3835,3836,3837,3838,3839,3840,3841,3842,3843,3844,3845,3846,3847,3848,3849,3850,3851,3852,3853,3854,3855,3856,3857,3858,3859,3860,3861,3862,3863,3864,3865,3866,3867,3868,3869,3870,3871,3872,3873,3874,3875,3876,3877,3878,3879,3880,3881,3882,3883,3884,3885,3886,3887,3888,3889,3890,3891,3892,3893,3894,3895,3896,3897,3898,3899,3900,3901,3902,3903,3904,3905,3906,3907,3908,3909,3910,3911,3912,3913,3914,3915,3916,3917,3918,3919,3920,3921,3922,3923,3924,3925,3926,3927,3928,3929,3930,3931,3932,3933,3934,3935,3936,3937,3938,3939,3940,3941,3942,3943,3944,3945,3946,3947,3948,3949,3950,3951,3952,3953,3954,3955,3956,3957,3958,3959,3960,3961,3962,3963,3964,3965,3966,3967,3968,3969,3970,3971,3972,3973,3974,3975,3976,3977,3978,3979,3980,3981,3982,3983,3984,3985,3986,3987,3988,3989,3990,3991,3992,3993,3994,3995,3996,3997,3998,3999,4000,4001,4002,4003,4004,4005,4006,4007,4008,4009,4010,4011,4012,4013,4014,4015,4016,4017,4018,4019,4020,4021,4022,4023,4024,4025,4026,4027,4028,4029,4030,4031,4032,4033,4034,4035,4036,4037,4038,4039,4040,4041,4042,4043,4044,4045,4046,4047,4048,4049,4050,4051,4052,4053,4054,4055,4056,4057,4058,4059,4060,4061,4062,4063,4064,4065,4066,4067,4068,4069,4070,4071,4072,4073,4074,4075,4076,4077,4078,4079,4080,4081,4082,4083,4084,4085,4086,4087,4088,4089,4090,4091,4092,4093,4094,4095,4096,4097,4098,4099,4100,4101,4102,4103,4104,4105,4106,4107,4108,4109,4110,4111,4112,4113,4114,4115,4116,4117,4118,4119,4120,4121,4122,4123,4124,4125,4126,4127,4128,4129,4130,4131,4132,4133,4134,4135,4136,4137,4138,4139,4140,4141,4142,4143,4144,4145,4146,4147,4148,4149,4150,4151,4152,4153,4154,4155,4156,4157,4158,4159,4160,4161,4162,4163,4164,4165,4166,4167,4168,4169,4170,4171,4172,4173,4174,4175,4176,4177,4178,4179,4180,4181,4182,4183,4184,4185,4186,4187,4188,4189,4190,4191,4192,4193,4194,4195,4196,4197,4198,4199,4200,4201,4202,4203,4204,4205,4206,4207,4208,4209,4210,4211,4212,4213,4214,4215,4216,4217,4218,4219,4220,4221,4222,4223,4224,4225,4226,4227,4228,4229,4230,4231,4232,4233,4234,4235,4236,4237,4238,4239,4240,4241,4242,4243,4244,4245,4246,4247,4248,4249,4250,4251,4252,4253,4254,4255,4256,4257,4258,4259,4260,4261,4262,4263,4264,4265,4266,4267,4268,4269,4270,4271,4272,4273,4274,4275,4276,4277,4278,4279,4280,4281,4282,4283,4284,4285,4286,4287,4288,4289,4290,4291,4292,4293,4294,4295,4296,4297,4298,4299,4300,4301,4302,4303,4304,4305,4306,4307,4308,4309,4310,4311,4312,4313,4314,4315,4316,4317,4318,4319,4320,4321,4322,4323,4324,4325,4326,4327,4328,4329,4330,4331,4332,4333,4334,4335,4336,4337,4338,4339,4340,4341,4342,4343,4344,4345,4346,4347,4348,4349,4350,4351,4352,4353,4354,4355,4356,4357,4358,4359,4360,4361,4362,4363,4364,4365,4366,4367,4368,4369,4370,4371,4372,4373,4374,4375,4376,4377,4378,4379,4380,4381,4382,4383,4384,4385,4386,4387,4388,4389,4390,4391,4392,4393,4394,4395,4396,4397,4398,4399,4400,4401,4402,4403,4404,4405,4406,4407,4408,4409,4410,4411,4412,4413,4414,4415,4416,4417,4418,4419,4420,4421,4422,4423,4424,4425,4426,4427,4428,4429,4430,4431,4432,4433,4434,4435,4436,4437,4438,4439,4440,4441,4442,4443,4444,4445,4446,4447,4448,4449,4450,4451,4452,4453,4454,4455,4456,4457,4458,4459,4460,4461,4462,4463,4464,4465,4466,4467,4468,4469,4470,4471,4472,4473,4474,4475,4476,4477,4478,4479,4480,4481,4482,4483,4484,4485,4486,4487,4488,4489,4490,4491,4492,4493,4494,4495,4496,4497,4498,4499,4500,4501,4502,4503,4504,4505,4506,4507,4508,4509,4510,4511,4512,4513,4514,4515,4516,4517,4518,4519,4520,4521,4522,4523,4524,4525,4526,4527,4528,4529,4530,4531,4532,4533,4534,4535,4536,4537,4538,4539,4540,4541,4542,4543,4544,4545,4546,4547,4548,4549,4550,4551,4552,4553,4554,4555,4556,4557,4558,4559,4560,4561,4562,4563,4564,4565,4566,4567,4568,4569,4570,4571,4572,4573,4574,4575,4576,4577,4578,4579,4580,4581,4582,4583,4584,4585,4586,4587,4588,4589,4590,4591,4592,4593,4594,4595,4596,4597,4598,4599,4600,4601,4602,4603,4604,4605,4606,4607,4608,4609,4610,4611,4612,4613,4614,4615,4616,4617,4618,4619,4620,4621,4622,4623,4624,4625,4626,4627,4628,4629,4630,4631,4632,4633,4634,4635,4636,4637,4638,4639,4640,4641,4642,4643,4644,4645,4646,4647,4648,4649,4650,4651,4652,4653,4654,4655,4656,4657,4658,4659,4660,4661,4662,4663,4664,4665,4666,4667,4668,4669,4670,4671,4672,4673,4674,4675,4676,4677,4678,4679,4680,4681,4682,4683,4684,4685,4686,4687,4688,4689,4690,4691,4692,4693,4694,4695,4696,4697,4698,4699,4700,4701,4702,4703,4704,4705,4706,4707,4708,4709,4710,4711,4712,4713,4714,4715,4716,4717,4718,4719,4720,4721,4722,4723,4724,4725,4726,4727,4728,4729,4730,4731,4732,4733,4734,4735,4736,4737,4738,4739,4740,4741,4742,4743,4744,4745,4746,4747,4748,4749,4750,4751,4752,4753,4754,4755,4756,4757,4758,4759,4760,4761,4762,4763,4764,4765,4766,4767,4768,4769,4770,4771,4772,4773,4774,4775,4776,4777,4778,4779,4780,4781,4782,4783,4784,4785,4786,4787,4788,4789,4790,4791,4792,4793,4794,4795,4796,4797,4798,4799,4800,4801,4802,4803,4804,4805,4806,4807,4808,4809,4810,4811,4812,4813,4814,4815,4816,4817,4818,4819,4820,4821,4822,4823,4824,4825,4826,4827,4828,4829,4830,4831,4832,4833,4834,4835,4836,4837,4838,4839,4840,4841,4842,4843,4844,4845,4846,4847,4848,4849,4850,4851,4852,4853,4854,4855,4856,4857,4858,4859,4860,4861,4862,4863,4864,4865,4866,4867,4868,4869,4870,4871,4872,4873,4874,4875,4876,4877,4878,4879,4880,4881,4882,4883,4884,4885,4886,4887,4888,4889,4890,4891,4892,4893,4894,4895,4896,4897,4898,4899,4900,4901,4902,4903,4904,4905,4906,4907,4908,4909,4910,4911,4912,4913,4914,4915,4916,4917,4918,4919,4920,4921,4922,4923,4924,4925,4926,4927,4928,4929,4930,4931,4932,4933,4934,4935,4936,4937,4938,4939,4940,4941,4942,4943,4944,4945,4946,4947,4948,4949,4950,4951,4952,4953,4954,4955,4956,4957,4958,4959,4960,4961,4962,4963,4964,4965,4966,4967,4968,4969,4970,4971,4972,4973,4974,4975,4976,4977,4978,4979,4980,4981,4982,4983,4984,4985,4986,4987,4988,4989,4990,4991,4992,4993,4994,4995,4996,4997,4998,4999,5000
n_training_episodes_elapsed,50,100,150,200,250,300,350,400,450,500,550,600,650,700,750,800,850,900,950,1000,1050,1100,1150,1200,1250,1300,1350,1400,1450,1500,1550,1600,1650,1700,1750,1800,1850,1900,1950,2000,2050,2100,2150,2200,2250,2300,2350,2400,2450,2500,2550,2600,2650,2700,2750,2800,2850,2900,2950,3000,3050,3100,3150,3200,3250,3300,3350,3400,3450,3500,3550,3600,3650,3700,3750,3800,3850,3900,3950,4000,4050,4100,4150,4200,4250,4300,4350,4400,4450,4500,4550,4600,4650,4700,4750,4800,4850,4900,4950,5000,5050,5100,5150,5200,5250,5300,5350,5400,5450,5500,5550,5600,5650,5700,5750,5800,5850,5900,5950,6000,6050,6100,6150,6200,6250,6300,6350,6400,6450,6500,6550,6600,6650,6700,6750,6800,6850,6900,6950,7000,7050,7100,7150,7200,7250,7300,7350,7400,7450,7500,7550,7600,7650,7700,7750,7800,7850,7900,7950,8000,8050,8100,8150,8200,8250,8300,8350,8400,8450,8500,8550,8600,8650,8700,8750,8800,8850,8900,8950,9000,9050,9100,9150,9200,9250,9300,9350,9400,9450,9500,9550,9600,9650,9700,9750,9800,9850,9900,9950,10000,10050,10100,10150,10200,10250,10300,10350,10400,10450,10500,10550,10600,10650,10700,10750,10800,10850,10900,10950,11000,11050,11100,11150,11200,11250,11300,11350,11400,11450,11500,11550,11600,11650,11700,11750,11800,11850,11900,11950,12000,12050,12100,12150,12200,12250,12300,12350,12400,12450,12500,12550,12600,12650,12700,12750,12800,12850,12900,12950,13000,13050,13100,13150,13200,13250,13300,13350,13400,13450,13500,13550,13600,13650,13700,13750,13800,13850,13900,13950,14000,14050,14100,14150,14200,14250,14300,14350,14400,14450,14500,14550,14600,14650,14700,14750,14800,14850,14900,14950,15000,15050,15100,15150,15200,15250,15300,15350,15400,15450,15500,15550,15600,15650,15700,15750,15800,15850,15900,15950,16000,16050,16100,16150,16200,16250,16300,16350,16400,16450,16500,16550,16600,16650,16700,16750,16800,16850,16900,16950,17000,17050,17100,17150,17200,17250,17300,17350,17400,17450,17500,17550,17600,17650,17700,17750,17800,17850,17900,17950,18000,18050,18100,18150,18200,18250,18300,18350,18400,18450,18500,18550,18600,18650,18700,18750,18800,18850,18900,18950,19000,19050,19100,19150,19200,19250,19300,19350,19400,19450,19500,19550,19600,19650,19700,19750,19800,19850,19900,19950,20000,20050,20100,20150,20200,20250,20300,20350,20400,20450,20500,20550,20600,20650,20700,20750,20800,20850,20900,20950,21000,21050,21100,21150,21200,21250,21300,21350,21400,21450,21500,21550,21600,21650,21700,21750,21800,21850,21900,21950,22000,22050,22100,22150,22200,22250,22300,22350,22400,22450,22500,22550,22600,22650,22700,22750,22800,22850,22900,22950,23000,23050,23100,23150,23200,23250,23300,23350,23400,23450,23500,23550,23600,23650,23700,23750,23800,23850,23900,23950,24000,24050,24100,24150,24200,24250,24300,24350,24400,24450,24500,24550,24600,24650,24700,24750,24800,24850,24900,24950,25000,25050,25100,25150,25200,25250,25300,25350,25400,25450,25500,25550,25600,25650,25700,25750,25800,25850,25900,25950,26000,26050,26100,26150,26200,26250,26300,26350,26400,26450,26500,26550,26600,26650,26700,26750,26800,26850,26900,26950,27000,27050,27100,27150,27200,27250,27300,27350,27400,27450,27500,27550,27600,27650,27700,27750,27800,27850,27900,27950,28000,28050,28100,28150,28200,28250,28300,28350,28400,28450,28500,28550,28600,28650,28700,28750,28800,28850,28900,28950,29000,29050,29100,29150,29200,29250,29300,29350,29400,29450,29500,29550,29600,29650,29700,29750,29800,29850,29900,29950,30000,30050,30100,30150,30200,30250,30300,30350,30400,30450,30500,30550,30600,30650,30700,30750,30800,30850,30900,30950,31000,31050,31100,31150,31200,31250,31300,31350,31400,31450,31500,31550,31600,31650,31700,31750,31800,31850,31900,31950,32000,32050,32100,32150,32200,32250,32300,32350,32400,32450,32500,32550,32600,32650,32700,32750,32800,32850,32900,32950,33000,33050,33100,33150,33200,33250,33300,33350,33400,33450,33500,33550,33600,33650,33700,33750,33800,33850,33900,33950,34000,34050,34100,34150,34200,34250,34300,34350,34400,34450,34500,34550,34600,34650,34700,34750,34800,34850,34900,34950,35000,35050,35100,35150,35200,35250,35300,35350,35400,35450,35500,35550,35600,35650,35700,35750,35800,35850,35900,35950,36000,36050,36100,36150,36200,36250,36300,36350,36400,36450,36500,36550,36600,36650,36700,36750,36800,36850,36900,36950,37000,37050,37100,37150,37200,37250,37300,37350,37400,37450,37500,37550,37600,37650,37700,37750,37800,37850,37900,37950,38000,38050,38100,38150,38200,38250,38300,38350,38400,38450,38500,38550,38600,38650,38700,38750,38800,38850,38900,38950,39000,39050,39100,39150,39200,39250,39300,39350,39400,39450,39500,39550,39600,39650,39700,39750,39800,39850,39900,39950,40000,40050,40100,40150,40200,40250,40300,40350,40400,40450,40500,40550,40600,40650,40700,40750,40800,40850,40900,40950,41000,41050,41100,41150,41200,41250,41300,41350,41400,41450,41500,41550,41600,41650,41700,41750,41800,41850,41900,41950,42000,42050,42100,42150,42200,42250,42300,42350,42400,42450,42500,42550,42600,42650,42700,42750,42800,42850,42900,42950,43000,43050,43100,43150,43200,43250,43300,43350,43400,43450,43500,43550,43600,43650,43700,43750,43800,43850,43900,43950,44000,44050,44100,44150,44200,44250,44300,44350,44400,44450,44500,44550,44600,44650,44700,44750,44800,44850,44900,44950,45000,45050,45100,45150,45200,45250,45300,45350,45400,45450,45500,45550,45600,45650,45700,45750,45800,45850,45900,45950,46000,46050,46100,46150,46200,46250,46300,46350,46400,46450,46500,46550,46600,46650,46700,46750,46800,46850,46900,46950,47000,47050,47100,47150,47200,47250,47300,47350,47400,47450,47500,47550,47600,47650,47700,47750,47800,47850,47900,47950,48000,48050,48100,48150,48200,48250,48300,48350,48400,48450,48500,48550,48600,48650,48700,48750,48800,48850,48900,48950,49000,49050,49100,49150,49200,49250,49300,49350,49400,49450,49500,49550,49600,49650,49700,49750,49800,49850,49900,49950,50000,50050,50100,50150,50200,50250,50300,50350,50400,50450,50500,50550,50600,50650,50700,50750,50800,50850,50900,50950,51000,51050,51100,51150,51200,51250,51300,51350,51400,51450,51500,51550,51600,51650,51700,51750,51800,51850,51900,51950,52000,52050,52100,52150,52200,52250,52300,52350,52400,52450,52500,52550,52600,52650,52700,52750,52800,52850,52900,52950,53000,53050,53100,53150,53200,53250,53300,53350,53400,53450,53500,53550,53600,53650,53700,53750,53800,53850,53900,53950,54000,54050,54100,54150,54200,54250,54300,54350,54400,54450,54500,54550,54600,54650,54700,54750,54800,54850,54900,54950,55000,55050,55100,55150,55200,55250,55300,55350,55400,55450,55500,55550,55600,55650,55700,55750,55800,55850,55900,55950,56000,56050,56100,56150,56200,56250,56300,56350,56400,56450,56500,56550,56600,56650,56700,56750,56800,56850,56900,56950,57000,57050,57100,57150,57200,57250,57300,57350,57400,57450,57500,57550,57600,57650,57700,57750,57800,57850,57900,57950,58000,58050,58100,58150,58200,58250,58300,58350,58400,58450,58500,58550,58600,58650,58700,58750,58800,58850,58900,58950,59000,59050,59100,59150,59200,59250,59300,59350,59400,59450,59500,59550,59600,59650,59700,59750,59800,59850,59900,59950,60000,60050,60100,60150,60200,60250,60300,60350,60400,60450,60500,60550,60600,60650,60700,60750,60800,60850,60900,60950,61000,61050,61100,61150,61200,61250,61300,61350,61400,61450,61500,61550,61600,61650,61700,61750,61800,61850,61900,61950,62000,62050,62100,62150,62200,62250,62300,62350,62400,62450,62500,62550,62600,62650,62700,62750,62800,62850,62900,62950,63000,63050,63100,63150,63200,63250,63300,63350,63400,63450,63500,63550,63600,63650,63700,63750,63800,63850,63900,63950,64000,64050,64100,64150,64200,64250,64300,64350,64400,64450,64500,64550,64600,64650,64700,64750,64800,64850,64900,64950,65000,65050,65100,65150,65200,65250,65300,65350,65400,65450,65500,65550,65600,65650,65700,65750,65800,65850,65900,65950,66000,66050,66100,66150,66200,66250,66300,66350,66400,66450,66500,66550,66600,66650,66700,66750,66800,66850,66900,66950,67000,67050,67100,67150,67200,67250,67300,67350,67400,67450,67500,67550,67600,67650,67700,67750,67800,67850,67900,67950,68000,68050,68100,68150,68200,68250,68300,68350,68400,68450,68500,68550,68600,68650,68700,68750,68800,68850,68900,68950,69000,69050,69100,69150,69200,69250,69300,69350,69400,69450,69500,69550,69600,69650,69700,69750,69800,69850,69900,69950,70000,70050,70100,70150,70200,70250,70300,70350,70400,70450,70500,70550,70600,70650,70700,70750,70800,70850,70900,70950,71000,71050,71100,71150,71200,71250,71300,71350,71400,71450,71500,71550,71600,71650,71700,71750,71800,71850,71900,71950,72000,72050,72100,72150,72200,72250,72300,72350,72400,72450,72500,72550,72600,72650,72700,72750,72800,72850,72900,72950,73000,73050,73100,73150,73200,73250,73300,73350,73400,73450,73500,73550,73600,73650,73700,73750,73800,73850,73900,73950,74000,74050,74100,74150,74200,74250,74300,74350,74400,74450,74500,74550,74600,74650,74700,74750,74800,74850,74900,74950,75000,75050,75100,75150,75200,75250,75300,75350,75400,75450,75500,75550,75600,75650,75700,75750,75800,75850,75900,75950,76000,76050,76100,76150,76200,76250,76300,76350,76400,76450,76500,76550,76600,76650,76700,76750,76800,76850,76900,76950,77000,77050,77100,77150,77200,77250,77300,77350,77400,77450,77500,77550,77600,77650,77700,77750,77800,77850,77900,77950,78000,78050,78100,78150,78200,78250,78300,78350,78400,78450,78500,78550,78600,78650,78700,78750,78800,78850,78900,78950,79000,79050,79100,79150,79200,79250,79300,79350,79400,79450,79500,79550,79600,79650,79700,79750,79800,79850,79900,79950,80000,80050,80100,80150,80200,80250,80300,80350,80400,80450,80500,80550,80600,80650,80700,80750,80800,80850,80900,80950,81000,81050,81100,81150,81200,81250,81300,81350,81400,81450,81500,81550,81600,81650,81700,81750,81800,81850,81900,81950,82000,82050,82100,82150,82200,82250,82300,82350,82400,82450,82500,82550,82600,82650,82700,82750,82800,82850,82900,82950,83000,83050,83100,83150,83200,83250,83300,83350,83400,83450,83500,83550,83600,83650,83700,83750,83800,83850,83900,83950,84000,84050,84100,84150,84200,84250,84300,84350,84400,84450,84500,84550,84600,84650,84700,84750,84800,84850,84900,84950,85000,85050,85100,85150,85200,85250,85300,85350,85400,85450,85500,85550,85600,85650,85700,85750,85800,85850,85900,85950,86000,86050,86100,86150,86200,86250,86300,86350,86400,86450,86500,86550,86600,86650,86700,86750,86800,86850,86900,86950,87000,87050,87100,87150,87200,87250,87300,87350,87400,87450,87500,87550,87600,87650,87700,87750,87800,87850,87900,87950,88000,88050,88100,88150,88200,88250,88300,88350,88400,88450,88500,88550,88600,88650,88700,88750,88800,88850,88900,88950,89000,89050,89100,89150,89200,89250,89300,89350,89400,89450,89500,89550,89600,89650,89700,89750,89800,89850,89900,89950,90000,90050,90100,90150,90200,90250,90300,90350,90400,90450,90500,90550,90600,90650,90700,90750,90800,90850,90900,90950,91000,91050,91100,91150,91200,91250,91300,91350,91400,91450,91500,91550,91600,91650,91700,91750,91800,91850,91900,91950,92000,92050,92100,92150,92200,92250,92300,92350,92400,92450,92500,92550,92600,92650,92700,92750,92800,92850,92900,92950,93000,93050,93100,93150,93200,93250,93300,93350,93400,93450,93500,93550,93600,93650,93700,93750,93800,93850,93900,93950,94000,94050,94100,94150,94200,94250,94300,94350,94400,94450,94500,94550,94600,94650,94700,94750,94800,94850,94900,94950,95000,95050,95100,95150,95200,95250,95300,95350,95400,95450,95500,95550,95600,95650,95700,95750,95800,95850,95900,95950,96000,96050,96100,96150,96200,96250,96300,96350,96400,96450,96500,96550,96600,96650,96700,96750,96800,96850,96900,96950,97000,97050,97100,97150,97200,97250,97300,97350,97400,97450,97500,97550,97600,97650,97700,97750,97800,97850,97900,97950,98000,98050,98100,98150,98200,98250,98300,98350,98400,98450,98500,98550,98600,98650,98700,98750,98800,98850,98900,98950,99000,99050,99100,99150,99200,99250,99300,99350,99400,99450,99500,99550,99600,99650,99700,99750,99800,99850,99900,99950,100000,100050,100100,100150,100200,100250,100300,100350,100400,100450,100500,100550,100600,100650,100700,100750,100800,100850,100900,100950,101000,101050,101100,101150,101200,101250,101300,101350,101400,101450,101500,101550,101600,101650,101700,101750,101800,101850,101900,101950,102000,102050,102100,102150,102200,102250,102300,102350,102400,102450,102500,102550,102600,102650,102700,102750,102800,102850,102900,102950,103000,103050,103100,103150,103200,103250,103300,103350,103400,103450,103500,103550,103600,103650,103700,103750,103800,103850,103900,103950,104000,104050,104100,104150,104200,104250,104300,104350,104400,104450,104500,104550,104600,104650,104700,104750,104800,104850,104900,104950,105000,105050,105100,105150,105200,105250,105300,105350,105400,105450,105500,105550,105600,105650,105700,105750,105800,105850,105900,105950,106000,106050,106100,106150,106200,106250,106300,106350,106400,106450,106500,106550,106600,106650,106700,106750,106800,106850,106900,106950,107000,107050,107100,107150,107200,107250,107300,107350,107400,107450,107500,107550,107600,107650,107700,107750,107800,107850,107900,107950,108000,108050,108100,108150,108200,108250,108300,108350,108400,108450,108500,108550,108600,108650,108700,108750,108800,108850,108900,108950,109000,109050,109100,109150,109200,109250,109300,109350,109400,109450,109500,109550,109600,109650,109700,109750,109800,109850,109900,109950,110000,110050,110100,110150,110200,110250,110300,110350,110400,110450,110500,110550,110600,110650,110700,110750,110800,110850,110900,110950,111000,111050,111100,111150,111200,111250,111300,111350,111400,111450,111500,111550,111600,111650,111700,111750,111800,111850,111900,111950,112000,112050,112100,112150,112200,112250,112300,112350,112400,112450,112500,112550,112600,112650,112700,112750,112800,112850,112900,112950,113000,113050,113100,113150,113200,113250,113300,113350,113400,113450,113500,113550,113600,113650,113700,113750,113800,113850,113900,113950,114000,114050,114100,114150,114200,114250,114300,114350,114400,114450,114500,114550,114600,114650,114700,114750,114800,114850,114900,114950,115000,115050,115100,115150,115200,115250,115300,115350,115400,115450,115500,115550,115600,115650,115700,115750,115800,115850,115900,115950,116000,116050,116100,116150,116200,116250,116300,116350,116400,116450,116500,116550,116600,116650,116700,116750,116800,116850,116900,116950,117000,117050,117100,117150,117200,117250,117300,117350,117400,117450,117500,117550,117600,117650,117700,117750,117800,117850,117900,117950,118000,118050,118100,118150,118200,118250,118300,118350,118400,118450,118500,118550,118600,118650,118700,118750,118800,118850,118900,118950,119000,119050,119100,119150,119200,119250,119300,119350,119400,119450,119500,119550,119600,119650,119700,119750,119800,119850,119900,119950,120000,120050,120100,120150,120200,120250,120300,120350,120400,120450,120500,120550,120600,120650,120700,120750,120800,120850,120900,120950,121000,121050,121100,121150,121200,121250,121300,121350,121400,121450,121500,121550,121600,121650,121700,121750,121800,121850,121900,121950,122000,122050,122100,122150,122200,122250,122300,122350,122400,122450,122500,122550,122600,122650,122700,122750,122800,122850,122900,122950,123000,123050,123100,123150,123200,123250,123300,123350,123400,123450,123500,123550,123600,123650,123700,123750,123800,123850,123900,123950,124000,124050,124100,124150,124200,124250,124300,124350,124400,124450,124500,124550,124600,124650,124700,124750,124800,124850,124900,124950,125000,125050,125100,125150,125200,125250,125300,125350,125400,125450,125500,125550,125600,125650,125700,125750,125800,125850,125900,125950,126000,126050,126100,126150,126200,126250,126300,126350,126400,126450,126500,126550,126600,126650,126700,126750,126800,126850,126900,126950,127000,127050,127100,127150,127200,127250,127300,127350,127400,127450,127500,127550,127600,127650,127700,127750,127800,127850,127900,127950,128000,128050,128100,128150,128200,128250,128300,128350,128400,128450,128500,128550,128600,128650,128700,128750,128800,128850,128900,128950,129000,129050,129100,129150,129200,129250,129300,129350,129400,129450,129500,129550,129600,129650,129700,129750,129800,129850,129900,129950,130000,130050,130100,130150,130200,130250,130300,130350,130400,130450,130500,130550,130600,130650,130700,130750,130800,130850,130900,130950,131000,131050,131100,131150,131200,131250,131300,131350,131400,131450,131500,131550,131600,131650,131700,131750,131800,131850,131900,131950,132000,132050,132100,132150,132200,132250,132300,132350,132400,132450,132500,132550,132600,132650,132700,132750,132800,132850,132900,132950,133000,133050,133100,133150,133200,133250,133300,133350,133400,133450,133500,133550,133600,133650,133700,133750,133800,133850,133900,133950,134000,134050,134100,134150,134200,134250,134300,134350,134400,134450,134500,134550,134600,134650,134700,134750,134800,134850,134900,134950,135000,135050,135100,135150,135200,135250,135300,135350,135400,135450,135500,135550,135600,135650,135700,135750,135800,135850,135900,135950,136000,136050,136100,136150,136200,136250,136300,136350,136400,136450,136500,136550,136600,136650,136700,136750,136800,136850,136900,136950,137000,137050,137100,137150,137200,137250,137300,137350,137400,137450,137500,137550,137600,137650,137700,137750,137800,137850,137900,137950,138000,138050,138100,138150,138200,138250,138300,138350,138400,138450,138500,138550,138600,138650,138700,138750,138800,138850,138900,138950,139000,139050,139100,139150,139200,139250,139300,139350,139400,139450,139500,139550,139600,139650,139700,139750,139800,139850,139900,139950,140000,140050,140100,140150,140200,140250,140300,140350,140400,140450,140500,140550,140600,140650,140700,140750,140800,140850,140900,140950,141000,141050,141100,141150,141200,141250,141300,141350,141400,141450,141500,141550,141600,141650,141700,141750,141800,141850,141900,141950,142000,142050,142100,142150,142200,142250,142300,142350,142400,142450,142500,142550,142600,142650,142700,142750,142800,142850,142900,142950,143000,143050,143100,143150,143200,143250,143300,143350,143400,143450,143500,143550,143600,143650,143700,143750,143800,143850,143900,143950,144000,144050,144100,144150,144200,144250,144300,144350,144400,144450,144500,144550,144600,144650,144700,144750,144800,144850,144900,144950,145000,145050,145100,145150,145200,145250,145300,145350,145400,145450,145500,145550,145600,145650,145700,145750,145800,145850,145900,145950,146000,146050,146100,146150,146200,146250,146300,146350,146400,146450,146500,146550,146600,146650,146700,146750,146800,146850,146900,146950,147000,147050,147100,147150,147200,147250,147300,147350,147400,147450,147500,147550,147600,147650,147700,147750,147800,147850,147900,147950,148000,148050,148100,148150,148200,148250,148300,148350,148400,148450,148500,148550,148600,148650,148700,148750,148800,148850,148900,148950,149000,149050,149100,149150,149200,149250,149300,149350,149400,149450,149500,149550,149600,149650,149700,149750,149800,149850,149900,149950,150000,150050,150100,150150,150200,150250,150300,150350,150400,150450,150500,150550,150600,150650,150700,150750,150800,150850,150900,150950,151000,151050,151100,151150,151200,151250,151300,151350,151400,151450,151500,151550,151600,151650,151700,151750,151800,151850,151900,151950,152000,152050,152100,152150,152200,152250,152300,152350,152400,152450,152500,152550,152600,152650,152700,152750,152800,152850,152900,152950,153000,153050,153100,153150,153200,153250,153300,153350,153400,153450,153500,153550,153600,153650,153700,153750,153800,153850,153900,153950,154000,154050,154100,154150,154200,154250,154300,154350,154400,154450,154500,154550,154600,154650,154700,154750,154800,154850,154900,154950,155000,155050,155100,155150,155200,155250,155300,155350,155400,155450,155500,155550,155600,155650,155700,155750,155800,155850,155900,155950,156000,156050,156100,156150,156200,156250,156300,156350,156400,156450,156500,156550,156600,156650,156700,156750,156800,156850,156900,156950,157000,157050,157100,157150,157200,157250,157300,157350,157400,157450,157500,157550,157600,157650,157700,157750,157800,157850,157900,157950,158000,158050,158100,158150,158200,158250,158300,158350,158400,158450,158500,158550,158600,158650,158700,158750,158800,158850,158900,158950,159000,159050,159100,159150,159200,159250,159300,159350,159400,159450,159500,159550,159600,159650,159700,159750,159800,159850,159900,159950,160000,160050,160100,160150,160200,160250,160300,160350,160400,160450,160500,160550,160600,160650,160700,160750,160800,160850,160900,160950,161000,161050,161100,161150,161200,161250,161300,161350,161400,161450,161500,161550,161600,161650,161700,161750,161800,161850,161900,161950,162000,162050,162100,162150,162200,162250,162300,162350,162400,162450,162500,162550,162600,162650,162700,162750,162800,162850,162900,162950,163000,163050,163100,163150,163200,163250,163300,163350,163400,163450,163500,163550,163600,163650,163700,163750,163800,163850,163900,163950,164000,164050,164100,164150,164200,164250,164300,164350,164400,164450,164500,164550,164600,164650,164700,164750,164800,164850,164900,164950,165000,165050,165100,165150,165200,165250,165300,165350,165400,165450,165500,165550,165600,165650,165700,165750,165800,165850,165900,165950,166000,166050,166100,166150,166200,166250,166300,166350,166400,166450,166500,166550,166600,166650,166700,166750,166800,166850,166900,166950,167000,167050,167100,167150,167200,167250,167300,167350,167400,167450,167500,167550,167600,167650,167700,167750,167800,167850,167900,167950,168000,168050,168100,168150,168200,168250,168300,168350,168400,168450,168500,168550,168600,168650,168700,168750,168800,168850,168900,168950,169000,169050,169100,169150,169200,169250,169300,169350,169400,169450,169500,169550,169600,169650,169700,169750,169800,169850,169900,169950,170000,170050,170100,170150,170200,170250,170300,170350,170400,170450,170500,170550,170600,170650,170700,170750,170800,170850,170900,170950,171000,171050,171100,171150,171200,171250,171300,171350,171400,171450,171500,171550,171600,171650,171700,171750,171800,171850,171900,171950,172000,172050,172100,172150,172200,172250,172300,172350,172400,172450,172500,172550,172600,172650,172700,172750,172800,172850,172900,172950,173000,173050,173100,173150,173200,173250,173300,173350,173400,173450,173500,173550,173600,173650,173700,173750,173800,173850,173900,173950,174000,174050,174100,174150,174200,174250,174300,174350,174400,174450,174500,174550,174600,174650,174700,174750,174800,174850,174900,174950,175000,175050,175100,175150,175200,175250,175300,175350,175400,175450,175500,175550,175600,175650,175700,175750,175800,175850,175900,175950,176000,176050,176100,176150,176200,176250,176300,176350,176400,176450,176500,176550,176600,176650,176700,176750,176800,176850,176900,176950,177000,177050,177100,177150,177200,177250,177300,177350,177400,177450,177500,177550,177600,177650,177700,177750,177800,177850,177900,177950,178000,178050,178100,178150,178200,178250,178300,178350,178400,178450,178500,178550,178600,178650,178700,178750,178800,178850,178900,178950,179000,179050,179100,179150,179200,179250,179300,179350,179400,179450,179500,179550,179600,179650,179700,179750,179800,179850,179900,179950,180000,180050,180100,180150,180200,180250,180300,180350,180400,180450,180500,180550,180600,180650,180700,180750,180800,180850,180900,180950,181000,181050,181100,181150,181200,181250,181300,181350,181400,181450,181500,181550,181600,181650,181700,181750,181800,181850,181900,181950,182000,182050,182100,182150,182200,182250,182300,182350,182400,182450,182500,182550,182600,182650,182700,182750,182800,182850,182900,182950,183000,183050,183100,183150,183200,183250,183300,183350,183400,183450,183500,183550,183600,183650,183700,183750,183800,183850,183900,183950,184000,184050,184100,184150,184200,184250,184300,184350,184400,184450,184500,184550,184600,184650,184700,184750,184800,184850,184900,184950,185000,185050,185100,185150,185200,185250,185300,185350,185400,185450,185500,185550,185600,185650,185700,185750,185800,185850,185900,185950,186000,186050,186100,186150,186200,186250,186300,186350,186400,186450,186500,186550,186600,186650,186700,186750,186800,186850,186900,186950,187000,187050,187100,187150,187200,187250,187300,187350,187400,187450,187500,187550,187600,187650,187700,187750,187800,187850,187900,187950,188000,188050,188100,188150,188200,188250,188300,188350,188400,188450,188500,188550,188600,188650,188700,188750,188800,188850,188900,188950,189000,189050,189100,189150,189200,189250,189300,189350,189400,189450,189500,189550,189600,189650,189700,189750,189800,189850,189900,189950,190000,190050,190100,190150,190200,190250,190300,190350,190400,190450,190500,190550,190600,190650,190700,190750,190800,190850,190900,190950,191000,191050,191100,191150,191200,191250,191300,191350,191400,191450,191500,191550,191600,191650,191700,191750,191800,191850,191900,191950,192000,192050,192100,192150,192200,192250,192300,192350,192400,192450,192500,192550,192600,192650,192700,192750,192800,192850,192900,192950,193000,193050,193100,193150,193200,193250,193300,193350,193400,193450,193500,193550,193600,193650,193700,193750,193800,193850,193900,193950,194000,194050,194100,194150,194200,194250,194300,194350,194400,194450,194500,194550,194600,194650,194700,194750,194800,194850,194900,194950,195000,195050,195100,195150,195200,195250,195300,195350,195400,195450,195500,195550,195600,195650,195700,195750,195800,195850,195900,195950,196000,196050,196100,196150,196200,196250,196300,196350,196400,196450,196500,196550,196600,196650,196700,196750,196800,196850,196900,196950,197000,197050,197100,197150,197200,197250,197300,197350,197400,197450,197500,197550,197600,197650,197700,197750,197800,197850,197900,197950,198000,198050,198100,198150,198200,198250,198300,198350,198400,198450,198500,198550,198600,198650,198700,198750,198800,198850,198900,198950,199000,199050,199100,199150,199200,199250,199300,199350,199400,199450,199500,199550,199600,199650,199700,199750,199800,199850,199900,199950,200000,200050,200100,200150,200200,200250,200300,200350,200400,200450,200500,200550,200600,200650,200700,200750,200800,200850,200900,200950,201000,201050,201100,201150,201200,201250,201300,201350,201400,201450,201500,201550,201600,201650,201700,201750,201800,201850,201900,201950,202000,202050,202100,202150,202200,202250,202300,202350,202400,202450,202500,202550,202600,202650,202700,202750,202800,202850,202900,202950,203000,203050,203100,203150,203200,203250,203300,203350,203400,203450,203500,203550,203600,203650,203700,203750,203800,203850,203900,203950,204000,204050,204100,204150,204200,204250,204300,204350,204400,204450,204500,204550,204600,204650,204700,204750,204800,204850,204900,204950,205000,205050,205100,205150,205200,205250,205300,205350,205400,205450,205500,205550,205600,205650,205700,205750,205800,205850,205900,205950,206000,206050,206100,206150,206200,206250,206300,206350,206400,206450,206500,206550,206600,206650,206700,206750,206800,206850,206900,206950,207000,207050,207100,207150,207200,207250,207300,207350,207400,207450,207500,207550,207600,207650,207700,207750,207800,207850,207900,207950,208000,208050,208100,208150,208200,208250,208300,208350,208400,208450,208500,208550,208600,208650,208700,208750,208800,208850,208900,208950,209000,209050,209100,209150,209200,209250,209300,209350,209400,209450,209500,209550,209600,209650,209700,209750,209800,209850,209900,209950,210000,210050,210100,210150,210200,210250,210300,210350,210400,210450,210500,210550,210600,210650,210700,210750,210800,210850,210900,210950,211000,211050,211100,211150,211200,211250,211300,211350,211400,211450,211500,211550,211600,211650,211700,211750,211800,211850,211900,211950,212000,212050,212100,212150,212200,212250,212300,212350,212400,212450,212500,212550,212600,212650,212700,212750,212800,212850,212900,212950,213000,213050,213100,213150,213200,213250,213300,213350,213400,213450,213500,213550,213600,213650,213700,213750,213800,213850,213900,213950,214000,214050,214100,214150,214200,214250,214300,214350,214400,214450,214500,214550,214600,214650,214700,214750,214800,214850,214900,214950,215000,215050,215100,215150,215200,215250,215300,215350,215400,215450,215500,215550,215600,215650,215700,215750,215800,215850,215900,215950,216000,216050,216100,216150,216200,216250,216300,216350,216400,216450,216500,216550,216600,216650,216700,216750,216800,216850,216900,216950,217000,217050,217100,217150,217200,217250,217300,217350,217400,217450,217500,217550,217600,217650,217700,217750,217800,217850,217900,217950,218000,218050,218100,218150,218200,218250,218300,218350,218400,218450,218500,218550,218600,218650,218700,218750,218800,218850,218900,218950,219000,219050,219100,219150,219200,219250,219300,219350,219400,219450,219500,219550,219600,219650,219700,219750,219800,219850,219900,219950,220000,220050,220100,220150,220200,220250,220300,220350,220400,220450,220500,220550,220600,220650,220700,220750,220800,220850,220900,220950,221000,221050,221100,221150,221200,221250,221300,221350,221400,221450,221500,221550,221600,221650,221700,221750,221800,221850,221900,221950,222000,222050,222100,222150,222200,222250,222300,222350,222400,222450,222500,222550,222600,222650,222700,222750,222800,222850,222900,222950,223000,223050,223100,223150,223200,223250,223300,223350,223400,223450,223500,223550,223600,223650,223700,223750,223800,223850,223900,223950,224000,224050,224100,224150,224200,224250,224300,224350,224400,224450,224500,224550,224600,224650,224700,224750,224800,224850,224900,224950,225000,225050,225100,225150,225200,225250,225300,225350,225400,225450,225500,225550,225600,225650,225700,225750,225800,225850,225900,225950,226000,226050,226100,226150,226200,226250,226300,226350,226400,226450,226500,226550,226600,226650,226700,226750,226800,226850,226900,226950,227000,227050,227100,227150,227200,227250,227300,227350,227400,227450,227500,227550,227600,227650,227700,227750,227800,227850,227900,227950,228000,228050,228100,228150,228200,228250,228300,228350,228400,228450,228500,228550,228600,228650,228700,228750,228800,228850,228900,228950,229000,229050,229100,229150,229200,229250,229300,229350,229400,229450,229500,229550,229600,229650,229700,229750,229800,229850,229900,229950,230000,230050,230100,230150,230200,230250,230300,230350,230400,230450,230500,230550,230600,230650,230700,230750,230800,230850,230900,230950,231000,231050,231100,231150,231200,231250,231300,231350,231400,231450,231500,231550,231600,231650,231700,231750,231800,231850,231900,231950,232000,232050,232100,232150,232200,232250,232300,232350,232400,232450,232500,232550,232600,232650,232700,232750,232800,232850,232900,232950,233000,233050,233100,233150,233200,233250,233300,233350,233400,233450,233500,233550,233600,233650,233700,233750,233800,233850,233900,233950,234000,234050,234100,234150,234200,234250,234300,234350,234400,234450,234500,234550,234600,234650,234700,234750,234800,234850,234900,234950,235000,235050,235100,235150,235200,235250,235300,235350,235400,235450,235500,235550,235600,235650,235700,235750,235800,235850,235900,235950,236000,236050,236100,236150,236200,236250,236300,236350,236400,236450,236500,236550,236600,236650,236700,236750,236800,236850,236900,236950,237000,237050,237100,237150,237200,237250,237300,237350,237400,237450,237500,237550,237600,237650,237700,237750,237800,237850,237900,237950,238000,238050,238100,238150,238200,238250,238300,238350,238400,238450,238500,238550,238600,238650,238700,238750,238800,238850,238900,238950,239000,239050,239100,239150,239200,239250,239300,239350,239400,239450,239500,239550,239600,239650,239700,239750,239800,239850,239900,239950,240000,240050,240100,240150,240200,240250,240300,240350,240400,240450,240500,240550,240600,240650,240700,240750,240800,240850,240900,240950,241000,241050,241100,241150,241200,241250,241300,241350,241400,241450,241500,241550,241600,241650,241700,241750,241800,241850,241900,241950,242000,242050,242100,242150,242200,242250,242300,242350,242400,242450,242500,242550,242600,242650,242700,242750,242800,242850,242900,242950,243000,243050,243100,243150,243200,243250,243300,243350,243400,243450,243500,243550,243600,243650,243700,243750,243800,243850,243900,243950,244000,244050,244100,244150,244200,244250,244300,244350,244400,244450,244500,244550,244600,244650,244700,244750,244800,244850,244900,244950,245000,245050,245100,245150,245200,245250,245300,245350,245400,245450,245500,245550,245600,245650,245700,245750,245800,245850,245900,245950,246000,246050,246100,246150,246200,246250,246300,246350,246400,246450,246500,246550,246600,246650,246700,246750,246800,246850,246900,246950,247000,247050,247100,247150,247200,247250,247300,247350,247400,247450,247500,247550,247600,247650,247700,247750,247800,247850,247900,247950,248000,248050,248100,248150,248200,248250,248300,248350,248400,248450,248500,248550,248600,248650,248700,248750,248800,248850,248900,248950,249000,249050,249100,249150,249200,249250,249300,249350,249400,249450,249500,249550,249600,249650,249700,249750,249800,249850,249900,249950,250000
n_training_steps_elapsed,25000,50000,75000,100000,125000,150000,175000,200000,225000,250000,275000,300000,325000,350000,375000,400000,425000,450000,475000,500000,525000,550000,575000,600000,625000,650000,675000,700000,725000,750000,775000,800000,825000,850000,875000,900000,925000,950000,975000,1000000,1025000,1050000,1075000,1100000,1125000,1150000,1175000,1200000,1225000,1250000,1275000,1300000,1325000,1350000,1375000,1400000,1425000,1450000,1475000,1500000,1525000,1550000,1575000,1600000,1625000,1650000,1675000,1700000,1725000,1750000,1775000,1800000,1825000,1850000,1875000,1900000,1925000,1950000,1975000,2000000,2025000,2050000,2075000,2100000,2125000,2150000,2175000,2200000,2225000,2250000,2275000,2300000,2325000,2350000,2375000,2400000,2425000,2450000,2475000,2500000,2525000,2550000,2575000,2600000,2625000,2650000,2675000,2700000,2725000,2750000,2775000,2800000,2825000,2850000,2875000,2900000,2925000,2950000,2975000,3000000,3025000,3050000,3075000,3100000,3125000,3150000,3175000,3200000,3225000,3250000,3275000,3300000,3325000,3350000,3375000,3400000,3425000,3450000,3475000,3500000,3525000,3550000,3575000,3600000,3625000,3650000,3675000,3700000,3725000,3750000,3775000,3800000,3825000,3850000,3875000,3900000,3925000,3950000,3975000,4000000,4025000,4050000,4075000,4100000,4125000,4150000,4175000,4200000,4225000,4250000,4275000,4300000,4325000,4350000,4375000,4400000,4425000,4450000,4475000,4500000,4525000,4550000,4575000,4600000,4625000,4650000,4675000,4700000,4725000,4750000,4775000,4800000,4825000,4850000,4875000,4900000,4925000,4950000,4975000,5000000,5025000,5050000,5075000,5100000,5125000,5150000,5175000,5200000,5225000,5250000,5275000,5300000,5325000,5350000,5375000,5400000,5425000,5450000,5475000,5500000,5525000,5550000,5575000,5600000,5625000,5650000,5675000,5700000,5725000,5750000,5775000,5800000,5825000,5850000,5875000,5900000,5925000,5950000,5975000,6000000,6025000,6050000,6075000,6100000,6125000,6150000,6175000,6200000,6225000,6250000,6275000,6300000,6325000,6350000,6375000,6400000,6425000,6450000,6475000,6500000,6525000,6550000,6575000,6600000,6625000,6650000,6675000,6700000,6725000,6750000,6775000,6800000,6825000,6850000,6875000,6900000,6925000,6950000,6975000,7000000,7025000,7050000,7075000,7100000,7125000,7150000,7175000,7200000,7225000,7250000,7275000,7300000,7325000,7350000,7375000,7400000,7425000,7450000,7475000,7500000,7525000,7550000,7575000,7600000,7625000,7650000,7675000,7700000,7725000,7750000,7775000,7800000,7825000,7850000,7875000,7900000,7925000,7950000,7975000,8000000,8025000,8050000,8075000,8100000,8125000,8150000,8175000,8200000,8225000,8250000,8275000,8300000,8325000,8350000,8375000,8400000,8425000,8450000,8475000,8500000,8525000,8550000,8575000,8600000,8625000,8650000,8675000,8700000,8725000,8750000,8775000,8800000,8825000,8850000,8875000,8900000,8925000,8950000,8975000,9000000,9025000,9050000,9075000,9100000,9125000,9150000,9175000,9200000,9225000,9250000,9275000,9300000,9325000,9350000,9375000,9400000,9425000,9450000,9475000,9500000,9525000,9550000,9575000,9600000,9625000,9650000,9675000,9700000,9725000,9750000,9775000,9800000,9825000,9850000,9875000,9900000,9925000,9950000,9975000,10000000,10025000,10050000,10075000,10100000,10125000,10150000,10175000,10200000,10225000,10250000,10275000,10300000,10325000,10350000,10375000,10400000,10425000,10450000,10475000,10500000,10525000,10550000,10575000,10600000,10625000,10650000,10675000,10700000,10725000,10750000,10775000,10800000,10825000,10850000,10875000,10900000,10925000,10950000,10975000,11000000,11025000,11050000,11075000,11100000,11125000,11150000,11175000,11200000,11225000,11250000,11275000,11300000,11325000,11350000,11375000,11400000,11425000,11450000,11475000,11500000,11525000,11550000,11575000,11600000,11625000,11650000,11675000,11700000,11725000,11750000,11775000,11800000,11825000,11850000,11875000,11900000,11925000,11950000,11975000,12000000,12025000,12050000,12075000,12100000,12125000,12150000,12175000,12200000,12225000,12250000,12275000,12300000,12325000,12350000,12375000,12400000,12425000,12450000,12475000,12500000,12525000,12550000,12575000,12600000,12625000,12650000,12675000,12700000,12725000,12750000,12775000,12800000,12825000,12850000,12875000,12900000,12925000,12950000,12975000,13000000,13025000,13050000,13075000,13100000,13125000,13150000,13175000,13200000,13225000,13250000,13275000,13300000,13325000,13350000,13375000,13400000,13425000,13450000,13475000,13500000,13525000,13550000,13575000,13600000,13625000,13650000,13675000,13700000,13725000,13750000,13775000,13800000,13825000,13850000,13875000,13900000,13925000,13950000,13975000,14000000,14025000,14050000,14075000,14100000,14125000,14150000,14175000,14200000,14225000,14250000,14275000,14300000,14325000,14350000,14375000,14400000,14425000,14450000,14475000,14500000,14525000,14550000,14575000,14600000,14625000,14650000,14675000,14700000,14725000,14750000,14775000,14800000,14825000,14850000,14875000,14900000,14925000,14950000,14975000,15000000,15025000,15050000,15075000,15100000,15125000,15150000,15175000,15200000,15225000,15250000,15275000,15300000,15325000,15350000,15375000,15400000,15425000,15450000,15475000,15500000,15525000,15550000,15575000,15600000,15625000,15650000,15675000,15700000,15725000,15750000,15775000,15800000,15825000,15850000,15875000,15900000,15925000,15950000,15975000,16000000,16025000,16050000,16075000,16100000,16125000,16150000,16175000,16200000,16225000,16250000,16275000,16300000,16325000,16350000,16375000,16400000,16425000,16450000,16475000,16500000,16525000,16550000,16575000,16600000,16625000,16650000,16675000,16700000,16725000,16750000,16775000,16800000,16825000,16850000,16875000,16900000,16925000,16950000,16975000,17000000,17025000,17050000,17075000,17100000,17125000,17150000,17175000,17200000,17225000,17250000,17275000,17300000,17325000,17350000,17375000,17400000,17425000,17450000,17475000,17500000,17525000,17550000,17575000,17600000,17625000,17650000,17675000,17700000,17725000,17750000,17775000,17800000,17825000,17850000,17875000,17900000,17925000,17950000,17975000,18000000,18025000,18050000,18075000,18100000,18125000,18150000,18175000,18200000,18225000,18250000,18275000,18300000,18325000,18350000,18375000,18400000,18425000,18450000,18475000,18500000,18525000,18550000,18575000,18600000,18625000,18650000,18675000,18700000,18725000,18750000,18775000,18800000,18825000,18850000,18875000,18900000,18925000,18950000,18975000,19000000,19025000,19050000,19075000,19100000,19125000,19150000,19175000,19200000,19225000,19250000,19275000,19300000,19325000,19350000,19375000,19400000,19425000,19450000,19475000,19500000,19525000,19550000,19575000,19600000,19625000,19650000,19675000,19700000,19725000,19750000,19775000,19800000,19825000,19850000,19875000,19900000,19925000,19950000,19975000,20000000,20025000,20050000,20075000,20100000,20125000,20150000,20175000,20200000,20225000,20250000,20275000,20300000,20325000,20350000,20375000,20400000,20425000,20450000,20475000,20500000,20525000,20550000,20575000,20600000,20625000,20650000,20675000,20700000,20725000,20750000,20775000,20800000,20825000,20850000,20875000,20900000,20925000,20950000,20975000,21000000,21025000,21050000,21075000,21100000,21125000,21150000,21175000,21200000,21225000,21250000,21275000,21300000,21325000,21350000,21375000,21400000,21425000,21450000,21475000,21500000,21525000,21550000,21575000,21600000,21625000,21650000,21675000,21700000,21725000,21750000,21775000,21800000,21825000,21850000,21875000,21900000,21925000,21950000,21975000,22000000,22025000,22050000,22075000,22100000,22125000,22150000,22175000,22200000,22225000,22250000,22275000,22300000,22325000,22350000,22375000,22400000,22425000,22450000,22475000,22500000,22525000,22550000,22575000,22600000,22625000,22650000,22675000,22700000,22725000,22750000,22775000,22800000,22825000,22850000,22875000,22900000,22925000,22950000,22975000,23000000,23025000,23050000,23075000,23100000,23125000,23150000,23175000,23200000,23225000,23250000,23275000,23300000,23325000,23350000,23375000,23400000,23425000,23450000,23475000,23500000,23525000,23550000,23575000,23600000,23625000,23650000,23675000,23700000,23725000,23750000,23775000,23800000,23825000,23850000,23875000,23900000,23925000,23950000,23975000,24000000,24025000,24050000,24075000,24100000,24125000,24150000,24175000,24200000,24225000,24250000,24275000,24300000,24325000,24350000,24375000,24400000,24425000,24450000,24475000,24500000,24525000,24550000,24575000,24600000,24625000,24650000,24675000,24700000,24725000,24750000,24775000,24800000,24825000,24850000,24875000,24900000,24925000,24950000,24975000,25000000,25025000,25050000,25075000,25100000,25125000,25150000,25175000,25200000,25225000,25250000,25275000,25300000,25325000,25350000,25375000,25400000,25425000,25450000,25475000,25500000,25525000,25550000,25575000,25600000,25625000,25650000,25675000,25700000,25725000,25750000,25775000,25800000,25825000,25850000,25875000,25900000,25925000,25950000,25975000,26000000,26025000,26050000,26075000,26100000,26125000,26150000,26175000,26200000,26225000,26250000,26275000,26300000,26325000,26350000,26375000,26400000,26425000,26450000,26475000,26500000,26525000,26550000,26575000,26600000,26625000,26650000,26675000,26700000,26725000,26750000,26775000,26800000,26825000,26850000,26875000,26900000,26925000,26950000,26975000,27000000,27025000,27050000,27075000,27100000,27125000,27150000,27175000,27200000,27225000,27250000,27275000,27300000,27325000,27350000,27375000,27400000,27425000,27450000,27475000,27500000,27525000,27550000,27575000,27600000,27625000,27650000,27675000,27700000,27725000,27750000,27775000,27800000,27825000,27850000,27875000,27900000,27925000,27950000,27975000,28000000,28025000,28050000,28075000,28100000,28125000,28150000,28175000,28200000,28225000,28250000,28275000,28300000,28325000,28350000,28375000,28400000,28425000,28450000,28475000,28500000,28525000,28550000,28575000,28600000,28625000,28650000,28675000,28700000,28725000,28750000,28775000,28800000,28825000,28850000,28875000,28900000,28925000,28950000,28975000,29000000,29025000,29050000,29075000,29100000,29125000,29150000,29175000,29200000,29225000,29250000,29275000,29300000,29325000,29350000,29375000,29400000,29425000,29450000,29475000,29500000,29525000,29550000,29575000,29600000,29625000,29650000,29675000,29700000,29725000,29750000,29775000,29800000,29825000,29850000,29875000,29900000,29925000,29950000,29975000,30000000,30025000,30050000,30075000,30100000,30125000,30150000,30175000,30200000,30225000,30250000,30275000,30300000,30325000,30350000,30375000,30400000,30425000,30450000,30475000,30500000,30525000,30550000,30575000,30600000,30625000,30650000,30675000,30700000,30725000,30750000,30775000,30800000,30825000,30850000,30875000,30900000,30925000,30950000,30975000,31000000,31025000,31050000,31075000,31100000,31125000,31150000,31175000,31200000,31225000,31250000,31275000,31300000,31325000,31350000,31375000,31400000,31425000,31450000,31475000,31500000,31525000,31550000,31575000,31600000,31625000,31650000,31675000,31700000,31725000,31750000,31775000,31800000,31825000,31850000,31875000,31900000,31925000,31950000,31975000,32000000,32025000,32050000,32075000,32100000,32125000,32150000,32175000,32200000,32225000,32250000,32275000,32300000,32325000,32350000,32375000,32400000,32425000,32450000,32475000,32500000,32525000,32550000,32575000,32600000,32625000,32650000,32675000,32700000,32725000,32750000,32775000,32800000,32825000,32850000,32875000,32900000,32925000,32950000,32975000,33000000,33025000,33050000,33075000,33100000,33125000,33150000,33175000,33200000,33225000,33250000,33275000,33300000,33325000,33350000,33375000,33400000,33425000,33450000,33475000,33500000,33525000,33550000,33575000,33600000,33625000,33650000,33675000,33700000,33725000,33750000,33775000,33800000,33825000,33850000,33875000,33900000,33925000,33950000,33975000,34000000,34025000,34050000,34075000,34100000,34125000,34150000,34175000,34200000,34225000,34250000,34275000,34300000,34325000,34350000,34375000,34400000,34425000,34450000,34475000,34500000,34525000,34550000,34575000,34600000,34625000,34650000,34675000,34700000,34725000,34750000,34775000,34800000,34825000,34850000,34875000,34900000,34925000,34950000,34975000,35000000,35025000,35050000,35075000,35100000,35125000,35150000,35175000,35200000,35225000,35250000,35275000,35300000,35325000,35350000,35375000,35400000,35425000,35450000,35475000,35500000,35525000,35550000,35575000,35600000,35625000,35650000,35675000,35700000,35725000,35750000,35775000,35800000,35825000,35850000,35875000,35900000,35925000,35950000,35975000,36000000,36025000,36050000,36075000,36100000,36125000,36150000,36175000,36200000,36225000,36250000,36275000,36300000,36325000,36350000,36375000,36400000,36425000,36450000,36475000,36500000,36525000,36550000,36575000,36600000,36625000,36650000,36675000,36700000,36725000,36750000,36775000,36800000,36825000,36850000,36875000,36900000,36925000,36950000,36975000,37000000,37025000,37050000,37075000,37100000,37125000,37150000,37175000,37200000,37225000,37250000,37275000,37300000,37325000,37350000,37375000,37400000,37425000,37450000,37475000,37500000,37525000,37550000,37575000,37600000,37625000,37650000,37675000,37700000,37725000,37750000,37775000,37800000,37825000,37850000,37875000,37900000,37925000,37950000,37975000,38000000,38025000,38050000,38075000,38100000,38125000,38150000,38175000,38200000,38225000,38250000,38275000,38300000,38325000,38350000,38375000,38400000,38425000,38450000,38475000,38500000,38525000,38550000,38575000,38600000,38625000,38650000,38675000,38700000,38725000,38750000,38775000,38800000,38825000,38850000,38875000,38900000,38925000,38950000,38975000,39000000,39025000,39050000,39075000,39100000,39125000,39150000,39175000,39200000,39225000,39250000,39275000,39300000,39325000,39350000,39375000,39400000,39425000,39450000,39475000,39500000,39525000,39550000,39575000,39600000,39625000,39650000,39675000,39700000,39725000,39750000,39775000,39800000,39825000,39850000,39875000,39900000,39925000,39950000,39975000,40000000,40025000,40050000,40075000,40100000,40125000,40150000,40175000,40200000,40225000,40250000,40275000,40300000,40325000,40350000,40375000,40400000,40425000,40450000,40475000,40500000,40525000,40550000,40575000,40600000,40625000,40650000,40675000,40700000,40725000,40750000,40775000,40800000,40825000,40850000,40875000,40900000,40925000,40950000,40975000,41000000,41025000,41050000,41075000,41100000,41125000,41150000,41175000,41200000,41225000,41250000,41275000,41300000,41325000,41350000,41375000,41400000,41425000,41450000,41475000,41500000,41525000,41550000,41575000,41600000,41625000,41650000,41675000,41700000,41725000,41750000,41775000,41800000,41825000,41850000,41875000,41900000,41925000,41950000,41975000,42000000,42025000,42050000,42075000,42100000,42125000,42150000,42175000,42200000,42225000,42250000,42275000,42300000,42325000,42350000,42375000,42400000,42425000,42450000,42475000,42500000,42525000,42550000,42575000,42600000,42625000,42650000,42675000,42700000,42725000,42750000,42775000,42800000,42825000,42850000,42875000,42900000,42925000,42950000,42975000,43000000,43025000,43050000,43075000,43100000,43125000,43150000,43175000,43200000,43225000,43250000,43275000,43300000,43325000,43350000,43375000,43400000,43425000,43450000,43475000,43500000,43525000,43550000,43575000,43600000,43625000,43650000,43675000,43700000,43725000,43750000,43775000,43800000,43825000,43850000,43875000,43900000,43925000,43950000,43975000,44000000,44025000,44050000,44075000,44100000,44125000,44150000,44175000,44200000,44225000,44250000,44275000,44300000,44325000,44350000,44375000,44400000,44425000,44450000,44475000,44500000,44525000,44550000,44575000,44600000,44625000,44650000,44675000,44700000,44725000,44750000,44775000,44800000,44825000,44850000,44875000,44900000,44925000,44950000,44975000,45000000,45025000,45050000,45075000,45100000,45125000,45150000,45175000,45200000,45225000,45250000,45275000,45300000,45325000,45350000,45375000,45400000,45425000,45450000,45475000,45500000,45525000,45550000,45575000,45600000,45625000,45650000,45675000,45700000,45725000,45750000,45775000,45800000,45825000,45850000,45875000,45900000,45925000,45950000,45975000,46000000,46025000,46050000,46075000,46100000,46125000,46150000,46175000,46200000,46225000,46250000,46275000,46300000,46325000,46350000,46375000,46400000,46425000,46450000,46475000,46500000,46525000,46550000,46575000,46600000,46625000,46650000,46675000,46700000,46725000,46750000,46775000,46800000,46825000,46850000,46875000,46900000,46925000,46950000,46975000,47000000,47025000,47050000,47075000,47100000,47125000,47150000,47175000,47200000,47225000,47250000,47275000,47300000,47325000,47350000,47375000,47400000,47425000,47450000,47475000,47500000,47525000,47550000,47575000,47600000,47625000,47650000,47675000,47700000,47725000,47750000,47775000,47800000,47825000,47850000,47875000,47900000,47925000,47950000,47975000,48000000,48025000,48050000,48075000,48100000,48125000,48150000,48175000,48200000,48225000,48250000,48275000,48300000,48325000,48350000,48375000,48400000,48425000,48450000,48475000,48500000,48525000,48550000,48575000,48600000,48625000,48650000,48675000,48700000,48725000,48750000,48775000,48800000,48825000,48850000,48875000,48900000,48925000,48950000,48975000,49000000,49025000,49050000,49075000,49100000,49125000,49150000,49175000,49200000,49225000,49250000,49275000,49300000,49325000,49350000,49375000,49400000,49425000,49450000,49475000,49500000,49525000,49550000,49575000,49600000,49625000,49650000,49675000,49700000,49725000,49750000,49775000,49800000,49825000,49850000,49875000,49900000,49925000,49950000,49975000,50000000,50025000,50050000,50075000,50100000,50125000,50150000,50175000,50200000,50225000,50250000,50275000,50300000,50325000,50350000,50375000,50400000,50425000,50450000,50475000,50500000,50525000,50550000,50575000,50600000,50625000,50650000,50675000,50700000,50725000,50750000,50775000,50800000,50825000,50850000,50875000,50900000,50925000,50950000,50975000,51000000,51025000,51050000,51075000,51100000,51125000,51150000,51175000,51200000,51225000,51250000,51275000,51300000,51325000,51350000,51375000,51400000,51425000,51450000,51475000,51500000,51525000,51550000,51575000,51600000,51625000,51650000,51675000,51700000,51725000,51750000,51775000,51800000,51825000,51850000,51875000,51900000,51925000,51950000,51975000,52000000,52025000,52050000,52075000,52100000,52125000,52150000,52175000,52200000,52225000,52250000,52275000,52300000,52325000,52350000,52375000,52400000,52425000,52450000,52475000,52500000,52525000,52550000,52575000,52600000,52625000,52650000,52675000,52700000,52725000,52750000,52775000,52800000,52825000,52850000,52875000,52900000,52925000,52950000,52975000,53000000,53025000,53050000,53075000,53100000,53125000,53150000,53175000,53200000,53225000,53250000,53275000,53300000,53325000,53350000,53375000,53400000,53425000,53450000,53475000,53500000,53525000,53550000,53575000,53600000,53625000,53650000,53675000,53700000,53725000,53750000,53775000,53800000,53825000,53850000,53875000,53900000,53925000,53950000,53975000,54000000,54025000,54050000,54075000,54100000,54125000,54150000,54175000,54200000,54225000,54250000,54275000,54300000,54325000,54350000,54375000,54400000,54425000,54450000,54475000,54500000,54525000,54550000,54575000,54600000,54625000,54650000,54675000,54700000,54725000,54750000,54775000,54800000,54825000,54850000,54875000,54900000,54925000,54950000,54975000,55000000,55025000,55050000,55075000,55100000,55125000,55150000,55175000,55200000,55225000,55250000,55275000,55300000,55325000,55350000,55375000,55400000,55425000,55450000,55475000,55500000,55525000,55550000,55575000,55600000,55625000,55650000,55675000,55700000,55725000,55750000,55775000,55800000,55825000,55850000,55875000,55900000,55925000,55950000,55975000,56000000,56025000,56050000,56075000,56100000,56125000,56150000,56175000,56200000,56225000,56250000,56275000,56300000,56325000,56350000,56375000,56400000,56425000,56450000,56475000,56500000,56525000,56550000,56575000,56600000,56625000,56650000,56675000,56700000,56725000,56750000,56775000,56800000,56825000,56850000,56875000,56900000,56925000,56950000,56975000,57000000,57025000,57050000,57075000,57100000,57125000,57150000,57175000,57200000,57225000,57250000,57275000,57300000,57325000,57350000,57375000,57400000,57425000,57450000,57475000,57500000,57525000,57550000,57575000,57600000,57625000,57650000,57675000,57700000,57725000,57750000,57775000,57800000,57825000,57850000,57875000,57900000,57925000,57950000,57975000,58000000,58025000,58050000,58075000,58100000,58125000,58150000,58175000,58200000,58225000,58250000,58275000,58300000,58325000,58350000,58375000,58400000,58425000,58450000,58475000,58500000,58525000,58550000,58575000,58600000,58625000,58650000,58675000,58700000,58725000,58750000,58775000,58800000,58825000,58850000,58875000,58900000,58925000,58950000,58975000,59000000,59025000,59050000,59075000,59100000,59125000,59150000,59175000,59200000,59225000,59250000,59275000,59300000,59325000,59350000,59375000,59400000,59425000,59450000,59475000,59500000,59525000,59550000,59575000,59600000,59625000,59650000,59675000,59700000,59725000,59750000,59775000,59800000,59825000,59850000,59875000,59900000,59925000,59950000,59975000,60000000,60025000,60050000,60075000,60100000,60125000,60150000,60175000,60200000,60225000,60250000,60275000,60300000,60325000,60350000,60375000,60400000,60425000,60450000,60475000,60500000,60525000,60550000,60575000,60600000,60625000,60650000,60675000,60700000,60725000,60750000,60775000,60800000,60825000,60850000,60875000,60900000,60925000,60950000,60975000,61000000,61025000,61050000,61075000,61100000,61125000,61150000,61175000,61200000,61225000,61250000,61275000,61300000,61325000,61350000,61375000,61400000,61425000,61450000,61475000,61500000,61525000,61550000,61575000,61600000,61625000,61650000,61675000,61700000,61725000,61750000,61775000,61800000,61825000,61850000,61875000,61900000,61925000,61950000,61975000,62000000,62025000,62050000,62075000,62100000,62125000,62150000,62175000,62200000,62225000,62250000,62275000,62300000,62325000,62350000,62375000,62400000,62425000,62450000,62475000,62500000,62525000,62550000,62575000,62600000,62625000,62650000,62675000,62700000,62725000,62750000,62775000,62800000,62825000,62850000,62875000,62900000,62925000,62950000,62975000,63000000,63025000,63050000,63075000,63100000,63125000,63150000,63175000,63200000,63225000,63250000,63275000,63300000,63325000,63350000,63375000,63400000,63425000,63450000,63475000,63500000,63525000,63550000,63575000,63600000,63625000,63650000,63675000,63700000,63725000,63750000,63775000,63800000,63825000,63850000,63875000,63900000,63925000,63950000,63975000,64000000,64025000,64050000,64075000,64100000,64125000,64150000,64175000,64200000,64225000,64250000,64275000,64300000,64325000,64350000,64375000,64400000,64425000,64450000,64475000,64500000,64525000,64550000,64575000,64600000,64625000,64650000,64675000,64700000,64725000,64750000,64775000,64800000,64825000,64850000,64875000,64900000,64925000,64950000,64975000,65000000,65025000,65050000,65075000,65100000,65125000,65150000,65175000,65200000,65225000,65250000,65275000,65300000,65325000,65350000,65375000,65400000,65425000,65450000,65475000,65500000,65525000,65550000,65575000,65600000,65625000,65650000,65675000,65700000,65725000,65750000,65775000,65800000,65825000,65850000,65875000,65900000,65925000,65950000,65975000,66000000,66025000,66050000,66075000,66100000,66125000,66150000,66175000,66200000,66225000,66250000,66275000,66300000,66325000,66350000,66375000,66400000,66425000,66450000,66475000,66500000,66525000,66550000,66575000,66600000,66625000,66650000,66675000,66700000,66725000,66750000,66775000,66800000,66825000,66850000,66875000,66900000,66925000,66950000,66975000,67000000,67025000,67050000,67075000,67100000,67125000,67150000,67175000,67200000,67225000,67250000,67275000,67300000,67325000,67350000,67375000,67400000,67425000,67450000,67475000,67500000,67525000,67550000,67575000,67600000,67625000,67650000,67675000,67700000,67725000,67750000,67775000,67800000,67825000,67850000,67875000,67900000,67925000,67950000,67975000,68000000,68025000,68050000,68075000,68100000,68125000,68150000,68175000,68200000,68225000,68250000,68275000,68300000,68325000,68350000,68375000,68400000,68425000,68450000,68475000,68500000,68525000,68550000,68575000,68600000,68625000,68650000,68675000,68700000,68725000,68750000,68775000,68800000,68825000,68850000,68875000,68900000,68925000,68950000,68975000,69000000,69025000,69050000,69075000,69100000,69125000,69150000,69175000,69200000,69225000,69250000,69275000,69300000,69325000,69350000,69375000,69400000,69425000,69450000,69475000,69500000,69525000,69550000,69575000,69600000,69625000,69650000,69675000,69700000,69725000,69750000,69775000,69800000,69825000,69850000,69875000,69900000,69925000,69950000,69975000,70000000,70025000,70050000,70075000,70100000,70125000,70150000,70175000,70200000,70225000,70250000,70275000,70300000,70325000,70350000,70375000,70400000,70425000,70450000,70475000,70500000,70525000,70550000,70575000,70600000,70625000,70650000,70675000,70700000,70725000,70750000,70775000,70800000,70825000,70850000,70875000,70900000,70925000,70950000,70975000,71000000,71025000,71050000,71075000,71100000,71125000,71150000,71175000,71200000,71225000,71250000,71275000,71300000,71325000,71350000,71375000,71400000,71425000,71450000,71475000,71500000,71525000,71550000,71575000,71600000,71625000,71650000,71675000,71700000,71725000,71750000,71775000,71800000,71825000,71850000,71875000,71900000,71925000,71950000,71975000,72000000,72025000,72050000,72075000,72100000,72125000,72150000,72175000,72200000,72225000,72250000,72275000,72300000,72325000,72350000,72375000,72400000,72425000,72450000,72475000,72500000,72525000,72550000,72575000,72600000,72625000,72650000,72675000,72700000,72725000,72750000,72775000,72800000,72825000,72850000,72875000,72900000,72925000,72950000,72975000,73000000,73025000,73050000,73075000,73100000,73125000,73150000,73175000,73200000,73225000,73250000,73275000,73300000,73325000,73350000,73375000,73400000,73425000,73450000,73475000,73500000,73525000,73550000,73575000,73600000,73625000,73650000,73675000,73700000,73725000,73750000,73775000,73800000,73825000,73850000,73875000,73900000,73925000,73950000,73975000,74000000,74025000,74050000,74075000,74100000,74125000,74150000,74175000,74200000,74225000,74250000,74275000,74300000,74325000,74350000,74375000,74400000,74425000,74450000,74475000,74500000,74525000,74550000,74575000,74600000,74625000,74650000,74675000,74700000,74725000,74750000,74775000,74800000,74825000,74850000,74875000,74900000,74925000,74950000,74975000,75000000,75025000,75050000,75075000,75100000,75125000,75150000,75175000,75200000,75225000,75250000,75275000,75300000,75325000,75350000,75375000,75400000,75425000,75450000,75475000,75500000,75525000,75550000,75575000,75600000,75625000,75650000,75675000,75700000,75725000,75750000,75775000,75800000,75825000,75850000,75875000,75900000,75925000,75950000,75975000,76000000,76025000,76050000,76075000,76100000,76125000,76150000,76175000,76200000,76225000,76250000,76275000,76300000,76325000,76350000,76375000,76400000,76425000,76450000,76475000,76500000,76525000,76550000,76575000,76600000,76625000,76650000,76675000,76700000,76725000,76750000,76775000,76800000,76825000,76850000,76875000,76900000,76925000,76950000,76975000,77000000,77025000,77050000,77075000,77100000,77125000,77150000,77175000,77200000,77225000,77250000,77275000,77300000,77325000,77350000,77375000,77400000,77425000,77450000,77475000,77500000,77525000,77550000,77575000,77600000,77625000,77650000,77675000,77700000,77725000,77750000,77775000,77800000,77825000,77850000,77875000,77900000,77925000,77950000,77975000,78000000,78025000,78050000,78075000,78100000,78125000,78150000,78175000,78200000,78225000,78250000,78275000,78300000,78325000,78350000,78375000,78400000,78425000,78450000,78475000,78500000,78525000,78550000,78575000,78600000,78625000,78650000,78675000,78700000,78725000,78750000,78775000,78800000,78825000,78850000,78875000,78900000,78925000,78950000,78975000,79000000,79025000,79050000,79075000,79100000,79125000,79150000,79175000,79200000,79225000,79250000,79275000,79300000,79325000,79350000,79375000,79400000,79425000,79450000,79475000,79500000,79525000,79550000,79575000,79600000,79625000,79650000,79675000,79700000,79725000,79750000,79775000,79800000,79825000,79850000,79875000,79900000,79925000,79950000,79975000,80000000,80025000,80050000,80075000,80100000,80125000,80150000,80175000,80200000,80225000,80250000,80275000,80300000,80325000,80350000,80375000,80400000,80425000,80450000,80475000,80500000,80525000,80550000,80575000,80600000,80625000,80650000,80675000,80700000,80725000,80750000,80775000,80800000,80825000,80850000,80875000,80900000,80925000,80950000,80975000,81000000,81025000,81050000,81075000,81100000,81125000,81150000,81175000,81200000,81225000,81250000,81275000,81300000,81325000,81350000,81375000,81400000,81425000,81450000,81475000,81500000,81525000,81550000,81575000,81600000,81625000,81650000,81675000,81700000,81725000,81750000,81775000,81800000,81825000,81850000,81875000,81900000,81925000,81950000,81975000,82000000,82025000,82050000,82075000,82100000,82125000,82150000,82175000,82200000,82225000,82250000,82275000,82300000,82325000,82350000,82375000,82400000,82425000,82450000,82475000,82500000,82525000,82550000,82575000,82600000,82625000,82650000,82675000,82700000,82725000,82750000,82775000,82800000,82825000,82850000,82875000,82900000,82925000,82950000,82975000,83000000,83025000,83050000,83075000,83100000,83125000,83150000,83175000,83200000,83225000,83250000,83275000,83300000,83325000,83350000,83375000,83400000,83425000,83450000,83475000,83500000,83525000,83550000,83575000,83600000,83625000,83650000,83675000,83700000,83725000,83750000,83775000,83800000,83825000,83850000,83875000,83900000,83925000,83950000,83975000,84000000,84025000,84050000,84075000,84100000,84125000,84150000,84175000,84200000,84225000,84250000,84275000,84300000,84325000,84350000,84375000,84400000,84425000,84450000,84475000,84500000,84525000,84550000,84575000,84600000,84625000,84650000,84675000,84700000,84725000,84750000,84775000,84800000,84825000,84850000,84875000,84900000,84925000,84950000,84975000,85000000,85025000,85050000,85075000,85100000,85125000,85150000,85175000,85200000,85225000,85250000,85275000,85300000,85325000,85350000,85375000,85400000,85425000,85450000,85475000,85500000,85525000,85550000,85575000,85600000,85625000,85650000,85675000,85700000,85725000,85750000,85775000,85800000,85825000,85850000,85875000,85900000,85925000,85950000,85975000,86000000,86025000,86050000,86075000,86100000,86125000,86150000,86175000,86200000,86225000,86250000,86275000,86300000,86325000,86350000,86375000,86400000,86425000,86450000,86475000,86500000,86525000,86550000,86575000,86600000,86625000,86650000,86675000,86700000,86725000,86750000,86775000,86800000,86825000,86850000,86875000,86900000,86925000,86950000,86975000,87000000,87025000,87050000,87075000,87100000,87125000,87150000,87175000,87200000,87225000,87250000,87275000,87300000,87325000,87350000,87375000,87400000,87425000,87450000,87475000,87500000,87525000,87550000,87575000,87600000,87625000,87650000,87675000,87700000,87725000,87750000,87775000,87800000,87825000,87850000,87875000,87900000,87925000,87950000,87975000,88000000,88025000,88050000,88075000,88100000,88125000,88150000,88175000,88200000,88225000,88250000,88275000,88300000,88325000,88350000,88375000,88400000,88425000,88450000,88475000,88500000,88525000,88550000,88575000,88600000,88625000,88650000,88675000,88700000,88725000,88750000,88775000,88800000,88825000,88850000,88875000,88900000,88925000,88950000,88975000,89000000,89025000,89050000,89075000,89100000,89125000,89150000,89175000,89200000,89225000,89250000,89275000,89300000,89325000,89350000,89375000,89400000,89425000,89450000,89475000,89500000,89525000,89550000,89575000,89600000,89625000,89650000,89675000,89700000,89725000,89750000,89775000,89800000,89825000,89850000,89875000,89900000,89925000,89950000,89975000,90000000,90025000,90050000,90075000,90100000,90125000,90150000,90175000,90200000,90225000,90250000,90275000,90300000,90325000,90350000,90375000,90400000,90425000,90450000,90475000,90500000,90525000,90550000,90575000,90600000,90625000,90650000,90675000,90700000,90725000,90750000,90775000,90800000,90825000,90850000,90875000,90900000,90925000,90950000,90975000,91000000,91025000,91050000,91075000,91100000,91125000,91150000,91175000,91200000,91225000,91250000,91275000,91300000,91325000,91350000,91375000,91400000,91425000,91450000,91475000,91500000,91525000,91550000,91575000,91600000,91625000,91650000,91675000,91700000,91725000,91750000,91775000,91800000,91825000,91850000,91875000,91900000,91925000,91950000,91975000,92000000,92025000,92050000,92075000,92100000,92125000,92150000,92175000,92200000,92225000,92250000,92275000,92300000,92325000,92350000,92375000,92400000,92425000,92450000,92475000,92500000,92525000,92550000,92575000,92600000,92625000,92650000,92675000,92700000,92725000,92750000,92775000,92800000,92825000,92850000,92875000,92900000,92925000,92950000,92975000,93000000,93025000,93050000,93075000,93100000,93125000,93150000,93175000,93200000,93225000,93250000,93275000,93300000,93325000,93350000,93375000,93400000,93425000,93450000,93475000,93500000,93525000,93550000,93575000,93600000,93625000,93650000,93675000,93700000,93725000,93750000,93775000,93800000,93825000,93850000,93875000,93900000,93925000,93950000,93975000,94000000,94025000,94050000,94075000,94100000,94125000,94150000,94175000,94200000,94225000,94250000,94275000,94300000,94325000,94350000,94375000,94400000,94425000,94450000,94475000,94500000,94525000,94550000,94575000,94600000,94625000,94650000,94675000,94700000,94725000,94750000,94775000,94800000,94825000,94850000,94875000,94900000,94925000,94950000,94975000,95000000,95025000,95050000,95075000,95100000,95125000,95150000,95175000,95200000,95225000,95250000,95275000,95300000,95325000,95350000,95375000,95400000,95425000,95450000,95475000,95500000,95525000,95550000,95575000,95600000,95625000,95650000,95675000,95700000,95725000,95750000,95775000,95800000,95825000,95850000,95875000,95900000,95925000,95950000,95975000,96000000,96025000,96050000,96075000,96100000,96125000,96150000,96175000,96200000,96225000,96250000,96275000,96300000,96325000,96350000,96375000,96400000,96425000,96450000,96475000,96500000,96525000,96550000,96575000,96600000,96625000,96650000,96675000,96700000,96725000,96750000,96775000,96800000,96825000,96850000,96875000,96900000,96925000,96950000,96975000,97000000,97025000,97050000,97075000,97100000,97125000,97150000,97175000,97200000,97225000,97250000,97275000,97300000,97325000,97350000,97375000,97400000,97425000,97450000,97475000,97500000,97525000,97550000,97575000,97600000,97625000,97650000,97675000,97700000,97725000,97750000,97775000,97800000,97825000,97850000,97875000,97900000,97925000,97950000,97975000,98000000,98025000,98050000,98075000,98100000,98125000,98150000,98175000,98200000,98225000,98250000,98275000,98300000,98325000,98350000,98375000,98400000,98425000,98450000,98475000,98500000,98525000,98550000,98575000,98600000,98625000,98650000,98675000,98700000,98725000,98750000,98775000,98800000,98825000,98850000,98875000,98900000,98925000,98950000,98975000,99000000,99025000,99050000,99075000,99100000,99125000,99150000,99175000,99200000,99225000,99250000,99275000,99300000,99325000,99350000,99375000,99400000,99425000,99450000,99475000,99500000,99525000,99550000,99575000,99600000,99625000,99650000,99675000,99700000,99725000,99750000,99775000,99800000,99825000,99850000,99875000,99900000,99925000,99950000,99975000,100000000,100025000,100050000,100075000,100100000,100125000,100150000,100175000,100200000,100225000,100250000,100275000,100300000,100325000,100350000,100375000,100400000,100425000,100450000,100475000,100500000,100525000,100550000,100575000,100600000,100625000,100650000,100675000,100700000,100725000,100750000,100775000,100800000,100825000,100850000,100875000,100900000,100925000,100950000,100975000,101000000,101025000,101050000,101075000,101100000,101125000,101150000,101175000,101200000,101225000,101250000,101275000,101300000,101325000,101350000,101375000,101400000,101425000,101450000,101475000,101500000,101525000,101550000,101575000,101600000,101625000,101650000,101675000,101700000,101725000,101750000,101775000,101800000,101825000,101850000,101875000,101900000,101925000,101950000,101975000,102000000,102025000,102050000,102075000,102100000,102125000,102150000,102175000,102200000,102225000,102250000,102275000,102300000,102325000,102350000,102375000,102400000,102425000,102450000,102475000,102500000,102525000,102550000,102575000,102600000,102625000,102650000,102675000,102700000,102725000,102750000,102775000,102800000,102825000,102850000,102875000,102900000,102925000,102950000,102975000,103000000,103025000,103050000,103075000,103100000,103125000,103150000,103175000,103200000,103225000,103250000,103275000,103300000,103325000,103350000,103375000,103400000,103425000,103450000,103475000,103500000,103525000,103550000,103575000,103600000,103625000,103650000,103675000,103700000,103725000,103750000,103775000,103800000,103825000,103850000,103875000,103900000,103925000,103950000,103975000,104000000,104025000,104050000,104075000,104100000,104125000,104150000,104175000,104200000,104225000,104250000,104275000,104300000,104325000,104350000,104375000,104400000,104425000,104450000,104475000,104500000,104525000,104550000,104575000,104600000,104625000,104650000,104675000,104700000,104725000,104750000,104775000,104800000,104825000,104850000,104875000,104900000,104925000,104950000,104975000,105000000,105025000,105050000,105075000,105100000,105125000,105150000,105175000,105200000,105225000,105250000,105275000,105300000,105325000,105350000,105375000,105400000,105425000,105450000,105475000,105500000,105525000,105550000,105575000,105600000,105625000,105650000,105675000,105700000,105725000,105750000,105775000,105800000,105825000,105850000,105875000,105900000,105925000,105950000,105975000,106000000,106025000,106050000,106075000,106100000,106125000,106150000,106175000,106200000,106225000,106250000,106275000,106300000,106325000,106350000,106375000,106400000,106425000,106450000,106475000,106500000,106525000,106550000,106575000,106600000,106625000,106650000,106675000,106700000,106725000,106750000,106775000,106800000,106825000,106850000,106875000,106900000,106925000,106950000,106975000,107000000,107025000,107050000,107075000,107100000,107125000,107150000,107175000,107200000,107225000,107250000,107275000,107300000,107325000,107350000,107375000,107400000,107425000,107450000,107475000,107500000,107525000,107550000,107575000,107600000,107625000,107650000,107675000,107700000,107725000,107750000,107775000,107800000,107825000,107850000,107875000,107900000,107925000,107950000,107975000,108000000,108025000,108050000,108075000,108100000,108125000,108150000,108175000,108200000,108225000,108250000,108275000,108300000,108325000,108350000,108375000,108400000,108425000,108450000,108475000,108500000,108525000,108550000,108575000,108600000,108625000,108650000,108675000,108700000,108725000,108750000,108775000,108800000,108825000,108850000,108875000,108900000,108925000,108950000,108975000,109000000,109025000,109050000,109075000,109100000,109125000,109150000,109175000,109200000,109225000,109250000,109275000,109300000,109325000,109350000,109375000,109400000,109425000,109450000,109475000,109500000,109525000,109550000,109575000,109600000,109625000,109650000,109675000,109700000,109725000,109750000,109775000,109800000,109825000,109850000,109875000,109900000,109925000,109950000,109975000,110000000,110025000,110050000,110075000,110100000,110125000,110150000,110175000,110200000,110225000,110250000,110275000,110300000,110325000,110350000,110375000,110400000,110425000,110450000,110475000,110500000,110525000,110550000,110575000,110600000,110625000,110650000,110675000,110700000,110725000,110750000,110775000,110800000,110825000,110850000,110875000,110900000,110925000,110950000,110975000,111000000,111025000,111050000,111075000,111100000,111125000,111150000,111175000,111200000,111225000,111250000,111275000,111300000,111325000,111350000,111375000,111400000,111425000,111450000,111475000,111500000,111525000,111550000,111575000,111600000,111625000,111650000,111675000,111700000,111725000,111750000,111775000,111800000,111825000,111850000,111875000,111900000,111925000,111950000,111975000,112000000,112025000,112050000,112075000,112100000,112125000,112150000,112175000,112200000,112225000,112250000,112275000,112300000,112325000,112350000,112375000,112400000,112425000,112450000,112475000,112500000,112525000,112550000,112575000,112600000,112625000,112650000,112675000,112700000,112725000,112750000,112775000,112800000,112825000,112850000,112875000,112900000,112925000,112950000,112975000,113000000,113025000,113050000,113075000,113100000,113125000,113150000,113175000,113200000,113225000,113250000,113275000,113300000,113325000,113350000,113375000,113400000,113425000,113450000,113475000,113500000,113525000,113550000,113575000,113600000,113625000,113650000,113675000,113700000,113725000,113750000,113775000,113800000,113825000,113850000,113875000,113900000,113925000,113950000,113975000,114000000,114025000,114050000,114075000,114100000,114125000,114150000,114175000,114200000,114225000,114250000,114275000,114300000,114325000,114350000,114375000,114400000,114425000,114450000,114475000,114500000,114525000,114550000,114575000,114600000,114625000,114650000,114675000,114700000,114725000,114750000,114775000,114800000,114825000,114850000,114875000,114900000,114925000,114950000,114975000,115000000,115025000,115050000,115075000,115100000,115125000,115150000,115175000,115200000,115225000,115250000,115275000,115300000,115325000,115350000,115375000,115400000,115425000,115450000,115475000,115500000,115525000,115550000,115575000,115600000,115625000,115650000,115675000,115700000,115725000,115750000,115775000,115800000,115825000,115850000,115875000,115900000,115925000,115950000,115975000,116000000,116025000,116050000,116075000,116100000,116125000,116150000,116175000,116200000,116225000,116250000,116275000,116300000,116325000,116350000,116375000,116400000,116425000,116450000,116475000,116500000,116525000,116550000,116575000,116600000,116625000,116650000,116675000,116700000,116725000,116750000,116775000,116800000,116825000,116850000,116875000,116900000,116925000,116950000,116975000,117000000,117025000,117050000,117075000,117100000,117125000,117150000,117175000,117200000,117225000,117250000,117275000,117300000,117325000,117350000,117375000,117400000,117425000,117450000,117475000,117500000,117525000,117550000,117575000,117600000,117625000,117650000,117675000,117700000,117725000,117750000,117775000,117800000,117825000,117850000,117875000,117900000,117925000,117950000,117975000,118000000,118025000,118050000,118075000,118100000,118125000,118150000,118175000,118200000,118225000,118250000,118275000,118300000,118325000,118350000,118375000,118400000,118425000,118450000,118475000,118500000,118525000,118550000,118575000,118600000,118625000,118650000,118675000,118700000,118725000,118750000,118775000,118800000,118825000,118850000,118875000,118900000,118925000,118950000,118975000,119000000,119025000,119050000,119075000,119100000,119125000,119150000,119175000,119200000,119225000,119250000,119275000,119300000,119325000,119350000,119375000,119400000,119425000,119450000,119475000,119500000,119525000,119550000,119575000,119600000,119625000,119650000,119675000,119700000,119725000,119750000,119775000,119800000,119825000,119850000,119875000,119900000,119925000,119950000,119975000,120000000,120025000,120050000,120075000,120100000,120125000,120150000,120175000,120200000,120225000,120250000,120275000,120300000,120325000,120350000,120375000,120400000,120425000,120450000,120475000,120500000,120525000,120550000,120575000,120600000,120625000,120650000,120675000,120700000,120725000,120750000,120775000,120800000,120825000,120850000,120875000,120900000,120925000,120950000,120975000,121000000,121025000,121050000,121075000,121100000,121125000,121150000,121175000,121200000,121225000,121250000,121275000,121300000,121325000,121350000,121375000,121400000,121425000,121450000,121475000,121500000,121525000,121550000,121575000,121600000,121625000,121650000,121675000,121700000,121725000,121750000,121775000,121800000,121825000,121850000,121875000,121900000,121925000,121950000,121975000,122000000,122025000,122050000,122075000,122100000,122125000,122150000,122175000,122200000,122225000,122250000,122275000,122300000,122325000,122350000,122375000,122400000,122425000,122450000,122475000,122500000,122525000,122550000,122575000,122600000,122625000,122650000,122675000,122700000,122725000,122750000,122775000,122800000,122825000,122850000,122875000,122900000,122925000,122950000,122975000,123000000,123025000,123050000,123075000,123100000,123125000,123150000,123175000,123200000,123225000,123250000,123275000,123300000,123325000,123350000,123375000,123400000,123425000,123450000,123475000,123500000,123525000,123550000,123575000,123600000,123625000,123650000,123675000,123700000,123725000,123750000,123775000,123800000,123825000,123850000,123875000,123900000,123925000,123950000,123975000,124000000,124025000,124050000,124075000,124100000,124125000,124150000,124175000,124200000,124225000,124250000,124275000,124300000,124325000,124350000,124375000,124400000,124425000,124450000,124475000,124500000,124525000,124550000,124575000,124600000,124625000,124650000,124675000,124700000,124725000,124750000,124775000,124800000,124825000,124850000,124875000,124900000,124925000,124950000,124975000,125000000
max_expected_returns,840.2777777777832,840.2777777777832,840.2777777777832,840.2777777777832,840.2777777777832,840.2777777777832,840.2777777777832,840.2777777777832,840.2777777777832,840.2777777777832,840.2777777777832,840.2777777777832,840.2777777777832,840.2777777777832,840.2777777777832,840.2777777777832,840.2777777777832,840.2777777777832,840.2777777777832,840.2777777777832,840.2777777777832,840.2777777777832,840.2777777777832,840.2777777777832,840.2777777777832,840.2777777777832,840.2777777777832,840.2777777777832,840.2777777777832,840.2777777777832,840.2777777777832,840.2777777777832,840.2777777777832,840.2777777777832,840.2777777777832,840.2777777777832,840.2777777777832,840.2777777777832,840.2777777777832,840.2777777777832,840.2777777777832,840.2777777777832,840.2777777777832,840.2777777777832,840.2777777777832,840.2777777777832,840.2777777777832,840.2777777777832,840.2777777777832,840.2777777777832,840.2777777777832,840.2777777777832,840.2777777777832,840.2777777777832,840.2777777777832,840.2777777777832,840.2777777777832,840.2777777777832,840.2777777777832,840.2777777777832,840.2777777777832,840.2777777777832,840.2777777777832,840.2777777777832,840.2777777777832,840.2777777777832,840.2777777777832,840.2777777777832,840.2777777777832,840.2777777777832,840.2777777777832,840.2777777777832,840.2777777777832,840.2777777777832,840.2777777777832,840.2777777777832,840.2777777777832,840.2777777777832,840.2777777777832,840.2777777777832,840.2777777777832,840.2777777777832,840.2777777777832,840.2777777777832,840.2777777777832,840.2777777777832,840.2777777777832,840.2777777777832,840.2777777777832,840.2777777777832,840.2777777777832,840.2777777777832,840.2777777777832,840.2777777777832,840.2777777777832,840.2777777777832,840.2777777777832,840.2777777777832,840.2777777777832,840.2777777777832,840.2777777777832,840.2777777777832,840.2777777777832,840.2777777777832,840.2777777777832,840.2777777777832,840.2777777777832,840.2777777777832,840.2777777777832,840.2777777777832,840.2777777777832,840.2777777777832,840.2777777777832,840.2777777777832,840.2777777777832,840.2777777777832,840.2777777777832,840.2777777777832,840.2777777777832,840.2777777777832,840.2777777777832,840.2777777777832,840.2777777777832,840.2777777777832,840.2777777777832,840.2777777777832,840.2777777777832,840.2777777777832,840.2777777777832,840.2777777777832,840.2777777777832,840.2777777777832,840.2777777777832,840.2777777777832,840.2777777777832,840.2777777777832,840.2777777777832,840.2777777777832,840.2777777777832,840.2777777777832,840.2777777777832,840.2777777777832,840.2777777777832,840.2777777777832,840.2777777777832,840.2777777777832,840.2777777777832,840.2777777777832,840.2777777777832,840.2777777777832,840.2777777777832,840.2777777777832,840.2777777777832,840.2777777777832,840.2777777777832,840.2777777777832,840.2777777777832,840.2777777777832,840.2777777777832,840.2777777777832,840.2777777777832,840.2777777777832,840.2777777777832,840.2777777777832,840.2777777777832,840.2777777777832,840.2777777777832,840.2777777777832,840.2777777777832,840.2777777777832,840.2777777777832,840.2777777777832,840.2777777777832,840.2777777777832,840.2777777777832,840.2777777777832,840.2777777777832,840.2777777777832,840.2777777777832,840.2777777777832,840.2777777777832,840.2777777777832,840.2777777777832,840.2777777777832,840.2777777777832,840.2777777777832,840.2777777777832,840.2777777777832,840.2777777777832,840.2777777777832,840.2777777777832,840.2777777777832,840.2777777777832,840.2777777777832,840.2777777777832,840.2777777777832,840.2777777777832,840.2777777777832,840.2777777777832,840.2777777777832,840.2777777777832,840.2777777777832,840.2777777777832,840.2777777777832,840.2777777777832,840.2777777777832,840.2777777777832,840.2777777777832,840.2777777777832,840.2777777777832,840.2777777777832,840.2777777777832,840.2777777777832,840.2777777777832,840.2777777777832,840.2777777777832,840.2777777777832,840.2777777777832,840.2777777777832,840.2777777777832,840.2777777777832,840.2777777777832,840.2777777777832,840.2777777777832,840.2777777777832,840.2777777777832,840.2777777777832,840.2777777777832,840.2777777777832,840.2777777777832,840.2777777777832,840.2777777777832,840.2777777777832,840.2777777777832,840.2777777777832,840.2777777777832,840.2777777777832,840.2777777777832,840.2777777777832,840.2777777777832,840.2777777777832,840.2777777777832,840.2777777777832,840.2777777777832,840.2777777777832,840.2777777777832,840.2777777777832,840.2777777777832,840.2777777777832,840.2777777777832,840.2777777777832,840.2777777777832,840.2777777777832,840.2777777777832,840.2777777777832,840.2777777777832,840.2777777777832,840.2777777777832,840.2777777777832,840.2777777777832,840.2777777777832,840.2777777777832,840.2777777777832,840.2777777777832,840.2777777777832,840.2777777777832,840.2777777777832,840.2777777777832,840.2777777777832,840.2777777777832,840.2777777777832,840.2777777777832,840.2777777777832,840.2777777777832,840.2777777777832,840.2777777777832,840.2777777777832,840.2777777777832,840.2777777777832,840.2777777777832,840.2777777777832,840.2777777777832,840.2777777777832,840.2777777777832,840.2777777777832,840.2777777777832,840.2777777777832,840.2777777777832,840.2777777777832,840.2777777777832,840.2777777777832,840.2777777777832,840.2777777777832,840.2777777777832,840.2777777777832,840.2777777777832,840.2777777777832,840.2777777777832,840.2777777777832,840.2777777777832,840.2777777777832,840.2777777777832,840.2777777777832,840.2777777777832,840.2777777777832,840.2777777777832,840.2777777777832,840.2777777777832,840.2777777777832,840.2777777777832,840.2777777777832,840.2777777777832,840.2777777777832,840.2777777777832,840.2777777777832,840.2777777777832,840.2777777777832,840.2777777777832,840.2777777777832,840.2777777777832,840.2777777777832,840.2777777777832,840.2777777777832,840.2777777777832,840.2777777777832,840.2777777777832,840.2777777777832,840.2777777777832,840.2777777777832,840.2777777777832,840.2777777777832,840.2777777777832,840.2777777777832,840.2777777777832,840.2777777777832,840.2777777777832,840.2777777777832,840.2777777777832,840.2777777777832,840.2777777777832,840.2777777777832,840.2777777777832,840.2777777777832,840.2777777777832,840.2777777777832,840.2777777777832,840.2777777777832,840.2777777777832,840.2777777777832,840.2777777777832,840.2777777777832,840.2777777777832,840.2777777777832,840.2777777777832,840.2777777777832,840.2777777777832,840.2777777777832,840.2777777777832,840.2777777777832,840.2777777777832,840.2777777777832,840.2777777777832,840.2777777777832,840.2777777777832,840.2777777777832,840.2777777777832,840.2777777777832,840.2777777777832,840.2777777777832,840.2777777777832,840.2777777777832,840.2777777777832,840.2777777777832,840.2777777777832,840.2777777777832,840.2777777777832,840.2777777777832,840.2777777777832,840.2777777777832,840.2777777777832,840.2777777777832,840.2777777777832,840.2777777777832,840.2777777777832,840.2777777777832,840.2777777777832,840.2777777777832,840.2777777777832,840.2777777777832,840.2777777777832,840.2777777777832,840.2777777777832,840.2777777777832,840.2777777777832,840.2777777777832,840.2777777777832,840.2777777777832,840.2777777777832,840.2777777777832,840.2777777777832,840.2777777777832,840.2777777777832,840.2777777777832,840.2777777777832,840.2777777777832,840.2777777777832,840.2777777777832,840.2777777777832,840.2777777777832,840.2777777777832,840.2777777777832,840.2777777777832,840.2777777777832,840.2777777777832,840.2777777777832,840.2777777777832,840.2777777777832,840.2777777777832,840.2777777777832,840.2777777777832,840.2777777777832,840.2777777777832,840.2777777777832,840.2777777777832,840.2777777777832,840.2777777777832,840.2777777777832,840.2777777777832,840.2777777777832,840.2777777777832,840.2777777777832,840.2777777777832,840.2777777777832,840.2777777777832,840.2777777777832,840.2777777777832,840.2777777777832,840.2777777777832,840.2777777777832,840.2777777777832,840.2777777777832,840.2777777777832,840.2777777777832,840.2777777777832,840.2777777777832,840.2777777777832,840.2777777777832,840.2777777777832,840.2777777777832,840.2777777777832,840.2777777777832,840.2777777777832,840.2777777777832,840.2777777777832,840.2777777777832,840.2777777777832,840.2777777777832,840.2777777777832,840.2777777777832,840.2777777777832,840.2777777777832,840.2777777777832,840.2777777777832,840.2777777777832,840.2777777777832,840.2777777777832,840.2777777777832,840.2777777777832,840.2777777777832,840.2777777777832,840.2777777777832,840.2777777777832,840.2777777777832,840.2777777777832,840.2777777777832,840.2777777777832,840.2777777777832,840.2777777777832,840.2777777777832,840.2777777777832,840.2777777777832,840.2777777777832,840.2777777777832,840.2777777777832,840.2777777777832,840.2777777777832,840.2777777777832,840.2777777777832,840.2777777777832,840.2777777777832,840.2777777777832,840.2777777777832,840.2777777777832,840.2777777777832,840.2777777777832,840.2777777777832,840.2777777777832,840.2777777777832,840.2777777777832,840.2777777777832,840.2777777777832,840.2777777777832,840.2777777777832,840.2777777777832,840.2777777777832,840.2777777777832,840.2777777777832,840.2777777777832,840.2777777777832,840.2777777777832,840.2777777777832,840.2777777777832,840.2777777777832,840.2777777777832,840.2777777777832,840.2777777777832,840.2777777777832,840.2777777777832,840.2777777777832,840.2777777777832,840.2777777777832,840.2777777777832,840.2777777777832,840.2777777777832,840.2777777777832,840.2777777777832,840.2777777777832,840.2777777777832,840.2777777777832,840.2777777777832,840.2777777777832,840.2777777777832,840.2777777777832,840.2777777777832,840.2777777777832,840.2777777777832,840.2777777777832,840.2777777777832,840.2777777777832,840.2777777777832,840.2777777777832,840.2777777777832,840.2777777777832,840.2777777777832,840.2777777777832,840.2777777777832,840.2777777777832,840.2777777777832,840.2777777777832,840.2777777777832,840.2777777777832,840.2777777777832,840.2777777777832,840.2777777777832,840.2777777777832,840.2777777777832,840.2777777777832,840.2777777777832,840.2777777777832,840.2777777777832,840.2777777777832,840.2777777777832,840.2777777777832,840.2777777777832,840.2777777777832,840.2777777777832,840.2777777777832,840.2777777777832,840.2777777777832,840.2777777777832,840.2777777777832,840.2777777777832,840.2777777777832,840.2777777777832,840.2777777777832,840.2777777777832,840.2777777777832,840.2777777777832,840.2777777777832,840.2777777777832,840.2777777777832,840.2777777777832,840.2777777777832,840.2777777777832,840.2777777777832,840.2777777777832,840.2777777777832,840.2777777777832,840.2777777777832,840.2777777777832,840.2777777777832,840.2777777777832,840.2777777777832,840.2777777777832,840.2777777777832,840.2777777777832,840.2777777777832,840.2777777777832,840.2777777777832,840.2777777777832,840.2777777777832,840.2777777777832,840.2777777777832,840.2777777777832,840.2777777777832,840.2777777777832,840.2777777777832,840.2777777777832,840.2777777777832,840.2777777777832,840.2777777777832,840.2777777777832,840.2777777777832,840.2777777777832,840.2777777777832,840.2777777777832,840.2777777777832,840.2777777777832,840.2777777777832,840.2777777777832,840.2777777777832,840.2777777777832,840.2777777777832,840.2777777777832,840.2777777777832,840.2777777777832,840.2777777777832,840.2777777777832,840.2777777777832,840.2777777777832,840.2777777777832,840.2777777777832,840.2777777777832,840.2777777777832,840.2777777777832,840.2777777777832,840.2777777777832,840.2777777777832,840.2777777777832,840.2777777777832,840.2777777777832,840.2777777777832,840.2777777777832,840.2777777777832,840.2777777777832,840.2777777777832,840.2777777777832,840.2777777777832,840.2777777777832,840.2777777777832,840.2777777777832,840.2777777777832,840.2777777777832,840.2777777777832,840.2777777777832,840.2777777777832,840.2777777777832,840.2777777777832,840.2777777777832,840.2777777777832,840.2777777777832,840.2777777777832,840.2777777777832,840.2777777777832,840.2777777777832,840.2777777777832,840.2777777777832,840.2777777777832,840.2777777777832,840.2777777777832,840.2777777777832,840.2777777777832,840.2777777777832,840.2777777777832,840.2777777777832,840.2777777777832,840.2777777777832,840.2777777777832,840.2777777777832,840.2777777777832,840.2777777777832,840.2777777777832,840.2777777777832,840.2777777777832,840.2777777777832,840.2777777777832,840.2777777777832,840.2777777777832,840.2777777777832,840.2777777777832,840.2777777777832,840.2777777777832,840.2777777777832,840.2777777777832,840.2777777777832,840.2777777777832,840.2777777777832,840.2777777777832,840.2777777777832,840.2777777777832,840.2777777777832,840.2777777777832,840.2777777777832,840.2777777777832,840.2777777777832,840.2777777777832,840.2777777777832,840.2777777777832,840.2777777777832,840.2777777777832,840.2777777777832,840.2777777777832,840.2777777777832,840.2777777777832,840.2777777777832,840.2777777777832,840.2777777777832,840.2777777777832,840.2777777777832,840.2777777777832,840.2777777777832,840.2777777777832,840.2777777777832,840.2777777777832,840.2777777777832,840.2777777777832,840.2777777777832,840.2777777777832,840.2777777777832,840.2777777777832,840.2777777777832,840.2777777777832,840.2777777777832,840.2777777777832,840.2777777777832,840.2777777777832,840.2777777777832,840.2777777777832,840.2777777777832,840.2777777777832,840.2777777777832,840.2777777777832,840.2777777777832,840.2777777777832,840.2777777777832,840.2777777777832,840.2777777777832,840.2777777777832,840.2777777777832,840.2777777777832,840.2777777777832,840.2777777777832,840.2777777777832,840.2777777777832,840.2777777777832,840.2777777777832,840.2777777777832,840.2777777777832,840.2777777777832,840.2777777777832,840.2777777777832,840.2777777777832,840.2777777777832,840.2777777777832,840.2777777777832,840.2777777777832,840.2777777777832,840.2777777777832,840.2777777777832,840.2777777777832,840.2777777777832,840.2777777777832,840.2777777777832,840.2777777777832,840.2777777777832,840.2777777777832,840.2777777777832,840.2777777777832,840.2777777777832,840.2777777777832,840.2777777777832,840.2777777777832,840.2777777777832,840.2777777777832,840.2777777777832,840.2777777777832,840.2777777777832,840.2777777777832,840.2777777777832,840.2777777777832,840.2777777777832,840.2777777777832,840.2777777777832,840.2777777777832,840.2777777777832,840.2777777777832,840.2777777777832,840.2777777777832,840.2777777777832,840.2777777777832,840.2777777777832,840.2777777777832,840.2777777777832,840.2777777777832,840.2777777777832,840.2777777777832,840.2777777777832,840.2777777777832,840.2777777777832,840.2777777777832,840.2777777777832,840.2777777777832,840.2777777777832,840.2777777777832,840.2777777777832,840.2777777777832,840.2777777777832,840.2777777777832,840.2777777777832,840.2777777777832,840.2777777777832,840.2777777777832,840.2777777777832,840.2777777777832,840.2777777777832,840.2777777777832,840.2777777777832,840.2777777777832,840.2777777777832,840.2777777777832,840.2777777777832,840.2777777777832,840.2777777777832,840.2777777777832,840.2777777777832,840.2777777777832,840.2777777777832,840.2777777777832,840.2777777777832,840.2777777777832,840.2777777777832,840.2777777777832,840.2777777777832,840.2777777777832,840.2777777777832,840.2777777777832,840.2777777777832,840.2777777777832,840.2777777777832,840.2777777777832,840.2777777777832,840.2777777777832,840.2777777777832,840.2777777777832,840.2777777777832,840.2777777777832,840.2777777777832,840.2777777777832,840.2777777777832,840.2777777777832,840.2777777777832,840.2777777777832,840.2777777777832,840.2777777777832,840.2777777777832,840.2777777777832,840.2777777777832,840.2777777777832,840.2777777777832,840.2777777777832,840.2777777777832,840.2777777777832,840.2777777777832,840.2777777777832,840.2777777777832,840.2777777777832,840.2777777777832,840.2777777777832,840.2777777777832,840.2777777777832,840.2777777777832,840.2777777777832,840.2777777777832,840.2777777777832,840.2777777777832,840.2777777777832,840.2777777777832,840.2777777777832,840.2777777777832,840.2777777777832,840.2777777777832,840.2777777777832,840.2777777777832,840.2777777777832,840.2777777777832,840.2777777777832,840.2777777777832,840.2777777777832,840.2777777777832,840.2777777777832,840.2777777777832,840.2777777777832,840.2777777777832,840.2777777777832,840.2777777777832,840.2777777777832,840.2777777777832,840.2777777777832,840.2777777777832,840.2777777777832,840.2777777777832,840.2777777777832,840.2777777777832,840.2777777777832,840.2777777777832,840.2777777777832,840.2777777777832,840.2777777777832,840.2777777777832,840.2777777777832,840.2777777777832,840.2777777777832,840.2777777777832,840.2777777777832,840.2777777777832,840.2777777777832,840.2777777777832,840.2777777777832,840.2777777777832,840.2777777777832,840.2777777777832,840.2777777777832,840.2777777777832,840.2777777777832,840.2777777777832,840.2777777777832,840.2777777777832,840.2777777777832,840.2777777777832,840.2777777777832,840.2777777777832,840.2777777777832,840.2777777777832,840.2777777777832,840.2777777777832,840.2777777777832,840.2777777777832,840.2777777777832,840.2777777777832,840.2777777777832,840.2777777777832,840.2777777777832,840.2777777777832,840.2777777777832,840.2777777777832,840.2777777777832,840.2777777777832,840.2777777777832,840.2777777777832,840.2777777777832,840.2777777777832,840.2777777777832,840.2777777777832,840.2777777777832,840.2777777777832,840.2777777777832,840.2777777777832,840.2777777777832,840.2777777777832,840.2777777777832,840.2777777777832,840.2777777777832,840.2777777777832,840.2777777777832,840.2777777777832,840.2777777777832,840.2777777777832,840.2777777777832,840.2777777777832,840.2777777777832,840.2777777777832,840.2777777777832,840.2777777777832,840.2777777777832,840.2777777777832,840.2777777777832,840.2777777777832,840.2777777777832,840.2777777777832,840.2777777777832,840.2777777777832,840.2777777777832,840.2777777777832,840.2777777777832,840.2777777777832,840.2777777777832,840.2777777777832,840.2777777777832,840.2777777777832,840.2777777777832,840.2777777777832,840.2777777777832,840.2777777777832,840.2777777777832,840.2777777777832,840.2777777777832,840.2777777777832,840.2777777777832,840.2777777777832,840.2777777777832,840.2777777777832,840.2777777777832,840.2777777777832,840.2777777777832,840.2777777777832,840.2777777777832,840.2777777777832,840.2777777777832,840.2777777777832,840.2777777777832,840.2777777777832,840.2777777777832,840.2777777777832,840.2777777777832,840.2777777777832,840.2777777777832,840.2777777777832,840.2777777777832,840.2777777777832,840.2777777777832,840.2777777777832,840.2777777777832,840.2777777777832,840.2777777777832,840.2777777777832,840.2777777777832,840.2777777777832,840.2777777777832,840.2777777777832,840.2777777777832,840.2777777777832,840.2777777777832,840.2777777777832,840.2777777777832,840.2777777777832,840.2777777777832,840.2777777777832,840.2777777777832,840.2777777777832,840.2777777777832,840.2777777777832,840.2777777777832,840.2777777777832,840.2777777777832,840.2777777777832,840.2777777777832,840.2777777777832,840.2777777777832,840.2777777777832,840.2777777777832,840.2777777777832,840.2777777777832,840.2777777777832,840.2777777777832,840.2777777777832,840.2777777777832,840.2777777777832,840.2777777777832,840.2777777777832,840.2777777777832,840.2777777777832,840.2777777777832,840.2777777777832,840.2777777777832,840.2777777777832,840.2777777777832,840.2777777777832,840.2777777777832,840.2777777777832,840.2777777777832,840.2777777777832,840.2777777777832,840.2777777777832,840.2777777777832,840.2777777777832,840.2777777777832,840.2777777777832,840.2777777777832,840.2777777777832,840.2777777777832,840.2777777777832,840.2777777777832,840.2777777777832,840.2777777777832,840.2777777777832,840.2777777777832,840.2777777777832,840.2777777777832,840.2777777777832,840.2777777777832,840.2777777777832,840.2777777777832,840.2777777777832,840.2777777777832,840.2777777777832,840.2777777777832,840.2777777777832,840.2777777777832,840.2777777777832,840.2777777777832,840.2777777777832,840.2777777777832,840.2777777777832,840.2777777777832,840.2777777777832,840.2777777777832,840.2777777777832,840.2777777777832,840.2777777777832,840.2777777777832,840.2777777777832,840.2777777777832,840.2777777777832,840.2777777777832,840.2777777777832,840.2777777777832,840.2777777777832,840.2777777777832,840.2777777777832,840.2777777777832,840.2777777777832,840.2777777777832,840.2777777777832,840.2777777777832,840.2777777777832,840.2777777777832,840.2777777777832,840.2777777777832,840.2777777777832,840.2777777777832,840.2777777777832,840.2777777777832,840.2777777777832,840.2777777777832,840.2777777777832,840.2777777777832,840.2777777777832,840.2777777777832,840.2777777777832,840.2777777777832,840.2777777777832,840.2777777777832,840.2777777777832,840.2777777777832,840.2777777777832,840.2777777777832,840.2777777777832,840.2777777777832,840.2777777777832,840.2777777777832,840.2777777777832,840.2777777777832,840.2777777777832,840.2777777777832,840.2777777777832,840.2777777777832,840.2777777777832,840.2777777777832,840.2777777777832,840.2777777777832,840.2777777777832,840.2777777777832,840.2777777777832,840.2777777777832,840.2777777777832,840.2777777777832,840.2777777777832,840.2777777777832,840.2777777777832,840.2777777777832,840.2777777777832,840.2777777777832,840.2777777777832,840.2777777777832,840.2777777777832,840.2777777777832,840.2777777777832,840.2777777777832,840.2777777777832,840.2777777777832,840.2777777777832,840.2777777777832,840.2777777777832,840.2777777777832,840.2777777777832,840.2777777777832,840.2777777777832,840.2777777777832,840.2777777777832,840.2777777777832,840.2777777777832,840.2777777777832,840.2777777777832,840.2777777777832,840.2777777777832,840.2777777777832,840.2777777777832,840.2777777777832,840.2777777777832,840.2777777777832,840.2777777777832,840.2777777777832,840.2777777777832,840.2777777777832,840.2777777777832,840.2777777777832,840.2777777777832,840.2777777777832,840.2777777777832,840.2777777777832,840.2777777777832,840.2777777777832,840.2777777777832,840.2777777777832,840.2777777777832,840.2777777777832,840.2777777777832,840.2777777777832,840.2777777777832,840.2777777777832,840.2777777777832,840.2777777777832,840.2777777777832,840.2777777777832,840.2777777777832,840.2777777777832,840.2777777777832,840.2777777777832,840.2777777777832,840.2777777777832,840.2777777777832,840.2777777777832,840.2777777777832,840.2777777777832,840.2777777777832,840.2777777777832,840.2777777777832,840.2777777777832,840.2777777777832,840.2777777777832,840.2777777777832,840.2777777777832,840.2777777777832,840.2777777777832,840.2777777777832,840.2777777777832,840.2777777777832,840.2777777777832,840.2777777777832,840.2777777777832,840.2777777777832,840.2777777777832,840.2777777777832,840.2777777777832,840.2777777777832,840.2777777777832,840.2777777777832,840.2777777777832,840.2777777777832,840.2777777777832,840.2777777777832,840.2777777777832,840.2777777777832,840.2777777777832,840.2777777777832,840.2777777777832,840.2777777777832,840.2777777777832,840.2777777777832,840.2777777777832,840.2777777777832,840.2777777777832,840.2777777777832,840.2777777777832,840.2777777777832,840.2777777777832,840.2777777777832,840.2777777777832,840.2777777777832,840.2777777777832,840.2777777777832,840.2777777777832,840.2777777777832,840.2777777777832,840.2777777777832,840.2777777777832,840.2777777777832,840.2777777777832,840.2777777777832,840.2777777777832,840.2777777777832,840.2777777777832,840.2777777777832,840.2777777777832,840.2777777777832,840.2777777777832,840.2777777777832,840.2777777777832,840.2777777777832,840.2777777777832,840.2777777777832,840.2777777777832,840.2777777777832,840.2777777777832,840.2777777777832,840.2777777777832,840.2777777777832,840.2777777777832,840.2777777777832,840.2777777777832,840.2777777777832,840.2777777777832,840.2777777777832,840.2777777777832,840.2777777777832,840.2777777777832,840.2777777777832,840.2777777777832,840.2777777777832,840.2777777777832,840.2777777777832,840.2777777777832,840.2777777777832,840.2777777777832,840.2777777777832,840.2777777777832,840.2777777777832,840.2777777777832,840.2777777777832,840.2777777777832,840.2777777777832,840.2777777777832,840.2777777777832,840.2777777777832,840.2777777777832,840.2777777777832,840.2777777777832,840.2777777777832,840.2777777777832,840.2777777777832,840.2777777777832,840.2777777777832,840.2777777777832,840.2777777777832,840.2777777777832,840.2777777777832,840.2777777777832,840.2777777777832,840.2777777777832,840.2777777777832,840.2777777777832,840.2777777777832,840.2777777777832,840.2777777777832,840.2777777777832,840.2777777777832,840.2777777777832,840.2777777777832,840.2777777777832,840.2777777777832,840.2777777777832,840.2777777777832,840.2777777777832,840.2777777777832,840.2777777777832,840.2777777777832,840.2777777777832,840.2777777777832,840.2777777777832,840.2777777777832,840.2777777777832,840.2777777777832,840.2777777777832,840.2777777777832,840.2777777777832,840.2777777777832,840.2777777777832,840.2777777777832,840.2777777777832,840.2777777777832,840.2777777777832,840.2777777777832,840.2777777777832,840.2777777777832,840.2777777777832,840.2777777777832,840.2777777777832,840.2777777777832,840.2777777777832,840.2777777777832,840.2777777777832,840.2777777777832,840.2777777777832,840.2777777777832,840.2777777777832,840.2777777777832,840.2777777777832,840.2777777777832,840.2777777777832,840.2777777777832,840.2777777777832,840.2777777777832,840.2777777777832,840.2777777777832,840.2777777777832,840.2777777777832,840.2777777777832,840.2777777777832,840.2777777777832,840.2777777777832,840.2777777777832,840.2777777777832,840.2777777777832,840.2777777777832,840.2777777777832,840.2777777777832,840.2777777777832,840.2777777777832,840.2777777777832,840.2777777777832,840.2777777777832,840.2777777777832,840.2777777777832,840.2777777777832,840.2777777777832,840.2777777777832,840.2777777777832,840.2777777777832,840.2777777777832,840.2777777777832,840.2777777777832,840.2777777777832,840.2777777777832,840.2777777777832,840.2777777777832,840.2777777777832,840.2777777777832,840.2777777777832,840.2777777777832,840.2777777777832,840.2777777777832,840.2777777777832,840.2777777777832,840.2777777777832,840.2777777777832,840.2777777777832,840.2777777777832,840.2777777777832,840.2777777777832,840.2777777777832,840.2777777777832,840.2777777777832,840.2777777777832,840.2777777777832,840.2777777777832,840.2777777777832,840.2777777777832,840.2777777777832,840.2777777777832,840.2777777777832,840.2777777777832,840.2777777777832,840.2777777777832,840.2777777777832,840.2777777777832,840.2777777777832,840.2777777777832,840.2777777777832,840.2777777777832,840.2777777777832,840.2777777777832,840.2777777777832,840.2777777777832,840.2777777777832,840.2777777777832,840.2777777777832,840.2777777777832,840.2777777777832,840.2777777777832,840.2777777777832,840.2777777777832,840.2777777777832,840.2777777777832,840.2777777777832,840.2777777777832,840.2777777777832,840.2777777777832,840.2777777777832,840.2777777777832,840.2777777777832,840.2777777777832,840.2777777777832,840.2777777777832,840.2777777777832,840.2777777777832,840.2777777777832,840.2777777777832,840.2777777777832,840.2777777777832,840.2777777777832,840.2777777777832,840.2777777777832,840.2777777777832,840.2777777777832,840.2777777777832,840.2777777777832,840.2777777777832,840.2777777777832,840.2777777777832,840.2777777777832,840.2777777777832,840.2777777777832,840.2777777777832,840.2777777777832,840.2777777777832,840.2777777777832,840.2777777777832,840.2777777777832,840.2777777777832,840.2777777777832,840.2777777777832,840.2777777777832,840.2777777777832,840.2777777777832,840.2777777777832,840.2777777777832,840.2777777777832,840.2777777777832,840.2777777777832,840.2777777777832,840.2777777777832,840.2777777777832,840.2777777777832,840.2777777777832,840.2777777777832,840.2777777777832,840.2777777777832,840.2777777777832,840.2777777777832,840.2777777777832,840.2777777777832,840.2777777777832,840.2777777777832,840.2777777777832,840.2777777777832,840.2777777777832,840.2777777777832,840.2777777777832,840.2777777777832,840.2777777777832,840.2777777777832,840.2777777777832,840.2777777777832,840.2777777777832,840.2777777777832,840.2777777777832,840.2777777777832,840.2777777777832,840.2777777777832,840.2777777777832,840.2777777777832,840.2777777777832,840.2777777777832,840.2777777777832,840.2777777777832,840.2777777777832,840.2777777777832,840.2777777777832,840.2777777777832,840.2777777777832,840.2777777777832,840.2777777777832,840.2777777777832,840.2777777777832,840.2777777777832,840.2777777777832,840.2777777777832,840.2777777777832,840.2777777777832,840.2777777777832,840.2777777777832,840.2777777777832,840.2777777777832,840.2777777777832,840.2777777777832,840.2777777777832,840.2777777777832,840.2777777777832,840.2777777777832,840.2777777777832,840.2777777777832,840.2777777777832,840.2777777777832,840.2777777777832,840.2777777777832,840.2777777777832,840.2777777777832,840.2777777777832,840.2777777777832,840.2777777777832,840.2777777777832,840.2777777777832,840.2777777777832,840.2777777777832,840.2777777777832,840.2777777777832,840.2777777777832,840.2777777777832,840.2777777777832,840.2777777777832,840.2777777777832,840.2777777777832,840.2777777777832,840.2777777777832,840.2777777777832,840.2777777777832,840.2777777777832,840.2777777777832,840.2777777777832,840.2777777777832,840.2777777777832,840.2777777777832,840.2777777777832,840.2777777777832,840.2777777777832,840.2777777777832,840.2777777777832,840.2777777777832,840.2777777777832,840.2777777777832,840.2777777777832,840.2777777777832,840.2777777777832,840.2777777777832,840.2777777777832,840.2777777777832,840.2777777777832,840.2777777777832,840.2777777777832,840.2777777777832,840.2777777777832,840.2777777777832,840.2777777777832,840.2777777777832,840.2777777777832,840.2777777777832,840.2777777777832,840.2777777777832,840.2777777777832,840.2777777777832,840.2777777777832,840.2777777777832,840.2777777777832,840.2777777777832,840.2777777777832,840.2777777777832,840.2777777777832,840.2777777777832,840.2777777777832,840.2777777777832,840.2777777777832,840.2777777777832,840.2777777777832,840.2777777777832,840.2777777777832,840.2777777777832,840.2777777777832,840.2777777777832,840.2777777777832,840.2777777777832,840.2777777777832,840.2777777777832,840.2777777777832,840.2777777777832,840.2777777777832,840.2777777777832,840.2777777777832,840.2777777777832,840.2777777777832,840.2777777777832,840.2777777777832,840.2777777777832,840.2777777777832,840.2777777777832,840.2777777777832,840.2777777777832,840.2777777777832,840.2777777777832,840.2777777777832,840.2777777777832,840.2777777777832,840.2777777777832,840.2777777777832,840.2777777777832,840.2777777777832,840.2777777777832,840.2777777777832,840.2777777777832,840.2777777777832,840.2777777777832,840.2777777777832,840.2777777777832,840.2777777777832,840.2777777777832,840.2777777777832,840.2777777777832,840.2777777777832,840.2777777777832,840.2777777777832,840.2777777777832,840.2777777777832,840.2777777777832,840.2777777777832,840.2777777777832,840.2777777777832,840.2777777777832,840.2777777777832,840.2777777777832,840.2777777777832,840.2777777777832,840.2777777777832,840.2777777777832,840.2777777777832,840.2777777777832,840.2777777777832,840.2777777777832,840.2777777777832,840.2777777777832,840.2777777777832,840.2777777777832,840.2777777777832,840.2777777777832,840.2777777777832,840.2777777777832,840.2777777777832,840.2777777777832,840.2777777777832,840.2777777777832,840.2777777777832,840.2777777777832,840.2777777777832,840.2777777777832,840.2777777777832,840.2777777777832,840.2777777777832,840.2777777777832,840.2777777777832,840.2777777777832,840.2777777777832,840.2777777777832,840.2777777777832,840.2777777777832,840.2777777777832,840.2777777777832,840.2777777777832,840.2777777777832,840.2777777777832,840.2777777777832,840.2777777777832,840.2777777777832,840.2777777777832,840.2777777777832,840.2777777777832,840.2777777777832,840.2777777777832,840.2777777777832,840.2777777777832,840.2777777777832,840.2777777777832,840.2777777777832,840.2777777777832,840.2777777777832,840.2777777777832,840.2777777777832,840.2777777777832,840.2777777777832,840.2777777777832,840.2777777777832,840.2777777777832,840.2777777777832,840.2777777777832,840.2777777777832,840.2777777777832,840.2777777777832,840.2777777777832,840.2777777777832,840.2777777777832,840.2777777777832,840.2777777777832,840.2777777777832,840.2777777777832,840.2777777777832,840.2777777777832,840.2777777777832,840.2777777777832,840.2777777777832,840.2777777777832,840.2777777777832,840.2777777777832,840.2777777777832,840.2777777777832,840.2777777777832,840.2777777777832,840.2777777777832,840.2777777777832,840.2777777777832,840.2777777777832,840.2777777777832,840.2777777777832,840.2777777777832,840.2777777777832,840.2777777777832,840.2777777777832,840.2777777777832,840.2777777777832,840.2777777777832,840.2777777777832,840.2777777777832,840.2777777777832,840.2777777777832,840.2777777777832,840.2777777777832,840.2777777777832,840.2777777777832,840.2777777777832,840.2777777777832,840.2777777777832,840.2777777777832,840.2777777777832,840.2777777777832,840.2777777777832,840.2777777777832,840.2777777777832,840.2777777777832,840.2777777777832,840.2777777777832,840.2777777777832,840.2777777777832,840.2777777777832,840.2777777777832,840.2777777777832,840.2777777777832,840.2777777777832,840.2777777777832,840.2777777777832,840.2777777777832,840.2777777777832,840.2777777777832,840.2777777777832,840.2777777777832,840.2777777777832,840.2777777777832,840.2777777777832,840.2777777777832,840.2777777777832,840.2777777777832,840.2777777777832,840.2777777777832,840.2777777777832,840.2777777777832,840.2777777777832,840.2777777777832,840.2777777777832,840.2777777777832,840.2777777777832,840.2777777777832,840.2777777777832,840.2777777777832,840.2777777777832,840.2777777777832,840.2777777777832,840.2777777777832,840.2777777777832,840.2777777777832,840.2777777777832,840.2777777777832,840.2777777777832,840.2777777777832,840.2777777777832,840.2777777777832,840.2777777777832,840.2777777777832,840.2777777777832,840.2777777777832,840.2777777777832,840.2777777777832,840.2777777777832,840.2777777777832,840.2777777777832,840.2777777777832,840.2777777777832,840.2777777777832,840.2777777777832,840.2777777777832,840.2777777777832,840.2777777777832,840.2777777777832,840.2777777777832,840.2777777777832,840.2777777777832,840.2777777777832,840.2777777777832,840.2777777777832,840.2777777777832,840.2777777777832,840.2777777777832,840.2777777777832,840.2777777777832,840.2777777777832,840.2777777777832,840.2777777777832,840.2777777777832,840.2777777777832,840.2777777777832,840.2777777777832,840.2777777777832,840.2777777777832,840.2777777777832,840.2777777777832,840.2777777777832,840.2777777777832,840.2777777777832,840.2777777777832,840.2777777777832,840.2777777777832,840.2777777777832,840.2777777777832,840.2777777777832,840.2777777777832,840.2777777777832,840.2777777777832,840.2777777777832,840.2777777777832,840.2777777777832,840.2777777777832,840.2777777777832,840.2777777777832,840.2777777777832,840.2777777777832,840.2777777777832,840.2777777777832,840.2777777777832,840.2777777777832,840.2777777777832,840.2777777777832,840.2777777777832,840.2777777777832,840.2777777777832,840.2777777777832,840.2777777777832,840.2777777777832,840.2777777777832,840.2777777777832,840.2777777777832,840.2777777777832,840.2777777777832,840.2777777777832,840.2777777777832,840.2777777777832,840.2777777777832,840.2777777777832,840.2777777777832,840.2777777777832,840.2777777777832,840.2777777777832,840.2777777777832,840.2777777777832,840.2777777777832,840.2777777777832,840.2777777777832,840.2777777777832,840.2777777777832,840.2777777777832,840.2777777777832,840.2777777777832,840.2777777777832,840.2777777777832,840.2777777777832,840.2777777777832,840.2777777777832,840.2777777777832,840.2777777777832,840.2777777777832,840.2777777777832,840.2777777777832,840.2777777777832,840.2777777777832,840.2777777777832,840.2777777777832,840.2777777777832,840.2777777777832,840.2777777777832,840.2777777777832,840.2777777777832,840.2777777777832,840.2777777777832,840.2777777777832,840.2777777777832,840.2777777777832,840.2777777777832,840.2777777777832,840.2777777777832,840.2777777777832,840.2777777777832,840.2777777777832,840.2777777777832,840.2777777777832,840.2777777777832,840.2777777777832,840.2777777777832,840.2777777777832,840.2777777777832,840.2777777777832,840.2777777777832,840.2777777777832,840.2777777777832,840.2777777777832,840.2777777777832,840.2777777777832,840.2777777777832,840.2777777777832,840.2777777777832,840.2777777777832,840.2777777777832,840.2777777777832,840.2777777777832,840.2777777777832,840.2777777777832,840.2777777777832,840.2777777777832,840.2777777777832,840.2777777777832,840.2777777777832,840.2777777777832,840.2777777777832,840.2777777777832,840.2777777777832,840.2777777777832,840.2777777777832,840.2777777777832,840.2777777777832,840.2777777777832,840.2777777777832,840.2777777777832,840.2777777777832,840.2777777777832,840.2777777777832,840.2777777777832,840.2777777777832,840.2777777777832,840.2777777777832,840.2777777777832,840.2777777777832,840.2777777777832,840.2777777777832,840.2777777777832,840.2777777777832,840.2777777777832,840.2777777777832,840.2777777777832,840.2777777777832,840.2777777777832,840.2777777777832,840.2777777777832,840.2777777777832,840.2777777777832,840.2777777777832,840.2777777777832,840.2777777777832,840.2777777777832,840.2777777777832,840.2777777777832,840.2777777777832,840.2777777777832,840.2777777777832,840.2777777777832,840.2777777777832,840.2777777777832,840.2777777777832,840.2777777777832,840.2777777777832,840.2777777777832,840.2777777777832,840.2777777777832,840.2777777777832,840.2777777777832,840.2777777777832,840.2777777777832,840.2777777777832,840.2777777777832,840.2777777777832,840.2777777777832,840.2777777777832,840.2777777777832,840.2777777777832,840.2777777777832,840.2777777777832,840.2777777777832,840.2777777777832,840.2777777777832,840.2777777777832,840.2777777777832,840.2777777777832,840.2777777777832,840.2777777777832,840.2777777777832,840.2777777777832,840.2777777777832,840.2777777777832,840.2777777777832,840.2777777777832,840.2777777777832,840.2777777777832,840.2777777777832,840.2777777777832,840.2777777777832,840.2777777777832,840.2777777777832,840.2777777777832,840.2777777777832,840.2777777777832,840.2777777777832,840.2777777777832,840.2777777777832,840.2777777777832,840.2777777777832,840.2777777777832,840.2777777777832,840.2777777777832,840.2777777777832,840.2777777777832,840.2777777777832,840.2777777777832,840.2777777777832,840.2777777777832,840.2777777777832,840.2777777777832,840.2777777777832,840.2777777777832,840.2777777777832,840.2777777777832,840.2777777777832,840.2777777777832,840.2777777777832,840.2777777777832,840.2777777777832,840.2777777777832,840.2777777777832,840.2777777777832,840.2777777777832,840.2777777777832,840.2777777777832,840.2777777777832,840.2777777777832,840.2777777777832,840.2777777777832,840.2777777777832,840.2777777777832,840.2777777777832,840.2777777777832,840.2777777777832,840.2777777777832,840.2777777777832,840.2777777777832,840.2777777777832,840.2777777777832,840.2777777777832,840.2777777777832,840.2777777777832,840.2777777777832,840.2777777777832,840.2777777777832,840.2777777777832,840.2777777777832,840.2777777777832,840.2777777777832,840.2777777777832,840.2777777777832,840.2777777777832,840.2777777777832,840.2777777777832,840.2777777777832,840.2777777777832,840.2777777777832,840.2777777777832,840.2777777777832,840.2777777777832,840.2777777777832,840.2777777777832,840.2777777777832,840.2777777777832,840.2777777777832,840.2777777777832,840.2777777777832,840.2777777777832,840.2777777777832,840.2777777777832,840.2777777777832,840.2777777777832,840.2777777777832,840.2777777777832,840.2777777777832,840.2777777777832,840.2777777777832,840.2777777777832,840.2777777777832,840.2777777777832,840.2777777777832,840.2777777777832,840.2777777777832,840.2777777777832,840.2777777777832,840.2777777777832,840.2777777777832,840.2777777777832,840.2777777777832,840.2777777777832,840.2777777777832,840.2777777777832,840.2777777777832,840.2777777777832,840.2777777777832,840.2777777777832,840.2777777777832,840.2777777777832,840.2777777777832,840.2777777777832,840.2777777777832,840.2777777777832,840.2777777777832,840.2777777777832,840.2777777777832,840.2777777777832,840.2777777777832,840.2777777777832,840.2777777777832,840.2777777777832,840.2777777777832,840.2777777777832,840.2777777777832,840.2777777777832,840.2777777777832,840.2777777777832,840.2777777777832,840.2777777777832,840.2777777777832,840.2777777777832,840.2777777777832,840.2777777777832,840.2777777777832,840.2777777777832,840.2777777777832,840.2777777777832,840.2777777777832,840.2777777777832,840.2777777777832,840.2777777777832,840.2777777777832,840.2777777777832,840.2777777777832,840.2777777777832,840.2777777777832,840.2777777777832,840.2777777777832,840.2777777777832,840.2777777777832,840.2777777777832,840.2777777777832,840.2777777777832,840.2777777777832,840.2777777777832,840.2777777777832,840.2777777777832,840.2777777777832,840.2777777777832,840.2777777777832,840.2777777777832,840.2777777777832,840.2777777777832,840.2777777777832,840.2777777777832,840.2777777777832,840.2777777777832,840.2777777777832,840.2777777777832,840.2777777777832,840.2777777777832,840.2777777777832,840.2777777777832,840.2777777777832,840.2777777777832,840.2777777777832,840.2777777777832,840.2777777777832,840.2777777777832,840.2777777777832,840.2777777777832,840.2777777777832,840.2777777777832,840.2777777777832,840.2777777777832,840.2777777777832,840.2777777777832,840.2777777777832,840.2777777777832,840.2777777777832,840.2777777777832,840.2777777777832,840.2777777777832,840.2777777777832,840.2777777777832,840.2777777777832,840.2777777777832,840.2777777777832,840.2777777777832,840.2777777777832,840.2777777777832,840.2777777777832,840.2777777777832,840.2777777777832,840.2777777777832,840.2777777777832,840.2777777777832,840.2777777777832,840.2777777777832,840.2777777777832,840.2777777777832,840.2777777777832,840.2777777777832,840.2777777777832,840.2777777777832,840.2777777777832,840.2777777777832,840.2777777777832,840.2777777777832,840.2777777777832,840.2777777777832,840.2777777777832,840.2777777777832,840.2777777777832,840.2777777777832,840.2777777777832,840.2777777777832,840.2777777777832,840.2777777777832,840.2777777777832,840.2777777777832,840.2777777777832,840.2777777777832,840.2777777777832,840.2777777777832,840.2777777777832,840.2777777777832,840.2777777777832,840.2777777777832,840.2777777777832,840.2777777777832,840.2777777777832,840.2777777777832,840.2777777777832,840.2777777777832,840.2777777777832,840.2777777777832,840.2777777777832,840.2777777777832,840.2777777777832,840.2777777777832,840.2777777777832,840.2777777777832,840.2777777777832,840.2777777777832,840.2777777777832,840.2777777777832,840.2777777777832,840.2777777777832,840.2777777777832,840.2777777777832,840.2777777777832,840.2777777777832,840.2777777777832,840.2777777777832,840.2777777777832,840.2777777777832,840.2777777777832,840.2777777777832,840.2777777777832,840.2777777777832,840.2777777777832,840.2777777777832,840.2777777777832,840.2777777777832,840.2777777777832,840.2777777777832,840.2777777777832,840.2777777777832,840.2777777777832,840.2777777777832,840.2777777777832,840.2777777777832,840.2777777777832,840.2777777777832,840.2777777777832,840.2777777777832,840.2777777777832,840.2777777777832,840.2777777777832,840.2777777777832,840.2777777777832,840.2777777777832,840.2777777777832,840.2777777777832,840.2777777777832,840.2777777777832,840.2777777777832,840.2777777777832,840.2777777777832,840.2777777777832,840.2777777777832,840.2777777777832,840.2777777777832,840.2777777777832,840.2777777777832,840.2777777777832,840.2777777777832,840.2777777777832,840.2777777777832,840.2777777777832,840.2777777777832,840.2777777777832,840.2777777777832,840.2777777777832,840.2777777777832,840.2777777777832,840.2777777777832,840.2777777777832,840.2777777777832,840.2777777777832,840.2777777777832,840.2777777777832,840.2777777777832,840.2777777777832,840.2777777777832,840.2777777777832,840.2777777777832,840.2777777777832,840.2777777777832,840.2777777777832,840.2777777777832,840.2777777777832,840.2777777777832,840.2777777777832,840.2777777777832,840.2777777777832,840.2777777777832,840.2777777777832,840.2777777777832,840.2777777777832,840.2777777777832,840.2777777777832,840.2777777777832,840.2777777777832,840.2777777777832,840.2777777777832,840.2777777777832,840.2777777777832,840.2777777777832,840.2777777777832,840.2777777777832,840.2777777777832,840.2777777777832,840.2777777777832,840.2777777777832,840.2777777777832,840.2777777777832,840.2777777777832,840.2777777777832,840.2777777777832,840.2777777777832,840.2777777777832,840.2777777777832,840.2777777777832,840.2777777777832,840.2777777777832,840.2777777777832,840.2777777777832,840.2777777777832,840.2777777777832,840.2777777777832,840.2777777777832,840.2777777777832,840.2777777777832,840.2777777777832,840.2777777777832,840.2777777777832,840.2777777777832,840.2777777777832,840.2777777777832,840.2777777777832,840.2777777777832,840.2777777777832,840.2777777777832,840.2777777777832,840.2777777777832,840.2777777777832,840.2777777777832,840.2777777777832,840.2777777777832,840.2777777777832,840.2777777777832,840.2777777777832,840.2777777777832,840.2777777777832,840.2777777777832,840.2777777777832,840.2777777777832,840.2777777777832,840.2777777777832,840.2777777777832,840.2777777777832,840.2777777777832,840.2777777777832,840.2777777777832,840.2777777777832,840.2777777777832,840.2777777777832,840.2777777777832,840.2777777777832,840.2777777777832,840.2777777777832,840.2777777777832,840.2777777777832,840.2777777777832,840.2777777777832,840.2777777777832,840.2777777777832,840.2777777777832,840.2777777777832,840.2777777777832,840.2777777777832,840.2777777777832,840.2777777777832,840.2777777777832,840.2777777777832,840.2777777777832,840.2777777777832,840.2777777777832,840.2777777777832,840.2777777777832,840.2777777777832,840.2777777777832,840.2777777777832,840.2777777777832,840.2777777777832,840.2777777777832,840.2777777777832,840.2777777777832,840.2777777777832,840.2777777777832,840.2777777777832,840.2777777777832,840.2777777777832,840.2777777777832,840.2777777777832,840.2777777777832,840.2777777777832,840.2777777777832,840.2777777777832,840.2777777777832,840.2777777777832,840.2777777777832,840.2777777777832,840.2777777777832,840.2777777777832,840.2777777777832,840.2777777777832,840.2777777777832,840.2777777777832,840.2777777777832,840.2777777777832,840.2777777777832,840.2777777777832,840.2777777777832,840.2777777777832,840.2777777777832,840.2777777777832,840.2777777777832,840.2777777777832,840.2777777777832,840.2777777777832,840.2777777777832,840.2777777777832,840.2777777777832,840.2777777777832,840.2777777777832,840.2777777777832,840.2777777777832,840.2777777777832,840.2777777777832,840.2777777777832,840.2777777777832,840.2777777777832,840.2777777777832,840.2777777777832,840.2777777777832,840.2777777777832,840.2777777777832,840.2777777777832,840.2777777777832,840.2777777777832,840.2777777777832,840.2777777777832,840.2777777777832,840.2777777777832,840.2777777777832,840.2777777777832,840.2777777777832,840.2777777777832,840.2777777777832,840.2777777777832,840.2777777777832,840.2777777777832,840.2777777777832,840.2777777777832,840.2777777777832,840.2777777777832,840.2777777777832,840.2777777777832,840.2777777777832,840.2777777777832,840.2777777777832,840.2777777777832,840.2777777777832,840.2777777777832,840.2777777777832,840.2777777777832,840.2777777777832,840.2777777777832,840.2777777777832,840.2777777777832,840.2777777777832,840.2777777777832,840.2777777777832,840.2777777777832,840.2777777777832,840.2777777777832,840.2777777777832,840.2777777777832,840.2777777777832,840.2777777777832,840.2777777777832,840.2777777777832,840.2777777777832,840.2777777777832,840.2777777777832,840.2777777777832,840.2777777777832,840.2777777777832,840.2777777777832,840.2777777777832,840.2777777777832,840.2777777777832,840.2777777777832,840.2777777777832,840.2777777777832,840.2777777777832,840.2777777777832,840.2777777777832,840.2777777777832,840.2777777777832,840.2777777777832,840.2777777777832,840.2777777777832,840.2777777777832,840.2777777777832,840.2777777777832,840.2777777777832,840.2777777777832,840.2777777777832,840.2777777777832,840.2777777777832,840.2777777777832,840.2777777777832,840.2777777777832,840.2777777777832,840.2777777777832,840.2777777777832,840.2777777777832,840.2777777777832,840.2777777777832,840.2777777777832,840.2777777777832,840.2777777777832,840.2777777777832,840.2777777777832,840.2777777777832,840.2777777777832,840.2777777777832,840.2777777777832,840.2777777777832,840.2777777777832,840.2777777777832,840.2777777777832,840.2777777777832,840.2777777777832,840.2777777777832,840.2777777777832,840.2777777777832,840.2777777777832,840.2777777777832,840.2777777777832,840.2777777777832,840.2777777777832,840.2777777777832,840.2777777777832,840.2777777777832,840.2777777777832,840.2777777777832,840.2777777777832,840.2777777777832,840.2777777777832,840.2777777777832,840.2777777777832,840.2777777777832,840.2777777777832,840.2777777777832,840.2777777777832,840.2777777777832,840.2777777777832,840.2777777777832,840.2777777777832,840.2777777777832,840.2777777777832,840.2777777777832,840.2777777777832,840.2777777777832,840.2777777777832,840.2777777777832,840.2777777777832,840.2777777777832,840.2777777777832,840.2777777777832,840.2777777777832,840.2777777777832,840.2777777777832,840.2777777777832,840.2777777777832,840.2777777777832,840.2777777777832,840.2777777777832,840.2777777777832,840.2777777777832,840.2777777777832,840.2777777777832,840.2777777777832,840.2777777777832,840.2777777777832,840.2777777777832,840.2777777777832,840.2777777777832,840.2777777777832,840.2777777777832,840.2777777777832,840.2777777777832,840.2777777777832,840.2777777777832,840.2777777777832,840.2777777777832,840.2777777777832,840.2777777777832,840.2777777777832,840.2777777777832,840.2777777777832,840.2777777777832,840.2777777777832,840.2777777777832,840.2777777777832,840.2777777777832,840.2777777777832,840.2777777777832,840.2777777777832,840.2777777777832,840.2777777777832,840.2777777777832,840.2777777777832,840.2777777777832,840.2777777777832,840.2777777777832,840.2777777777832,840.2777777777832,840.2777777777832,840.2777777777832,840.2777777777832,840.2777777777832,840.2777777777832,840.2777777777832,840.2777777777832,840.2777777777832,840.2777777777832,840.2777777777832,840.2777777777832,840.2777777777832,840.2777777777832,840.2777777777832,840.2777777777832,840.2777777777832,840.2777777777832,840.2777777777832,840.2777777777832,840.2777777777832,840.2777777777832,840.2777777777832,840.2777777777832,840.2777777777832,840.2777777777832,840.2777777777832,840.2777777777832,840.2777777777832,840.2777777777832,840.2777777777832,840.2777777777832,840.2777777777832,840.2777777777832,840.2777777777832,840.2777777777832,840.2777777777832,840.2777777777832,840.2777777777832,840.2777777777832,840.2777777777832,840.2777777777832,840.2777777777832,840.2777777777832,840.2777777777832,840.2777777777832,840.2777777777832,840.2777777777832,840.2777777777832,840.2777777777832,840.2777777777832,840.2777777777832,840.2777777777832,840.2777777777832,840.2777777777832,840.2777777777832,840.2777777777832,840.2777777777832,840.2777777777832,840.2777777777832,840.2777777777832,840.2777777777832,840.2777777777832,840.2777777777832,840.2777777777832,840.2777777777832,840.2777777777832,840.2777777777832,840.2777777777832,840.2777777777832,840.2777777777832,840.2777777777832,840.2777777777832,840.2777777777832,840.2777777777832,840.2777777777832,840.2777777777832,840.2777777777832,840.2777777777832,840.2777777777832,840.2777777777832,840.2777777777832,840.2777777777832,840.2777777777832,840.2777777777832,840.2777777777832,840.2777777777832,840.2777777777832,840.2777777777832,840.2777777777832,840.2777777777832,840.2777777777832,840.2777777777832,840.2777777777832,840.2777777777832,840.2777777777832,840.2777777777832,840.2777777777832,840.2777777777832,840.2777777777832,840.2777777777832,840.2777777777832,840.2777777777832,840.2777777777832,840.2777777777832,840.2777777777832,840.2777777777832,840.2777777777832,840.2777777777832,840.2777777777832,840.2777777777832,840.2777777777832,840.2777777777832,840.2777777777832,840.2777777777832,840.2777777777832,840.2777777777832,840.2777777777832,840.2777777777832,840.2777777777832,840.2777777777832,840.2777777777832,840.2777777777832,840.2777777777832,840.2777777777832,840.2777777777832,840.2777777777832,840.2777777777832,840.2777777777832,840.2777777777832,840.2777777777832,840.2777777777832,840.2777777777832,840.2777777777832,840.2777777777832,840.2777777777832,840.2777777777832,840.2777777777832,840.2777777777832,840.2777777777832,840.2777777777832,840.2777777777832,840.2777777777832,840.2777777777832,840.2777777777832,840.2777777777832,840.2777777777832,840.2777777777832,840.2777777777832,840.2777777777832,840.2777777777832,840.2777777777832,840.2777777777832,840.2777777777832,840.2777777777832,840.2777777777832,840.2777777777832,840.2777777777832,840.2777777777832,840.2777777777832,840.2777777777832,840.2777777777832,840.2777777777832,840.2777777777832,840.2777777777832,840.2777777777832,840.2777777777832,840.2777777777832,840.2777777777832,840.2777777777832,840.2777777777832,840.2777777777832,840.2777777777832,840.2777777777832,840.2777777777832,840.2777777777832,840.2777777777832,840.2777777777832,840.2777777777832,840.2777777777832,840.2777777777832,840.2777777777832,840.2777777777832,840.2777777777832,840.2777777777832,840.2777777777832,840.2777777777832,840.2777777777832,840.2777777777832,840.2777777777832,840.2777777777832,840.2777777777832,840.2777777777832,840.2777777777832,840.2777777777832,840.2777777777832,840.2777777777832,840.2777777777832,840.2777777777832,840.2777777777832,840.2777777777832,840.2777777777832,840.2777777777832,840.2777777777832,840.2777777777832,840.2777777777832,840.2777777777832,840.2777777777832,840.2777777777832,840.2777777777832,840.2777777777832,840.2777777777832,840.2777777777832,840.2777777777832,840.2777777777832,840.2777777777832,840.2777777777832,840.2777777777832,840.2777777777832,840.2777777777832,840.2777777777832,840.2777777777832,840.2777777777832,840.2777777777832,840.2777777777832,840.2777777777832,840.2777777777832,840.2777777777832,840.2777777777832,840.2777777777832,840.2777777777832,840.2777777777832,840.2777777777832,840.2777777777832,840.2777777777832,840.2777777777832,840.2777777777832,840.2777777777832,840.2777777777832,840.2777777777832,840.2777777777832,840.2777777777832,840.2777777777832,840.2777777777832,840.2777777777832,840.2777777777832,840.2777777777832,840.2777777777832,840.2777777777832,840.2777777777832,840.2777777777832,840.2777777777832,840.2777777777832,840.2777777777832,840.2777777777832,840.2777777777832,840.2777777777832,840.2777777777832,840.2777777777832,840.2777777777832,840.2777777777832,840.2777777777832,840.2777777777832,840.2777777777832,840.2777777777832,840.2777777777832,840.2777777777832,840.2777777777832,840.2777777777832,840.2777777777832,840.2777777777832,840.2777777777832,840.2777777777832,840.2777777777832,840.2777777777832,840.2777777777832,840.2777777777832,840.2777777777832,840.2777777777832,840.2777777777832,840.2777777777832,840.2777777777832,840.2777777777832,840.2777777777832,840.2777777777832,840.2777777777832,840.2777777777832,840.2777777777832,840.2777777777832,840.2777777777832,840.2777777777832,840.2777777777832,840.2777777777832,840.2777777777832,840.2777777777832,840.2777777777832,840.2777777777832,840.2777777777832,840.2777777777832,840.2777777777832,840.2777777777832,840.2777777777832,840.2777777777832,840.2777777777832,840.2777777777832,840.2777777777832,840.2777777777832,840.2777777777832,840.2777777777832,840.2777777777832,840.2777777777832,840.2777777777832,840.2777777777832,840.2777777777832,840.2777777777832,840.2777777777832,840.2777777777832,840.2777777777832,840.2777777777832,840.2777777777832,840.2777777777832,840.2777777777832,840.2777777777832,840.2777777777832,840.2777777777832,840.2777777777832,840.2777777777832,840.2777777777832,840.2777777777832,840.2777777777832,840.2777777777832,840.2777777777832,840.2777777777832,840.2777777777832,840.2777777777832,840.2777777777832,840.2777777777832,840.2777777777832,840.2777777777832,840.2777777777832,840.2777777777832,840.2777777777832,840.2777777777832,840.2777777777832,840.2777777777832,840.2777777777832,840.2777777777832,840.2777777777832,840.2777777777832,840.2777777777832,840.2777777777832,840.2777777777832,840.2777777777832,840.2777777777832,840.2777777777832,840.2777777777832,840.2777777777832,840.2777777777832,840.2777777777832,840.2777777777832,840.2777777777832,840.2777777777832,840.2777777777832,840.2777777777832,840.2777777777832,840.2777777777832,840.2777777777832,840.2777777777832,840.2777777777832,840.2777777777832,840.2777777777832,840.2777777777832,840.2777777777832,840.2777777777832,840.2777777777832,840.2777777777832,840.2777777777832,840.2777777777832,840.2777777777832,840.2777777777832,840.2777777777832,840.2777777777832,840.2777777777832,840.2777777777832,840.2777777777832,840.2777777777832,840.2777777777832,840.2777777777832,840.2777777777832,840.2777777777832,840.2777777777832,840.2777777777832,840.2777777777832,840.2777777777832,840.2777777777832,840.2777777777832,840.2777777777832,840.2777777777832,840.2777777777832,840.2777777777832,840.2777777777832,840.2777777777832,840.2777777777832,840.2777777777832,840.2777777777832,840.2777777777832,840.2777777777832,840.2777777777832,840.2777777777832,840.2777777777832,840.2777777777832,840.2777777777832,840.2777777777832,840.2777777777832,840.2777777777832,840.2777777777832,840.2777777777832,840.2777777777832,840.2777777777832,840.2777777777832,840.2777777777832,840.2777777777832,840.2777777777832,840.2777777777832,840.2777777777832,840.2777777777832,840.2777777777832,840.2777777777832,840.2777777777832,840.2777777777832,840.2777777777832,840.2777777777832,840.2777777777832,840.2777777777832,840.2777777777832,840.2777777777832,840.2777777777832,840.2777777777832,840.2777777777832,840.2777777777832,840.2777777777832,840.2777777777832,840.2777777777832,840.2777777777832,840.2777777777832,840.2777777777832,840.2777777777832,840.2777777777832,840.2777777777832,840.2777777777832,840.2777777777832,840.2777777777832,840.2777777777832,840.2777777777832,840.2777777777832,840.2777777777832,840.2777777777832,840.2777777777832,840.2777777777832,840.2777777777832,840.2777777777832,840.2777777777832,840.2777777777832,840.2777777777832,840.2777777777832,840.2777777777832,840.2777777777832,840.2777777777832,840.2777777777832,840.2777777777832,840.2777777777832,840.2777777777832,840.2777777777832,840.2777777777832,840.2777777777832,840.2777777777832,840.2777777777832,840.2777777777832,840.2777777777832,840.2777777777832,840.2777777777832,840.2777777777832,840.2777777777832,840.2777777777832,840.2777777777832,840.2777777777832,840.2777777777832,840.2777777777832,840.2777777777832,840.2777777777832,840.2777777777832,840.2777777777832,840.2777777777832,840.2777777777832,840.2777777777832,840.2777777777832,840.2777777777832,840.2777777777832,840.2777777777832,840.2777777777832,840.2777777777832,840.2777777777832,840.2777777777832,840.2777777777832,840.2777777777832,840.2777777777832,840.2777777777832,840.2777777777832,840.2777777777832,840.2777777777832,840.2777777777832,840.2777777777832,840.2777777777832,840.2777777777832,840.2777777777832,840.2777777777832,840.2777777777832,840.2777777777832,840.2777777777832,840.2777777777832,840.2777777777832,840.2777777777832,840.2777777777832,840.2777777777832,840.2777777777832,840.2777777777832,840.2777777777832,840.2777777777832,840.2777777777832,840.2777777777832,840.2777777777832,840.2777777777832,840.2777777777832,840.2777777777832,840.2777777777832,840.2777777777832,840.2777777777832,840.2777777777832,840.2777777777832,840.2777777777832,840.2777777777832,840.2777777777832,840.2777777777832,840.2777777777832,840.2777777777832,840.2777777777832,840.2777777777832,840.2777777777832,840.2777777777832,840.2777777777832,840.2777777777832,840.2777777777832,840.2777777777832,840.2777777777832,840.2777777777832,840.2777777777832,840.2777777777832,840.2777777777832,840.2777777777832,840.2777777777832,840.2777777777832,840.2777777777832,840.2777777777832,840.2777777777832,840.2777777777832,840.2777777777832,840.2777777777832,840.2777777777832,840.2777777777832,840.2777777777832,840.2777777777832,840.2777777777832,840.2777777777832,840.2777777777832,840.2777777777832,840.2777777777832,840.2777777777832,840.2777777777832,840.2777777777832,840.2777777777832,840.2777777777832,840.2777777777832,840.2777777777832,840.2777777777832,840.2777777777832,840.2777777777832,840.2777777777832,840.2777777777832,840.2777777777832,840.2777777777832,840.2777777777832,840.2777777777832,840.2777777777832,840.2777777777832,840.2777777777832,840.2777777777832,840.2777777777832,840.2777777777832,840.2777777777832,840.2777777777832,840.2777777777832,840.2777777777832,840.2777777777832,840.2777777777832,840.2777777777832,840.2777777777832,840.2777777777832,840.2777777777832,840.2777777777832,840.2777777777832,840.2777777777832,840.2777777777832,840.2777777777832,840.2777777777832,840.2777777777832,840.2777777777832,840.2777777777832,840.2777777777832,840.2777777777832,840.2777777777832,840.2777777777832,840.2777777777832,840.2777777777832,840.2777777777832,840.2777777777832,840.2777777777832,840.2777777777832,840.2777777777832,840.2777777777832,840.2777777777832,840.2777777777832,840.2777777777832,840.2777777777832,840.2777777777832,840.2777777777832,840.2777777777832,840.2777777777832,840.2777777777832,840.2777777777832,840.2777777777832,840.2777777777832,840.2777777777832,840.2777777777832,840.2777777777832,840.2777777777832,840.2777777777832,840.2777777777832,840.2777777777832,840.2777777777832,840.2777777777832,840.2777777777832,840.2777777777832,840.2777777777832,840.2777777777832,840.2777777777832,840.2777777777832,840.2777777777832,840.2777777777832,840.2777777777832,840.2777777777832,840.2777777777832,840.2777777777832,840.2777777777832,840.2777777777832,840.2777777777832,840.2777777777832,840.2777777777832,840.2777777777832,840.2777777777832,840.2777777777832,840.2777777777832,840.2777777777832,840.2777777777832,840.2777777777832,840.2777777777832,840.2777777777832,840.2777777777832,840.2777777777832,840.2777777777832,840.2777777777832,840.2777777777832,840.2777777777832,840.2777777777832,840.2777777777832,840.2777777777832,840.2777777777832,840.2777777777832,840.2777777777832,840.2777777777832,840.2777777777832,840.2777777777832,840.2777777777832,840.2777777777832,840.2777777777832,840.2777777777832,840.2777777777832,840.2777777777832,840.2777777777832,840.2777777777832,840.2777777777832,840.2777777777832,840.2777777777832,840.2777777777832,840.2777777777832,840.2777777777832,840.2777777777832,840.2777777777832,840.2777777777832,840.2777777777832,840.2777777777832,840.2777777777832,840.2777777777832,840.2777777777832,840.2777777777832,840.2777777777832,840.2777777777832,840.2777777777832,840.2777777777832,840.2777777777832,840.2777777777832,840.2777777777832,840.2777777777832,840.2777777777832,840.2777777777832,840.2777777777832,840.2777777777832,840.2777777777832,840.2777777777832,840.2777777777832,840.2777777777832,840.2777777777832,840.2777777777832,840.2777777777832,840.2777777777832,840.2777777777832,840.2777777777832,840.2777777777832,840.2777777777832,840.2777777777832,840.2777777777832,840.2777777777832,840.2777777777832,840.2777777777832,840.2777777777832,840.2777777777832,840.2777777777832,840.2777777777832,840.2777777777832,840.2777777777832,840.2777777777832,840.2777777777832,840.2777777777832,840.2777777777832,840.2777777777832,840.2777777777832,840.2777777777832,840.2777777777832,840.2777777777832,840.2777777777832,840.2777777777832,840.2777777777832,840.2777777777832,840.2777777777832,840.2777777777832,840.2777777777832,840.2777777777832,840.2777777777832,840.2777777777832,840.2777777777832,840.2777777777832,840.2777777777832,840.2777777777832,840.2777777777832,840.2777777777832,840.2777777777832,840.2777777777832,840.2777777777832,840.2777777777832,840.2777777777832,840.2777777777832,840.2777777777832,840.2777777777832,840.2777777777832,840.2777777777832,840.2777777777832,840.2777777777832,840.2777777777832,840.2777777777832,840.2777777777832,840.2777777777832,840.2777777777832,840.2777777777832,840.2777777777832,840.2777777777832,840.2777777777832,840.2777777777832,840.2777777777832,840.2777777777832,840.2777777777832,840.2777777777832,840.2777777777832,840.2777777777832,840.2777777777832,840.2777777777832,840.2777777777832,840.2777777777832,840.2777777777832,840.2777777777832,840.2777777777832,840.2777777777832,840.2777777777832,840.2777777777832,840.2777777777832,840.2777777777832,840.2777777777832,840.2777777777832,840.2777777777832,840.2777777777832,840.2777777777832,840.2777777777832,840.2777777777832,840.2777777777832,840.2777777777832,840.2777777777832,840.2777777777832,840.2777777777832,840.2777777777832,840.2777777777832,840.2777777777832,840.2777777777832,840.2777777777832,840.2777777777832,840.2777777777832,840.2777777777832,840.2777777777832,840.2777777777832,840.2777777777832,840.2777777777832,840.2777777777832,840.2777777777832,840.2777777777832,840.2777777777832,840.2777777777832,840.2777777777832,840.2777777777832,840.2777777777832,840.2777777777832,840.2777777777832,840.2777777777832,840.2777777777832,840.2777777777832,840.2777777777832,840.2777777777832,840.2777777777832,840.2777777777832,840.2777777777832,840.2777777777832,840.2777777777832,840.2777777777832,840.2777777777832,840.2777777777832,840.2777777777832,840.2777777777832,840.2777777777832,840.2777777777832,840.2777777777832,840.2777777777832,840.2777777777832,840.2777777777832,840.2777777777832,840.2777777777832,840.2777777777832,840.2777777777832,840.2777777777832,840.2777777777832,840.2777777777832,840.2777777777832,840.2777777777832,840.2777777777832,840.2777777777832,840.2777777777832,840.2777777777832,840.2777777777832,840.2777777777832,840.2777777777832,840.2777777777832,840.2777777777832,840.2777777777832,840.2777777777832,840.2777777777832,840.2777777777832,840.2777777777832,840.2777777777832,840.2777777777832,840.2777777777832,840.2777777777832,840.2777777777832,840.2777777777832,840.2777777777832,840.2777777777832,840.2777777777832,840.2777777777832,840.2777777777832,840.2777777777832,840.2777777777832,840.2777777777832,840.2777777777832,840.2777777777832,840.2777777777832,840.2777777777832,840.2777777777832,840.2777777777832,840.2777777777832,840.2777777777832,840.2777777777832,840.2777777777832,840.2777777777832,840.2777777777832,840.2777777777832,840.2777777777832,840.2777777777832,840.2777777777832,840.2777777777832,840.2777777777832,840.2777777777832,840.2777777777832,840.2777777777832,840.2777777777832,840.2777777777832,840.2777777777832,840.2777777777832,840.2777777777832,840.2777777777832,840.2777777777832,840.2777777777832,840.2777777777832,840.2777777777832,840.2777777777832,840.2777777777832,840.2777777777832,840.2777777777832,840.2777777777832,840.2777777777832,840.2777777777832,840.2777777777832,840.2777777777832,840.2777777777832,840.2777777777832,840.2777777777832,840.2777777777832,840.2777777777832,840.2777777777832,840.2777777777832,840.2777777777832,840.2777777777832,840.2777777777832,840.2777777777832,840.2777777777832,840.2777777777832,840.2777777777832,840.2777777777832,840.2777777777832,840.2777777777832,840.2777777777832,840.2777777777832,840.2777777777832,840.2777777777832,840.2777777777832,840.2777777777832,840.2777777777832,840.2777777777832,840.2777777777832,840.2777777777832,840.2777777777832,840.2777777777832,840.2777777777832,840.2777777777832,840.2777777777832,840.2777777777832,840.2777777777832,840.2777777777832,840.2777777777832,840.2777777777832,840.2777777777832,840.2777777777832,840.2777777777832,840.2777777777832,840.2777777777832,840.2777777777832,840.2777777777832,840.2777777777832,840.2777777777832,840.2777777777832,840.2777777777832,840.2777777777832,840.2777777777832,840.2777777777832,840.2777777777832,840.2777777777832,840.2777777777832,840.2777777777832,840.2777777777832,840.2777777777832,840.2777777777832,840.2777777777832,840.2777777777832,840.2777777777832,840.2777777777832,840.2777777777832,840.2777777777832,840.2777777777832,840.2777777777832,840.2777777777832,840.2777777777832,840.2777777777832,840.2777777777832,840.2777777777832,840.2777777777832,840.2777777777832,840.2777777777832,840.2777777777832,840.2777777777832,840.2777777777832,840.2777777777832,840.2777777777832,840.2777777777832,840.2777777777832,840.2777777777832,840.2777777777832,840.2777777777832,840.2777777777832,840.2777777777832,840.2777777777832,840.2777777777832,840.2777777777832,840.2777777777832,840.2777777777832,840.2777777777832,840.2777777777832,840.2777777777832,840.2777777777832,840.2777777777832,840.2777777777832,840.2777777777832,840.2777777777832,840.2777777777832,840.2777777777832,840.2777777777832,840.2777777777832,840.2777777777832,840.2777777777832,840.2777777777832,840.2777777777832,840.2777777777832,840.2777777777832,840.2777777777832,840.2777777777832,840.2777777777832,840.2777777777832,840.2777777777832,840.2777777777832,840.2777777777832,840.2777777777832,840.2777777777832,840.2777777777832,840.2777777777832,840.2777777777832,840.2777777777832,840.2777777777832,840.2777777777832,840.2777777777832,840.2777777777832,840.2777777777832,840.2777777777832,840.2777777777832,840.2777777777832,840.2777777777832,840.2777777777832,840.2777777777832,840.2777777777832,840.2777777777832,840.2777777777832,840.2777777777832,840.2777777777832,840.2777777777832,840.2777777777832,840.2777777777832,840.2777777777832,840.2777777777832,840.2777777777832,840.2777777777832,840.2777777777832,840.2777777777832,840.2777777777832,840.2777777777832,840.2777777777832,840.2777777777832,840.2777777777832,840.2777777777832,840.2777777777832,840.2777777777832,840.2777777777832,840.2777777777832,840.2777777777832,840.2777777777832,840.2777777777832,840.2777777777832,840.2777777777832,840.2777777777832,840.2777777777832,840.2777777777832,840.2777777777832,840.2777777777832,840.2777777777832,840.2777777777832,840.2777777777832,840.2777777777832,840.2777777777832,840.2777777777832,840.2777777777832,840.2777777777832,840.2777777777832,840.2777777777832,840.2777777777832,840.2777777777832,840.2777777777832,840.2777777777832,840.2777777777832,840.2777777777832,840.2777777777832,840.2777777777832,840.2777777777832,840.2777777777832,840.2777777777832,840.2777777777832,840.2777777777832,840.2777777777832,840.2777777777832,840.2777777777832,840.2777777777832,840.2777777777832,840.2777777777832,840.2777777777832,840.2777777777832,840.2777777777832,840.2777777777832,840.2777777777832,840.2777777777832,840.2777777777832,840.2777777777832,840.2777777777832,840.2777777777832,840.2777777777832,840.2777777777832,840.2777777777832,840.2777777777832,840.2777777777832,840.2777777777832,840.2777777777832,840.2777777777832,840.2777777777832,840.2777777777832,840.2777777777832,840.2777777777832,840.2777777777832,840.2777777777832,840.2777777777832,840.2777777777832,840.2777777777832,840.2777777777832,840.2777777777832,840.2777777777832,840.2777777777832,840.2777777777832,840.2777777777832,840.2777777777832,840.2777777777832,840.2777777777832,840.2777777777832,840.2777777777832,840.2777777777832,840.2777777777832,840.2777777777832,840.2777777777832,840.2777777777832,840.2777777777832,840.2777777777832,840.2777777777832,840.2777777777832,840.2777777777832,840.2777777777832,840.2777777777832,840.2777777777832,840.2777777777832,840.2777777777832,840.2777777777832,840.2777777777832,840.2777777777832,840.2777777777832,840.2777777777832,840.2777777777832,840.2777777777832,840.2777777777832,840.2777777777832,840.2777777777832,840.2777777777832,840.2777777777832,840.2777777777832,840.2777777777832,840.2777777777832,840.2777777777832,840.2777777777832,840.2777777777832,840.2777777777832,840.2777777777832,840.2777777777832,840.2777777777832,840.2777777777832,840.2777777777832,840.2777777777832,840.2777777777832,840.2777777777832,840.2777777777832,840.2777777777832,840.2777777777832,840.2777777777832,840.2777777777832,840.2777777777832,840.2777777777832,840.2777777777832,840.2777777777832,840.2777777777832,840.2777777777832,840.2777777777832,840.2777777777832,840.2777777777832,840.2777777777832,840.2777777777832,840.2777777777832,840.2777777777832,840.2777777777832,840.2777777777832,840.2777777777832,840.2777777777832,840.2777777777832,840.2777777777832,840.2777777777832,840.2777777777832,840.2777777777832,840.2777777777832,840.2777777777832,840.2777777777832,840.2777777777832,840.2777777777832,840.2777777777832,840.2777777777832,840.2777777777832,840.2777777777832,840.2777777777832,840.2777777777832,840.2777777777832,840.2777777777832,840.2777777777832,840.2777777777832,840.2777777777832,840.2777777777832,840.2777777777832,840.2777777777832,840.2777777777832,840.2777777777832,840.2777777777832,840.2777777777832,840.2777777777832,840.2777777777832,840.2777777777832,840.2777777777832,840.2777777777832,840.2777777777832,840.2777777777832,840.2777777777832,840.2777777777832,840.2777777777832,840.2777777777832,840.2777777777832,840.2777777777832,840.2777777777832,840.2777777777832,840.2777777777832,840.2777777777832,840.2777777777832,840.2777777777832,840.2777777777832,840.2777777777832,840.2777777777832,840.2777777777832,840.2777777777832,840.2777777777832,840.2777777777832,840.2777777777832,840.2777777777832,840.2777777777832,840.2777777777832,840.2777777777832,840.2777777777832,840.2777777777832,840.2777777777832,840.2777777777832,840.2777777777832,840.2777777777832,840.2777777777832,840.2777777777832,840.2777777777832,840.2777777777832,840.2777777777832,840.2777777777832,840.2777777777832,840.2777777777832,840.2777777777832,840.2777777777832,840.2777777777832,840.2777777777832,840.2777777777832,840.2777777777832,840.2777777777832,840.2777777777832,840.2777777777832,840.2777777777832,840.2777777777832,840.2777777777832,840.2777777777832,840.2777777777832,840.2777777777832,840.2777777777832,840.2777777777832,840.2777777777832,840.2777777777832,840.2777777777832,840.2777777777832,840.2777777777832,840.2777777777832,840.2777777777832,840.2777777777832,840.2777777777832,840.2777777777832,840.2777777777832,840.2777777777832,840.2777777777832,840.2777777777832,840.2777777777832,840.2777777777832,840.2777777777832,840.2777777777832,840.2777777777832,840.2777777777832,840.2777777777832,840.2777777777832,840.2777777777832,840.2777777777832,840.2777777777832,840.2777777777832,840.2777777777832,840.2777777777832,840.2777777777832,840.2777777777832,840.2777777777832,840.2777777777832,840.2777777777832,840.2777777777832,840.2777777777832,840.2777777777832,840.2777777777832,840.2777777777832,840.2777777777832,840.2777777777832,840.2777777777832,840.2777777777832,840.2777777777832,840.2777777777832,840.2777777777832,840.2777777777832,840.2777777777832,840.2777777777832,840.2777777777832,840.2777777777832,840.2777777777832,840.2777777777832,840.2777777777832,840.2777777777832,840.2777777777832,840.2777777777832,840.2777777777832,840.2777777777832,840.2777777777832,840.2777777777832,840.2777777777832,840.2777777777832,840.2777777777832,840.2777777777832,840.2777777777832,840.2777777777832,840.2777777777832,840.2777777777832,840.2777777777832,840.2777777777832,840.2777777777832,840.2777777777832,840.2777777777832,840.2777777777832,840.2777777777832,840.2777777777832,840.2777777777832,840.2777777777832,840.2777777777832,840.2777777777832,840.2777777777832,840.2777777777832,840.2777777777832,840.2777777777832,840.2777777777832,840.2777777777832,840.2777777777832,840.2777777777832,840.2777777777832,840.2777777777832,840.2777777777832,840.2777777777832,840.2777777777832,840.2777777777832,840.2777777777832,840.2777777777832,840.2777777777832,840.2777777777832,840.2777777777832,840.2777777777832,840.2777777777832,840.2777777777832,840.2777777777832,840.2777777777832,840.2777777777832,840.2777777777832,840.2777777777832,840.2777777777832,840.2777777777832,840.2777777777832,840.2777777777832,840.2777777777832,840.2777777777832,840.2777777777832,840.2777777777832,840.2777777777832,840.2777777777832,840.2777777777832,840.2777777777832,840.2777777777832,840.2777777777832,840.2777777777832,840.2777777777832,840.2777777777832,840.2777777777832,840.2777777777832,840.2777777777832,840.2777777777832,840.2777777777832,840.2777777777832,840.2777777777832,840.2777777777832,840.2777777777832,840.2777777777832,840.2777777777832,840.2777777777832,840.2777777777832,840.2777777777832,840.2777777777832,840.2777777777832,840.2777777777832,840.2777777777832,840.2777777777832,840.2777777777832,840.2777777777832,840.2777777777832,840.2777777777832,840.2777777777832,840.2777777777832,840.2777777777832,840.2777777777832,840.2777777777832,840.2777777777832,840.2777777777832,840.2777777777832,840.2777777777832,840.2777777777832,840.2777777777832,840.2777777777832,840.2777777777832,840.2777777777832,840.2777777777832,840.2777777777832,840.2777777777832,840.2777777777832,840.2777777777832,840.2777777777832,840.2777777777832,840.2777777777832,840.2777777777832,840.2777777777832,840.2777777777832,840.2777777777832,840.2777777777832,840.2777777777832,840.2777777777832,840.2777777777832,840.2777777777832,840.2777777777832,840.2777777777832,840.2777777777832,840.2777777777832,840.2777777777832,840.2777777777832,840.2777777777832,840.2777777777832,840.2777777777832,840.2777777777832,840.2777777777832,840.2777777777832,840.2777777777832,840.2777777777832,840.2777777777832,840.2777777777832,840.2777777777832,840.2777777777832,840.2777777777832,840.2777777777832,840.2777777777832,840.2777777777832,840.2777777777832,840.2777777777832,840.2777777777832,840.2777777777832,840.2777777777832,840.2777777777832,840.2777777777832,840.2777777777832,840.2777777777832,840.2777777777832,840.2777777777832,840.2777777777832,840.2777777777832,840.2777777777832,840.2777777777832,840.2777777777832,840.2777777777832,840.2777777777832,840.2777777777832,840.2777777777832,840.2777777777832,840.2777777777832,840.2777777777832,840.2777777777832,840.2777777777832,840.2777777777832,840.2777777777832,840.2777777777832,840.2777777777832,840.2777777777832,840.2777777777832,840.2777777777832,840.2777777777832,840.2777777777832,840.2777777777832,840.2777777777832,840.2777777777832,840.2777777777832,840.2777777777832,840.2777777777832,840.2777777777832,840.2777777777832,840.2777777777832,840.2777777777832,840.2777777777832,840.2777777777832,840.2777777777832,840.2777777777832,840.2777777777832,840.2777777777832,840.2777777777832,840.2777777777832,840.2777777777832,840.2777777777832,840.2777777777832,840.2777777777832,840.2777777777832,840.2777777777832,840.2777777777832,840.2777777777832,840.2777777777832,840.2777777777832,840.2777777777832,840.2777777777832,840.2777777777832,840.2777777777832,840.2777777777832,840.2777777777832,840.2777777777832,840.2777777777832,840.2777777777832,840.2777777777832,840.2777777777832,840.2777777777832,840.2777777777832,840.2777777777832,840.2777777777832,840.2777777777832,840.2777777777832,840.2777777777832,840.2777777777832,840.2777777777832,840.2777777777832,840.2777777777832,840.2777777777832,840.2777777777832,840.2777777777832,840.2777777777832,840.2777777777832,840.2777777777832,840.2777777777832,840.2777777777832,840.2777777777832,840.2777777777832,840.2777777777832,840.2777777777832,840.2777777777832,840.2777777777832,840.2777777777832,840.2777777777832,840.2777777777832,840.2777777777832,840.2777777777832,840.2777777777832,840.2777777777832,840.2777777777832,840.2777777777832,840.2777777777832,840.2777777777832,840.2777777777832,840.2777777777832,840.2777777777832,840.2777777777832,840.2777777777832,840.2777777777832,840.2777777777832,840.2777777777832,840.2777777777832,840.2777777777832,840.2777777777832,840.2777777777832,840.2777777777832,840.2777777777832,840.2777777777832,840.2777777777832,840.2777777777832,840.2777777777832,840.2777777777832,840.2777777777832,840.2777777777832,840.2777777777832,840.2777777777832,840.2777777777832,840.2777777777832,840.2777777777832,840.2777777777832,840.2777777777832,840.2777777777832,840.2777777777832,840.2777777777832,840.2777777777832,840.2777777777832,840.2777777777832,840.2777777777832,840.2777777777832,840.2777777777832,840.2777777777832,840.2777777777832,840.2777777777832,840.2777777777832,840.2777777777832,840.2777777777832,840.2777777777832,840.2777777777832,840.2777777777832,840.2777777777832,840.2777777777832,840.2777777777832,840.2777777777832,840.2777777777832,840.2777777777832,840.2777777777832,840.2777777777832,840.2777777777832,840.2777777777832,840.2777777777832,840.2777777777832,840.2777777777832,840.2777777777832,840.2777777777832,840.2777777777832,840.2777777777832,840.2777777777832,840.2777777777832,840.2777777777832,840.2777777777832,840.2777777777832,840.2777777777832,840.2777777777832,840.2777777777832,840.2777777777832,840.2777777777832,840.2777777777832,840.2777777777832,840.2777777777832,840.2777777777832,840.2777777777832,840.2777777777832,840.2777777777832,840.2777777777832,840.2777777777832,840.2777777777832,840.2777777777832,840.2777777777832,840.2777777777832,840.2777777777832,840.2777777777832,840.2777777777832,840.2777777777832,840.2777777777832,840.2777777777832,840.2777777777832,840.2777777777832,840.2777777777832,840.2777777777832,840.2777777777832,840.2777777777832,840.2777777777832,840.2777777777832,840.2777777777832,840.2777777777832,840.2777777777832,840.2777777777832,840.2777777777832,840.2777777777832,840.2777777777832,840.2777777777832,840.2777777777832,840.2777777777832,840.2777777777832,840.2777777777832,840.2777777777832,840.2777777777832,840.2777777777832,840.2777777777832,840.2777777777832,840.2777777777832,840.2777777777832,840.2777777777832,840.2777777777832,840.2777777777832,840.2777777777832,840.2777777777832,840.2777777777832,840.2777777777832,840.2777777777832,840.2777777777832,840.2777777777832,840.2777777777832,840.2777777777832,840.2777777777832,840.2777777777832,840.2777777777832,840.2777777777832,840.2777777777832,840.2777777777832,840.2777777777832,840.2777777777832,840.2777777777832,840.2777777777832,840.2777777777832,840.2777777777832,840.2777777777832,840.2777777777832,840.2777777777832,840.2777777777832,840.2777777777832,840.2777777777832,840.2777777777832,840.2777777777832,840.2777777777832,840.2777777777832,840.2777777777832,840.2777777777832,840.2777777777832,840.2777777777832,840.2777777777832,840.2777777777832,840.2777777777832,840.2777777777832,840.2777777777832,840.2777777777832,840.2777777777832,840.2777777777832,840.2777777777832,840.2777777777832,840.2777777777832,840.2777777777832,840.2777777777832,840.2777777777832,840.2777777777832,840.2777777777832,840.2777777777832,840.2777777777832,840.2777777777832,840.2777777777832,840.2777777777832,840.2777777777832,840.2777777777832,840.2777777777832,840.2777777777832,840.2777777777832,840.2777777777832,840.2777777777832,840.2777777777832,840.2777777777832,840.2777777777832,840.2777777777832,840.2777777777832,840.2777777777832,840.2777777777832,840.2777777777832,840.2777777777832,840.2777777777832,840.2777777777832,840.2777777777832,840.2777777777832,840.2777777777832,840.2777777777832,840.2777777777832,840.2777777777832,840.2777777777832,840.2777777777832,840.2777777777832,840.2777777777832,840.2777777777832,840.2777777777832,840.2777777777832,840.2777777777832,840.2777777777832,840.2777777777832,840.2777777777832,840.2777777777832,840.2777777777832,840.2777777777832,840.2777777777832,840.2777777777832,840.2777777777832,840.2777777777832,840.2777777777832,840.2777777777832,840.2777777777832,840.2777777777832,840.2777777777832,840.2777777777832,840.2777777777832,840.2777777777832,840.2777777777832,840.2777777777832,840.2777777777832,840.2777777777832,840.2777777777832,840.2777777777832,840.2777777777832,840.2777777777832,840.2777777777832,840.2777777777832,840.2777777777832,840.2777777777832,840.2777777777832,840.2777777777832,840.2777777777832,840.2777777777832,840.2777777777832,840.2777777777832,840.2777777777832,840.2777777777832,840.2777777777832,840.2777777777832,840.2777777777832,840.2777777777832,840.2777777777832,840.2777777777832,840.2777777777832,840.2777777777832,840.2777777777832,840.2777777777832,840.2777777777832,840.2777777777832,840.2777777777832,840.2777777777832,840.2777777777832,840.2777777777832,840.2777777777832,840.2777777777832,840.2777777777832,840.2777777777832,840.2777777777832,840.2777777777832,840.2777777777832,840.2777777777832,840.2777777777832,840.2777777777832,840.2777777777832,840.2777777777832,840.2777777777832,840.2777777777832,840.2777777777832,840.2777777777832,840.2777777777832,840.2777777777832,840.2777777777832,840.2777777777832,840.2777777777832,840.2777777777832,840.2777777777832,840.2777777777832,840.2777777777832,840.2777777777832,840.2777777777832,840.2777777777832,840.2777777777832,840.2777777777832,840.2777777777832,840.2777777777832,840.2777777777832,840.2777777777832,840.2777777777832,840.2777777777832,840.2777777777832,840.2777777777832,840.2777777777832,840.2777777777832,840.2777777777832,840.2777777777832,840.2777777777832,840.2777777777832,840.2777777777832,840.2777777777832,840.2777777777832,840.2777777777832,840.2777777777832,840.2777777777832,840.2777777777832,840.2777777777832,840.2777777777832,840.2777777777832,840.2777777777832,840.2777777777832,840.2777777777832,840.2777777777832,840.2777777777832,840.2777777777832,840.2777777777832,840.2777777777832,840.2777777777832,840.2777777777832,840.2777777777832,840.2777777777832,840.2777777777832,840.2777777777832,840.2777777777832,840.2777777777832,840.2777777777832,840.2777777777832,840.2777777777832,840.2777777777832,840.2777777777832,840.2777777777832,840.2777777777832,840.2777777777832,840.2777777777832,840.2777777777832,840.2777777777832,840.2777777777832,840.2777777777832,840.2777777777832,840.2777777777832,840.2777777777832,840.2777777777832,840.2777777777832,840.2777777777832,840.2777777777832,840.2777777777832,840.2777777777832,840.2777777777832,840.2777777777832,840.2777777777832,840.2777777777832,840.2777777777832,840.2777777777832,840.2777777777832,840.2777777777832,840.2777777777832,840.2777777777832,840.2777777777832,840.2777777777832,840.2777777777832,840.2777777777832,840.2777777777832,840.2777777777832,840.2777777777832,840.2777777777832,840.2777777777832,840.2777777777832,840.2777777777832,840.2777777777832,840.2777777777832,840.2777777777832,840.2777777777832,840.2777777777832,840.2777777777832,840.2777777777832,840.2777777777832,840.2777777777832,840.2777777777832,840.2777777777832,840.2777777777832,840.2777777777832,840.2777777777832,840.2777777777832,840.2777777777832,840.2777777777832,840.2777777777832,840.2777777777832,840.2777777777832,840.2777777777832,840.2777777777832,840.2777777777832,840.2777777777832,840.2777777777832,840.2777777777832,840.2777777777832,840.2777777777832,840.2777777777832,840.2777777777832,840.2777777777832,840.2777777777832,840.2777777777832,840.2777777777832,840.2777777777832,840.2777777777832,840.2777777777832,840.2777777777832,840.2777777777832,840.2777777777832,840.2777777777832,840.2777777777832,840.2777777777832,840.2777777777832,840.2777777777832,840.2777777777832,840.2777777777832,840.2777777777832,840.2777777777832,840.2777777777832,840.2777777777832,840.2777777777832,840.2777777777832,840.2777777777832,840.2777777777832,840.2777777777832,840.2777777777832,840.2777777777832,840.2777777777832,840.2777777777832,840.2777777777832,840.2777777777832,840.2777777777832,840.2777777777832,840.2777777777832,840.2777777777832,840.2777777777832,840.2777777777832,840.2777777777832,840.2777777777832,840.2777777777832,840.2777777777832,840.2777777777832,840.2777777777832,840.2777777777832,840.2777777777832,840.2777777777832,840.2777777777832,840.2777777777832,840.2777777777832,840.2777777777832,840.2777777777832,840.2777777777832,840.2777777777832,840.2777777777832,840.2777777777832,840.2777777777832,840.2777777777832,840.2777777777832,840.2777777777832,840.2777777777832,840.2777777777832,840.2777777777832,840.2777777777832,840.2777777777832,840.2777777777832,840.2777777777832,840.2777777777832,840.2777777777832,840.2777777777832,840.2777777777832,840.2777777777832,840.2777777777832,840.2777777777832,840.2777777777832,840.2777777777832,840.2777777777832,840.2777777777832,840.2777777777832,840.2777777777832,840.2777777777832,840.2777777777832,840.2777777777832,840.2777777777832,840.2777777777832,840.2777777777832,840.2777777777832,840.2777777777832,840.2777777777832,840.2777777777832,840.2777777777832,840.2777777777832,840.2777777777832,840.2777777777832,840.2777777777832,840.2777777777832,840.2777777777832,840.2777777777832,840.2777777777832,840.2777777777832,840.2777777777832,840.2777777777832,840.2777777777832,840.2777777777832,840.2777777777832,840.2777777777832,840.2777777777832,840.2777777777832,840.2777777777832,840.2777777777832,840.2777777777832,840.2777777777832,840.2777777777832,840.2777777777832,840.2777777777832,840.2777777777832,840.2777777777832,840.2777777777832,840.2777777777832,840.2777777777832,840.2777777777832,840.2777777777832,840.2777777777832,840.2777777777832,840.2777777777832,840.2777777777832,840.2777777777832,840.2777777777832,840.2777777777832,840.2777777777832,840.2777777777832,840.2777777777832,840.2777777777832,840.2777777777832,840.2777777777832,840.2777777777832,840.2777777777832,840.2777777777832,840.2777777777832,840.2777777777832,840.2777777777832,840.2777777777832,840.2777777777832,840.2777777777832,840.2777777777832,840.2777777777832,840.2777777777832,840.2777777777832,840.2777777777832,840.2777777777832,840.2777777777832,840.2777777777832
scores,527.0,527.0,542.0,472.0,498.0,720.0,455.0,600.0,574.0,517.0,546.0,579.0,460.0,475.0,541.0,539.0,536.0,625.0,530.0,485.0,551.0,564.0,511.0,553.0,561.0,489.0,598.0,476.0,606.0,563.0,650.0,518.0,553.0,659.0,682.0,490.0,539.0,529.0,533.0,596.0,591.0,613.0,570.0,611.0,489.0,546.0,598.0,614.0,621.0,523.0,503.0,665.0,666.0,604.0,737.0,582.0,566.0,587.0,604.0,583.0,507.0,620.0,479.0,563.0,563.0,661.0,571.0,676.0,662.0,623.0,641.0,622.0,744.0,664.0,632.0,582.0,575.0,613.0,632.0,564.0,613.0,659.0,581.0,638.0,598.0,627.0,478.0,521.0,637.0,499.0,631.0,560.0,607.0,593.0,603.0,565.0,592.0,561.0,554.0,579.0,548.0,587.0,537.0,605.0,559.0,502.0,677.0,516.0,545.0,590.0,558.0,570.0,686.0,535.0,611.0,552.0,601.0,485.0,685.0,546.0,639.0,589.0,685.0,552.0,582.0,530.0,578.0,510.0,576.0,622.0,573.0,540.0,488.0,579.0,570.0,530.0,577.0,569.0,546.0,617.0,637.0,666.0,487.0,528.0,553.0,561.0,489.0,570.0,565.0,475.0,510.0,547.0,494.0,492.0,512.0,539.0,525.0,549.0,592.0,558.0,561.0,626.0,589.0,564.0,563.0,507.0,574.0,507.0,565.0,514.0,529.0,528.0,507.0,590.0,546.0,494.0,549.0,525.0,506.0,502.0,479.0,535.0,559.0,546.0,515.0,502.0,551.0,548.0,553.0,582.0,531.0,558.0,490.0,616.0,519.0,518.0,556.0,533.0,602.0,555.0,504.0,545.0,547.0,569.0,509.0,508.0,541.0,464.0,496.0,504.0,511.0,497.0,482.0,555.0,460.0,524.0,490.0,468.0,494.0,517.0,542.0,473.0,451.0,501.0,456.0,456.0,499.0,508.0,480.0,503.0,488.0,502.0,499.0,466.0,472.0,486.0,503.0,482.0,465.0,439.0,439.0,472.0,467.0,493.0,504.0,474.0,438.0,410.0,481.0,458.0,486.0,467.0,478.0,463.0,463.0,457.0,480.0,465.0,463.0,483.0,420.0,445.0,451.0,473.0,465.0,443.0,453.0,436.0,454.0,440.0,434.0,450.0,449.0,439.0,453.0,431.0,451.0,430.0,413.0,449.0,422.0,427.0,435.0,439.0,423.0,402.0,418.0,420.0,412.0,410.0,415.0,412.0,414.0,414.0,403.0,407.0,417.0,412.0,432.0,430.0,421.0,412.0,409.0,431.0,406.0,415.0,433.0,423.0,410.0,412.0,431.0,419.0,426.0,430.0,416.0,422.0,417.0,422.0,407.0,405.0,420.0,416.0,406.0,413.0,420.0,433.0,426.0,430.0,411.0,418.0,415.0,412.0,409.0,410.0,416.0,416.0,404.0,417.0,414.0,422.0,424.0,409.0,405.0,412.0,424.0,415.0,403.0,412.0,429.0,414.0,407.0,421.0,421.0,418.0,424.0,412.0,411.0,418.0,417.0,428.0,415.0,419.0,411.0,402.0,417.0,408.0,412.0,419.0,412.0,426.0,430.0,436.0,420.0,414.0,419.0,416.0,421.0,415.0,408.0,415.0,413.0,412.0,424.0,409.0,422.0,423.0,410.0,405.0,404.0,411.0,406.0,417.0,425.0,403.0,412.0,418.0,425.0,415.0,411.0,409.0,414.0,422.0,416.0,412.0,413.0,418.0,406.0,408.0,413.0,421.0,410.0,419.0,409.0,403.0,429.0,407.0,417.0,417.0,411.0,408.0,429.0,420.0,412.0,414.0,401.0,425.0,417.0,414.0,413.0,422.0,422.0,421.0,419.0,415.0,410.0,402.0,420.0,419.0,410.0,412.0,417.0,421.0,414.0,406.0,418.0,412.0,401.0,410.0,423.0,415.0,412.0,430.0,427.0,408.0,399.0,413.0,434.0,414.0,426.0,402.0,421.0,417.0,415.0,416.0,428.0,412.0,413.0,414.0,422.0,407.0,430.0,412.0,411.0,428.0,422.0,427.0,421.0,412.0,407.0,406.0,424.0,428.0,415.0,415.0,424.0,430.0,421.0,416.0,416.0,413.0,414.0,409.0,417.0,417.0,421.0,420.0,420.0,424.0,416.0,412.0,413.0,417.0,423.0,416.0,425.0,423.0,426.0,418.0,415.0,408.0,418.0,415.0,410.0,407.0,417.0,404.0,409.0,419.0,411.0,412.0,430.0,421.0,420.0,415.0,406.0,410.0,415.0,417.0,418.0,432.0,423.0,403.0,417.0,410.0,417.0,406.0,406.0,402.0,413.0,421.0,408.0,405.0,414.0,411.0,421.0,409.0,423.0,409.0,429.0,406.0,409.0,419.0,405.0,430.0,421.0,410.0,424.0,423.0,423.0,410.0,430.0,409.0,418.0,425.0,412.0,423.0,410.0,415.0,401.0,408.0,427.0,426.0,411.0,433.0,403.0,418.0,416.0,408.0,417.0,414.0,420.0,416.0,417.0,406.0,418.0,404.0,413.0,417.0,423.0,434.0,406.0,416.0,414.0,424.0,415.0,412.0,415.0,411.0,410.0,416.0,405.0,420.0,416.0,415.0,416.0,410.0,418.0,416.0,405.0,421.0,415.0,417.0,416.0,416.0,415.0,421.0,420.0,415.0,422.0,409.0,413.0,418.0,409.0,407.0,418.0,423.0,416.0,410.0,413.0,429.0,406.0,426.0,412.0,407.0,410.0,413.0,406.0,419.0,407.0,404.0,419.0,417.0,420.0,409.0,412.0,423.0,418.0,411.0,417.0,412.0,421.0,413.0,420.0,411.0,405.0,416.0,407.0,423.0,413.0,417.0,430.0,411.0,422.0,418.0,424.0,406.0,414.0,410.0,418.0,415.0,414.0,427.0,408.0,422.0,428.0,419.0,417.0,399.0,425.0,410.0,414.0,409.0,418.0,404.0,407.0,411.0,413.0,420.0,403.0,406.0,408.0,419.0,425.0,410.0,414.0,423.0,424.0,422.0,420.0,415.0,414.0,414.0,416.0,409.0,419.0,424.0,418.0,412.0,412.0,412.0,402.0,408.0,410.0,422.0,419.0,422.0,417.0,417.0,418.0,414.0,410.0,419.0,420.0,413.0,414.0,419.0,407.0,414.0,424.0,414.0,423.0,414.0,414.0,413.0,421.0,422.0,407.0,424.0,405.0,420.0,422.0,414.0,420.0,421.0,420.0,419.0,430.0,404.0,423.0,420.0,417.0,409.0,411.0,417.0,425.0,403.0,433.0,413.0,429.0,418.0,405.0,411.0,424.0,427.0,409.0,416.0,413.0,411.0,414.0,405.0,416.0,432.0,407.0,401.0,421.0,419.0,420.0,431.0,403.0,426.0,424.0,415.0,416.0,416.0,415.0,408.0,409.0,427.0,427.0,417.0,421.0,417.0,409.0,416.0,428.0,413.0,419.0,413.0,399.0,403.0,413.0,409.0,412.0,411.0,409.0,414.0,419.0,419.0,405.0,418.0,423.0,424.0,420.0,414.0,410.0,426.0,416.0,401.0,414.0,414.0,412.0,414.0,406.0,410.0,418.0,426.0,426.0,428.0,411.0,408.0,411.0,404.0,413.0,409.0,407.0,414.0,421.0,407.0,418.0,410.0,422.0,417.0,406.0,434.0,411.0,401.0,414.0,408.0,434.0,416.0,411.0,412.0,416.0,427.0,409.0,427.0,419.0,413.0,414.0,428.0,409.0,417.0,417.0,413.0,403.0,405.0,412.0,411.0,420.0,428.0,413.0,420.0,420.0,397.0,409.0,426.0,417.0,414.0,417.0,421.0,417.0,416.0,418.0,409.0,405.0,428.0,417.0,421.0,432.0,417.0,416.0,425.0,417.0,430.0,433.0,415.0,405.0,411.0,412.0,425.0,419.0,417.0,414.0,411.0,414.0,409.0,413.0,408.0,412.0,414.0,423.0,413.0,415.0,411.0,423.0,414.0,400.0,413.0,426.0,413.0,411.0,421.0,415.0,418.0,404.0,416.0,403.0,411.0,418.0,414.0,414.0,419.0,414.0,413.0,409.0,408.0,426.0,418.0,415.0,401.0,428.0,413.0,408.0,414.0,416.0,417.0,413.0,429.0,411.0,412.0,399.0,425.0,407.0,416.0,417.0,425.0,418.0,415.0,415.0,411.0,408.0,407.0,419.0,416.0,414.0,410.0,446.0,421.0,417.0,409.0,422.0,420.0,399.0,412.0,418.0,414.0,413.0,408.0,419.0,429.0,423.0,404.0,424.0,413.0,408.0,417.0,426.0,432.0,413.0,424.0,436.0,401.0,402.0,426.0,411.0,421.0,428.0,414.0,420.0,422.0,420.0,409.0,423.0,410.0,418.0,411.0,420.0,415.0,423.0,393.0,413.0,419.0,420.0,420.0,417.0,414.0,409.0,419.0,419.0,420.0,426.0,414.0,414.0,422.0,414.0,420.0,408.0,421.0,409.0,417.0,419.0,407.0,411.0,421.0,408.0,407.0,408.0,415.0,416.0,425.0,415.0,414.0,414.0,435.0,420.0,411.0,418.0,421.0,406.0,421.0,426.0,413.0,416.0,422.0,422.0,416.0,417.0,423.0,417.0,419.0,415.0,416.0,419.0,413.0,423.0,412.0,420.0,430.0,422.0,423.0,410.0,405.0,415.0,422.0,408.0,407.0,421.0,419.0,433.0,414.0,423.0,414.0,425.0,410.0,428.0,418.0,434.0,410.0,435.0,417.0,396.0,420.0,415.0,420.0,410.0,419.0,417.0,426.0,406.0,421.0,424.0,430.0,411.0,415.0,426.0,443.0,417.0,421.0,432.0,436.0,406.0,400.0,416.0,405.0,415.0,427.0,419.0,411.0,408.0,421.0,424.0,413.0,412.0,413.0,421.0,422.0,403.0,414.0,404.0,409.0,423.0,418.0,423.0,415.0,403.0,404.0,421.0,419.0,415.0,417.0,412.0,410.0,418.0,418.0,408.0,417.0,415.0,408.0,417.0,415.0,409.0,418.0,408.0,419.0,416.0,426.0,414.0,399.0,418.0,411.0,428.0,419.0,422.0,413.0,426.0,435.0,409.0,407.0,413.0,421.0,407.0,407.0,443.0,424.0,425.0,419.0,415.0,417.0,422.0,409.0,416.0,404.0,412.0,421.0,420.0,418.0,420.0,414.0,418.0,423.0,423.0,423.0,429.0,417.0,417.0,413.0,418.0,412.0,418.0,418.0,438.0,403.0,425.0,419.0,417.0,417.0,404.0,422.0,415.0,408.0,411.0,410.0,416.0,416.0,432.0,418.0,418.0,416.0,421.0,432.0,426.0,420.0,424.0,406.0,410.0,407.0,411.0,414.0,420.0,424.0,418.0,411.0,410.0,408.0,414.0,415.0,421.0,425.0,417.0,417.0,410.0,404.0,415.0,410.0,416.0,428.0,419.0,411.0,415.0,414.0,410.0,417.0,420.0,425.0,413.0,415.0,419.0,421.0,415.0,411.0,406.0,428.0,408.0,415.0,433.0,427.0,422.0,406.0,413.0,411.0,428.0,419.0,404.0,415.0,427.0,407.0,411.0,413.0,414.0,415.0,410.0,426.0,418.0,422.0,416.0,415.0,421.0,411.0,410.0,416.0,425.0,414.0,412.0,415.0,423.0,425.0,422.0,406.0,421.0,420.0,415.0,415.0,424.0,428.0,424.0,421.0,413.0,408.0,426.0,422.0,420.0,407.0,421.0,414.0,413.0,413.0,424.0,416.0,405.0,429.0,413.0,414.0,423.0,400.0,413.0,414.0,407.0,419.0,421.0,409.0,408.0,425.0,416.0,418.0,418.0,420.0,430.0,422.0,400.0,417.0,408.0,434.0,424.0,436.0,409.0,414.0,428.0,423.0,425.0,423.0,426.0,412.0,434.0,410.0,418.0,427.0,415.0,412.0,421.0,411.0,420.0,429.0,413.0,413.0,409.0,417.0,427.0,439.0,405.0,425.0,410.0,412.0,407.0,417.0,428.0,416.0,408.0,413.0,427.0,432.0,418.0,412.0,422.0,421.0,416.0,421.0,420.0,419.0,407.0,406.0,419.0,412.0,415.0,413.0,412.0,410.0,415.0,420.0,416.0,415.0,422.0,422.0,415.0,426.0,423.0,430.0,411.0,427.0,419.0,422.0,419.0,420.0,405.0,419.0,417.0,413.0,408.0,411.0,418.0,424.0,428.0,413.0,419.0,407.0,407.0,423.0,412.0,412.0,426.0,414.0,414.0,417.0,428.0,421.0,425.0,414.0,429.0,415.0,424.0,406.0,425.0,411.0,417.0,423.0,419.0,409.0,406.0,427.0,414.0,420.0,414.0,417.0,415.0,400.0,428.0,410.0,427.0,420.0,414.0,410.0,410.0,423.0,420.0,419.0,414.0,419.0,417.0,420.0,428.0,408.0,407.0,416.0,417.0,408.0,421.0,426.0,411.0,413.0,415.0,413.0,416.0,411.0,416.0,419.0,409.0,430.0,417.0,413.0,408.0,415.0,425.0,411.0,415.0,426.0,423.0,403.0,419.0,410.0,414.0,409.0,420.0,409.0,427.0,404.0,412.0,415.0,412.0,433.0,422.0,404.0,438.0,414.0,408.0,420.0,408.0,409.0,421.0,407.0,411.0,419.0,419.0,427.0,418.0,419.0,413.0,431.0,415.0,412.0,414.0,419.0,425.0,425.0,422.0,427.0,424.0,428.0,413.0,422.0,392.0,415.0,414.0,421.0,411.0,426.0,420.0,422.0,416.0,424.0,424.0,416.0,404.0,417.0,420.0,415.0,419.0,414.0,422.0,415.0,423.0,412.0,421.0,415.0,431.0,414.0,416.0,423.0,425.0,418.0,404.0,422.0,410.0,428.0,407.0,425.0,411.0,416.0,408.0,416.0,411.0,414.0,412.0,406.0,417.0,416.0,412.0,420.0,425.0,421.0,421.0,412.0,414.0,405.0,415.0,418.0,413.0,419.0,413.0,422.0,418.0,409.0,416.0,408.0,404.0,427.0,424.0,423.0,408.0,422.0,413.0,430.0,418.0,415.0,422.0,416.0,419.0,407.0,411.0,416.0,411.0,417.0,412.0,405.0,426.0,423.0,419.0,413.0,425.0,408.0,419.0,422.0,419.0,426.0,426.0,424.0,422.0,423.0,418.0,412.0,414.0,425.0,415.0,422.0,419.0,424.0,420.0,418.0,409.0,421.0,416.0,418.0,423.0,408.0,424.0,425.0,413.0,406.0,421.0,418.0,423.0,412.0,416.0,419.0,421.0,414.0,425.0,411.0,410.0,427.0,405.0,417.0,400.0,423.0,419.0,417.0,421.0,408.0,417.0,406.0,415.0,418.0,421.0,411.0,417.0,426.0,405.0,415.0,424.0,425.0,416.0,427.0,429.0,420.0,402.0,415.0,428.0,440.0,409.0,414.0,405.0,421.0,417.0,416.0,425.0,410.0,405.0,415.0,419.0,403.0,408.0,413.0,422.0,419.0,407.0,400.0,414.0,420.0,415.0,403.0,416.0,425.0,413.0,400.0,420.0,420.0,415.0,411.0,417.0,413.0,425.0,412.0,415.0,414.0,418.0,398.0,399.0,426.0,440.0,425.0,407.0,409.0,419.0,406.0,423.0,415.0,417.0,421.0,413.0,417.0,437.0,420.0,419.0,423.0,418.0,406.0,424.0,430.0,414.0,421.0,417.0,418.0,403.0,422.0,418.0,413.0,410.0,408.0,423.0,416.0,425.0,411.0,418.0,415.0,427.0,416.0,430.0,409.0,405.0,410.0,413.0,427.0,412.0,423.0,434.0,418.0,415.0,417.0,418.0,417.0,415.0,400.0,423.0,416.0,419.0,415.0,420.0,413.0,409.0,423.0,416.0,415.0,421.0,413.0,414.0,415.0,423.0,418.0,420.0,414.0,412.0,421.0,407.0,403.0,411.0,409.0,414.0,404.0,420.0,418.0,413.0,420.0,408.0,419.0,404.0,418.0,405.0,411.0,420.0,410.0,417.0,422.0,416.0,419.0,416.0,413.0,419.0,413.0,414.0,408.0,415.0,411.0,398.0,412.0,414.0,424.0,417.0,420.0,401.0,407.0,419.0,426.0,408.0,416.0,422.0,419.0,413.0,417.0,410.0,425.0,403.0,416.0,414.0,425.0,419.0,411.0,400.0,416.0,415.0,419.0,418.0,425.0,411.0,414.0,405.0,415.0,417.0,413.0,426.0,419.0,416.0,420.0,406.0,417.0,425.0,428.0,419.0,410.0,411.0,428.0,422.0,434.0,412.0,422.0,417.0,414.0,420.0,405.0,418.0,418.0,414.0,407.0,427.0,406.0,418.0,416.0,420.0,419.0,416.0,417.0,417.0,405.0,421.0,430.0,420.0,416.0,413.0,414.0,409.0,420.0,418.0,424.0,421.0,416.0,411.0,415.0,413.0,421.0,422.0,419.0,427.0,416.0,419.0,419.0,408.0,413.0,403.0,406.0,415.0,417.0,407.0,408.0,420.0,414.0,413.0,415.0,424.0,419.0,413.0,406.0,418.0,413.0,424.0,411.0,414.0,413.0,412.0,423.0,420.0,407.0,405.0,410.0,415.0,420.0,411.0,409.0,414.0,422.0,401.0,415.0,406.0,424.0,421.0,404.0,438.0,404.0,416.0,404.0,424.0,422.0,416.0,420.0,420.0,429.0,428.0,412.0,423.0,418.0,423.0,414.0,419.0,412.0,423.0,418.0,404.0,416.0,418.0,403.0,418.0,416.0,411.0,422.0,413.0,414.0,424.0,414.0,426.0,415.0,414.0,425.0,412.0,420.0,422.0,417.0,411.0,427.0,414.0,412.0,396.0,420.0,412.0,412.0,407.0,418.0,417.0,417.0,415.0,408.0,419.0,415.0,412.0,401.0,422.0,423.0,415.0,410.0,428.0,425.0,436.0,414.0,411.0,412.0,408.0,427.0,421.0,412.0,411.0,428.0,413.0,426.0,402.0,420.0,417.0,402.0,411.0,414.0,414.0,435.0,444.0,417.0,420.0,418.0,419.0,427.0,410.0,410.0,423.0,431.0,399.0,398.0,417.0,423.0,415.0,412.0,419.0,431.0,422.0,413.0,417.0,416.0,416.0,414.0,409.0,415.0,425.0,408.0,417.0,423.0,416.0,415.0,419.0,423.0,420.0,408.0,419.0,415.0,410.0,414.0,405.0,397.0,407.0,398.0,416.0,421.0,418.0,419.0,406.0,420.0,419.0,416.0,412.0,430.0,418.0,408.0,415.0,408.0,405.0,411.0,402.0,417.0,412.0,408.0,411.0,417.0,418.0,421.0,399.0,419.0,421.0,411.0,423.0,425.0,413.0,419.0,416.0,421.0,420.0,421.0,410.0,408.0,404.0,425.0,426.0,417.0,392.0,405.0,429.0,412.0,414.0,417.0,418.0,422.0,424.0,417.0,406.0,424.0,415.0,411.0,416.0,410.0,420.0,413.0,407.0,406.0,403.0,428.0,421.0,419.0,409.0,416.0,415.0,430.0,409.0,415.0,421.0,419.0,419.0,400.0,415.0,411.0,407.0,414.0,409.0,410.0,431.0,427.0,408.0,408.0,421.0,420.0,405.0,411.0,425.0,413.0,399.0,409.0,414.0,415.0,408.0,423.0,406.0,425.0,411.0,410.0,422.0,419.0,405.0,406.0,406.0,428.0,420.0,433.0,403.0,419.0,415.0,425.0,414.0,424.0,415.0,411.0,422.0,422.0,419.0,408.0,414.0,409.0,430.0,415.0,415.0,415.0,423.0,424.0,421.0,412.0,405.0,416.0,421.0,414.0,407.0,415.0,401.0,408.0,412.0,420.0,407.0,426.0,423.0,417.0,415.0,422.0,415.0,413.0,421.0,415.0,421.0,413.0,415.0,409.0,401.0,423.0,415.0,412.0,410.0,428.0,412.0,404.0,419.0,422.0,398.0,407.0,423.0,417.0,409.0,412.0,422.0,411.0,418.0,426.0,414.0,417.0,413.0,420.0,409.0,421.0,415.0,419.0,416.0,413.0,426.0,417.0,422.0,417.0,407.0,425.0,420.0,421.0,412.0,413.0,420.0,428.0,417.0,420.0,413.0,416.0,422.0,440.0,414.0,418.0,415.0,423.0,419.0,415.0,420.0,422.0,412.0,429.0,419.0,418.0,424.0,416.0,410.0,423.0,402.0,408.0,411.0,406.0,426.0,415.0,409.0,418.0,438.0,413.0,412.0,418.0,419.0,414.0,407.0,420.0,428.0,417.0,424.0,418.0,405.0,419.0,408.0,409.0,413.0,407.0,417.0,426.0,420.0,411.0,414.0,420.0,415.0,406.0,398.0,427.0,425.0,425.0,419.0,431.0,416.0,418.0,435.0,414.0,420.0,420.0,412.0,415.0,414.0,412.0,425.0,421.0,416.0,433.0,426.0,418.0,420.0,415.0,409.0,408.0,406.0,410.0,416.0,404.0,412.0,428.0,404.0,418.0,416.0,431.0,415.0,414.0,403.0,417.0,421.0,419.0,422.0,406.0,425.0,421.0,417.0,417.0,415.0,416.0,414.0,419.0,411.0,410.0,418.0,411.0,421.0,421.0,419.0,416.0,416.0,417.0,414.0,407.0,412.0,418.0,418.0,419.0,416.0,421.0,411.0,423.0,427.0,419.0,411.0,419.0,420.0,411.0,427.0,402.0,424.0,431.0,416.0,403.0,425.0,418.0,415.0,409.0,409.0,419.0,413.0,422.0,419.0,427.0,418.0,395.0,406.0,427.0,414.0,425.0,424.0,417.0,423.0,414.0,413.0,424.0,423.0,410.0,402.0,416.0,421.0,428.0,401.0,417.0,416.0,428.0,418.0,415.0,429.0,408.0,420.0,416.0,423.0,430.0,436.0,427.0,404.0,416.0,414.0,419.0,420.0,418.0,406.0,426.0,409.0,413.0,414.0,413.0,411.0,413.0,420.0,415.0,401.0,428.0,418.0,426.0,428.0,419.0,421.0,417.0,406.0,424.0,406.0,407.0,422.0,421.0,430.0,419.0,415.0,410.0,408.0,418.0,415.0,407.0,419.0,416.0,418.0,420.0,419.0,412.0,419.0,429.0,424.0,415.0,420.0,407.0,422.0,414.0,416.0,413.0,412.0,435.0,419.0,422.0,412.0,422.0,407.0,418.0,420.0,424.0,423.0,412.0,412.0,419.0,418.0,423.0,420.0,427.0,411.0,418.0,406.0,428.0,426.0,410.0,418.0,408.0,423.0,416.0,418.0,420.0,411.0,420.0,429.0,414.0,403.0,408.0,418.0,418.0,410.0,420.0,423.0,406.0,413.0,403.0,425.0,416.0,422.0,409.0,429.0,416.0,430.0,417.0,410.0,413.0,403.0,427.0,421.0,417.0,408.0,419.0,415.0,416.0,423.0,402.0,418.0,422.0,404.0,430.0,410.0,407.0,413.0,414.0,419.0,425.0,405.0,412.0,420.0,416.0,408.0,406.0,413.0,428.0,411.0,418.0,411.0,416.0,416.0,437.0,421.0,408.0,435.0,409.0,435.0,413.0,420.0,417.0,414.0,416.0,414.0,417.0,421.0,421.0,416.0,412.0,418.0,414.0,410.0,418.0,411.0,423.0,407.0,420.0,403.0,417.0,424.0,418.0,416.0,428.0,418.0,407.0,419.0,420.0,427.0,417.0,407.0,405.0,418.0,426.0,421.0,430.0,412.0,424.0,428.0,422.0,423.0,413.0,406.0,411.0,424.0,419.0,402.0,424.0,427.0,413.0,406.0,415.0,418.0,415.0,421.0,409.0,413.0,413.0,426.0,416.0,425.0,437.0,414.0,416.0,416.0,421.0,422.0,412.0,421.0,407.0,423.0,410.0,416.0,416.0,409.0,410.0,402.0,422.0,421.0,418.0,379.0,417.0,419.0,428.0,418.0,421.0,420.0,422.0,417.0,415.0,413.0,420.0,425.0,404.0,426.0,420.0,426.0,434.0,422.0,418.0,410.0,416.0,416.0,420.0,424.0,418.0,408.0,419.0,416.0,421.0,409.0,415.0,417.0,430.0,416.0,424.0,406.0,417.0,406.0,415.0,413.0,397.0,426.0,415.0,413.0,411.0,422.0,423.0,414.0,419.0,407.0,421.0,415.0,413.0,412.0,409.0,417.0,424.0,416.0,407.0,431.0,404.0,420.0,408.0,402.0,418.0,411.0,408.0,416.0,414.0,423.0,417.0,417.0,413.0,429.0,417.0,424.0,415.0,409.0,415.0,423.0,409.0,413.0,416.0,405.0,413.0,413.0,395.0,422.0,412.0,408.0,431.0,414.0,411.0,412.0,409.0,417.0,416.0,422.0,414.0,405.0,429.0,413.0,405.0,406.0,415.0,414.0,420.0,409.0,419.0,418.0,411.0,418.0,410.0,416.0,411.0,417.0,401.0,417.0,413.0,413.0,418.0,419.0,414.0,411.0,409.0,412.0,417.0,412.0,421.0,413.0,411.0,404.0,426.0,418.0,410.0,409.0,401.0,413.0,420.0,425.0,421.0,407.0,419.0,413.0,422.0,410.0,420.0,423.0,415.0,405.0,418.0,415.0,428.0,413.0,410.0,415.0,417.0,409.0,432.0,433.0,416.0,413.0,403.0,412.0,405.0,412.0,410.0,417.0,408.0,420.0,420.0,417.0,408.0,422.0,419.0,421.0,426.0,414.0,427.0,402.0,417.0,399.0,425.0,423.0,423.0,405.0,410.0,417.0,410.0,409.0,418.0,411.0,425.0,431.0,410.0,410.0,415.0,401.0,408.0,428.0,409.0,420.0,433.0,414.0,420.0,422.0,417.0,419.0,424.0,425.0,407.0,433.0,427.0,424.0,419.0,417.0,425.0,408.0,407.0,414.0,418.0,425.0,424.0,397.0,421.0,425.0,431.0,419.0,412.0,407.0,411.0,415.0,406.0,411.0,414.0,415.0,410.0,417.0,416.0,411.0,424.0,416.0,431.0,410.0,421.0,402.0,408.0,418.0,419.0,416.0,401.0,414.0,416.0,426.0,424.0,419.0,408.0,403.0,400.0,408.0,409.0,415.0,412.0,419.0,414.0,418.0,416.0,411.0,409.0,419.0,413.0,428.0,432.0,420.0,411.0,417.0,424.0,426.0,408.0,407.0,412.0,412.0,415.0,414.0,410.0,415.0,422.0,413.0,407.0,424.0,410.0,420.0,417.0,420.0,414.0,423.0,411.0,418.0,428.0,422.0,416.0,412.0,420.0,413.0,417.0,421.0,421.0,406.0,406.0,418.0,409.0,405.0,417.0,407.0,419.0,431.0,427.0,419.0,410.0,418.0,410.0,412.0,428.0,415.0,425.0,421.0,405.0,425.0,427.0,421.0,418.0,420.0,407.0,426.0,416.0,418.0,410.0,412.0,418.0,416.0,433.0,420.0,404.0,414.0,426.0,406.0,417.0,425.0,417.0,409.0,417.0,407.0,428.0,425.0,412.0,423.0,404.0,410.0,408.0,422.0,413.0,413.0,403.0,418.0,422.0,417.0,441.0,413.0,425.0,423.0,420.0,419.0,416.0,408.0,424.0,426.0,428.0,409.0,416.0,425.0,407.0,417.0,426.0,430.0,420.0,427.0,423.0,411.0,423.0,418.0,428.0,420.0,430.0,421.0,413.0,413.0,420.0,414.0,416.0,419.0,423.0,410.0,418.0,419.0,411.0,412.0,417.0,407.0,422.0,406.0,423.0,412.0,422.0,410.0,394.0,428.0,415.0,425.0,414.0,412.0,409.0,414.0,416.0,410.0,415.0,419.0,420.0,424.0,407.0,417.0,415.0,412.0,411.0,404.0,428.0,419.0,422.0,428.0,403.0,423.0,412.0,414.0,413.0,416.0,408.0,422.0,409.0,426.0,402.0,411.0,429.0,407.0,404.0,418.0,419.0,414.0,429.0,422.0,423.0,414.0,421.0,409.0,418.0,406.0,415.0,412.0,400.0,421.0,404.0,400.0,415.0,410.0,430.0,407.0,413.0,423.0,415.0,411.0,428.0,414.0,416.0,415.0,416.0,407.0,412.0,424.0,431.0,417.0,412.0,417.0,399.0,415.0,425.0,417.0,421.0,414.0,425.0,424.0,417.0,424.0,421.0,420.0,410.0,413.0,407.0,418.0,422.0,427.0,421.0,412.0,424.0,419.0,403.0,408.0,418.0,417.0,416.0,421.0,405.0,422.0,411.0,419.0,410.0,422.0,409.0,418.0,420.0,411.0,422.0,415.0,411.0,417.0,413.0,417.0,410.0,413.0,427.0,425.0,422.0,423.0,421.0,411.0,399.0,409.0,417.0,425.0,406.0,425.0,416.0,417.0,418.0,415.0,394.0,412.0,426.0,412.0,428.0,425.0,414.0,405.0,418.0,420.0,411.0,422.0,411.0,412.0,432.0,424.0,438.0,398.0,416.0,411.0,426.0,425.0,425.0,413.0,410.0,420.0,421.0,413.0,420.0,411.0,426.0,414.0,413.0,416.0,421.0,419.0,405.0,404.0,397.0,422.0,416.0,435.0,421.0,432.0,407.0,408.0,421.0,411.0,406.0,415.0,412.0,411.0,400.0,409.0,410.0,425.0,411.0,409.0,413.0,408.0,421.0,418.0,412.0,410.0,422.0,426.0,424.0,425.0,409.0,425.0,421.0,408.0,415.0,420.0,415.0,417.0,416.0,408.0,412.0,405.0,409.0,424.0,411.0,417.0,421.0,409.0,413.0,412.0,414.0,405.0,414.0,414.0,412.0,418.0,418.0,422.0,408.0,421.0,413.0,409.0,415.0,408.0,415.0,410.0,405.0,418.0,404.0,416.0,414.0,412.0,404.0,421.0,416.0,415.0,420.0,418.0,411.0,406.0,419.0,414.0,421.0,416.0,411.0,422.0,409.0,433.0,417.0,408.0,412.0,393.0,410.0,416.0,412.0,414.0,417.0,422.0,427.0,404.0,429.0,415.0,419.0,425.0,411.0,413.0,438.0,414.0,420.0,411.0,415.0,417.0,420.0,425.0,420.0,417.0,419.0,423.0,428.0,426.0,418.0,421.0,414.0,413.0,419.0,426.0,438.0,412.0,408.0,412.0,419.0,413.0,418.0,407.0,418.0,418.0,395.0,429.0,416.0,406.0,421.0,417.0,419.0,415.0,428.0,415.0,410.0,424.0,409.0,421.0,429.0,413.0,417.0,419.0,415.0,417.0,422.0,413.0,409.0,411.0,418.0,406.0,413.0,419.0,413.0,430.0,425.0,427.0,423.0,420.0,426.0,412.0,420.0,421.0,412.0,407.0,413.0,408.0,418.0,396.0,416.0,412.0,414.0,416.0,421.0,416.0,421.0,419.0,421.0,413.0,419.0,418.0,409.0,398.0,415.0,423.0,423.0,416.0,411.0,415.0,426.0,409.0,416.0,416.0,407.0,411.0,417.0,414.0,420.0,408.0,411.0,416.0,416.0,419.0,420.0,414.0,416.0,428.0,413.0,417.0,425.0,428.0,424.0,412.0,418.0,418.0,422.0,411.0,419.0,408.0,420.0,407.0,412.0,407.0,418.0,403.0,426.0,407.0,417.0,418.0,410.0,416.0,418.0,413.0,405.0,410.0,406.0,426.0,418.0,410.0,401.0,415.0,419.0,420.0,426.0,410.0,414.0,415.0,410.0,408.0,419.0,439.0,418.0,415.0,414.0,423.0,411.0,416.0,408.0,416.0,421.0,425.0,413.0,419.0,416.0,412.0,418.0,400.0,418.0,414.0,404.0,417.0,406.0,423.0,433.0,424.0,417.0,418.0,425.0,420.0,408.0,413.0,410.0,414.0,417.0,427.0,424.0,418.0,417.0,419.0,422.0,409.0,426.0,411.0,396.0,416.0,423.0,418.0,414.0,423.0,408.0,416.0,412.0,409.0,406.0,408.0,416.0,412.0,409.0,416.0,425.0,409.0,405.0,417.0,418.0,419.0,418.0,425.0,408.0,422.0,417.0,412.0,425.0,421.0,416.0,401.0,425.0,414.0,413.0,425.0,416.0,419.0,406.0,430.0,406.0,419.0,415.0,415.0,422.0,403.0,409.0,416.0,424.0,425.0,436.0,421.0,411.0,409.0,420.0,425.0,431.0,409.0,403.0,429.0,425.0,417.0,423.0,406.0,418.0,414.0,413.0,426.0,418.0,415.0,418.0,456.0,409.0,421.0,426.0,407.0,426.0,416.0,414.0,424.0,410.0,424.0,411.0,410.0,422.0,416.0,423.0,414.0,406.0,423.0,415.0,418.0,411.0,413.0,411.0,401.0,412.0,409.0,412.0,415.0,419.0,428.0,423.0,414.0,401.0,427.0,432.0,411.0,414.0,412.0,413.0,420.0,404.0,413.0,413.0,404.0,412.0,425.0,424.0,419.0,418.0,414.0,418.0,411.0,423.0,409.0,422.0,421.0,418.0,414.0,412.0,414.0,424.0,412.0,410.0,418.0,410.0,424.0,409.0,407.0,411.0,417.0,419.0,417.0,412.0,430.0,419.0,416.0,415.0,417.0,398.0,412.0,424.0,418.0,430.0,430.0,400.0,419.0,421.0,417.0,419.0,414.0,420.0,409.0,407.0,409.0,398.0,410.0,413.0,424.0,417.0,419.0,424.0,401.0,437.0,412.0,411.0,417.0,413.0,425.0,407.0,418.0,414.0,418.0,414.0,419.0,410.0,407.0,400.0,426.0,434.0,416.0,425.0,420.0,416.0,411.0,419.0,416.0,434.0,420.0,421.0,418.0,415.0,418.0,421.0,413.0,423.0,425.0,415.0,418.0,430.0,411.0,427.0,410.0,420.0,423.0,421.0,407.0,407.0,408.0,417.0,426.0,426.0,432.0,413.0,426.0,418.0,416.0,411.0,405.0,426.0,428.0,424.0,423.0,421.0,415.0,421.0,400.0,416.0,409.0,419.0,400.0,416.0,413.0,414.0,426.0,415.0,412.0,421.0,415.0,426.0,421.0,413.0,412.0,423.0,414.0,405.0,409.0,415.0,412.0,408.0,413.0,410.0,413.0,427.0,412.0,403.0,408.0,418.0,408.0,428.0,405.0,421.0,424.0,418.0,407.0,414.0,414.0,408.0,406.0,417.0,403.0,424.0,406.0,408.0,422.0,426.0,412.0,423.0,408.0,417.0,410.0,419.0,410.0,402.0,420.0,424.0,412.0,425.0,417.0,424.0,428.0,420.0,430.0,410.0,415.0,411.0,414.0,418.0,417.0,410.0,417.0,436.0,423.0,410.0,419.0,412.0,423.0,401.0,414.0,415.0,402.0,405.0,416.0,412.0,410.0,427.0,410.0,414.0,413.0,428.0,415.0,407.0,406.0,418.0,421.0,423.0,408.0,413.0,413.0,410.0,410.0,404.0,422.0,409.0,413.0,422.0,419.0,412.0,424.0,407.0,418.0,426.0,421.0,434.0,425.0,420.0,412.0,414.0,421.0,400.0,420.0,416.0,404.0,433.0,408.0,406.0,417.0,417.0,415.0,414.0,409.0,435.0,409.0,397.0,419.0,409.0,410.0,411.0,416.0,413.0,416.0,420.0,411.0,420.0,421.0,419.0,407.0,425.0,404.0,414.0,409.0,419.0,413.0,410.0,418.0,409.0,427.0,429.0,414.0,420.0,426.0,416.0,413.0,409.0,422.0,412.0,412.0,419.0,413.0,412.0,405.0,390.0,416.0,418.0,422.0,417.0,411.0,416.0,422.0,419.0,414.0,409.0,421.0,418.0,419.0,415.0,419.0,419.0,420.0,421.0,403.0,413.0,421.0,407.0,416.0,417.0,422.0,409.0,406.0,429.0,416.0,414.0,415.0,416.0,405.0,412.0,405.0,419.0,420.0,411.0,420.0,426.0,399.0,417.0,415.0,406.0,424.0,416.0,413.0,410.0,408.0,414.0,415.0,410.0,427.0,406.0,420.0,417.0,414.0,420.0,392.0,403.0,411.0,422.0,407.0,416.0,406.0,407.0,422.0,425.0,414.0,404.0,436.0,427.0,399.0,425.0,411.0,423.0,430.0,423.0,421.0,423.0,420.0,413.0,417.0,417.0,412.0,422.0,414.0,412.0,423.0,407.0,413.0,414.0,410.0,418.0,405.0,416.0,400.0,429.0,414.0,413.0,410.0,418.0,440.0,406.0,415.0,424.0,409.0,411.0,417.0,416.0,418.0,411.0,412.0,411.0,415.0,433.0,424.0,414.0,422.0,421.0,432.0,428.0,411.0,406.0,408.0,406.0,414.0,431.0,430.0,409.0,418.0,422.0,433.0,421.0,435.0,399.0,417.0,406.0,417.0,411.0,409.0,412.0,412.0,410.0,416.0,419.0,413.0,421.0,424.0,412.0,403.0,429.0,410.0,411.0,407.0,417.0,415.0,398.0,413.0,423.0,422.0,413.0,422.0,406.0,405.0,418.0,419.0,414.0,423.0,406.0,418.0,414.0,417.0,416.0,416.0,426.0,428.0,419.0,422.0,410.0,418.0,411.0,424.0,415.0,413.0,415.0,412.0,409.0,402.0,419.0,437.0,411.0,409.0,423.0,420.0,416.0,419.0,418.0,415.0,411.0,418.0,410.0,415.0,420.0,402.0,419.0,411.0,418.0,418.0,425.0,422.0,416.0,414.0,415.0,414.0,421.0,409.0,410.0,420.0,419.0,411.0,411.0,408.0,412.0,425.0,400.0,416.0,413.0,413.0,419.0,420.0,412.0,417.0,415.0,418.0,427.0,402.0,415.0,415.0,421.0,410.0,422.0,420.0,418.0,413.0,420.0,412.0,425.0,429.0,426.0,411.0,410.0,429.0,425.0,420.0,417.0,415.0,418.0,419.0,403.0,404.0,418.0,408.0,423.0,419.0,425.0,425.0,415.0,414.0,420.0,422.0,413.0,426.0,419.0,418.0,419.0,415.0,409.0,418.0,410.0,419.0,420.0,409.0,419.0,416.0,415.0,415.0,434.0,409.0,420.0,409.0,419.0,415.0,422.0,419.0,411.0,431.0,412.0,426.0,413.0,417.0,408.0,419.0,418.0,420.0,421.0,417.0,411.0,423.0,411.0,408.0,409.0,400.0,414.0,399.0,417.0,415.0,418.0,416.0,423.0,431.0,414.0,415.0,411.0,420.0,407.0,418.0,418.0,411.0,410.0,420.0,412.0,417.0,411.0,415.0,418.0,422.0,422.0,417.0,413.0,416.0,404.0,417.0,424.0,413.0,415.0,416.0,422.0,417.0,410.0,430.0,412.0,408.0,412.0,417.0,414.0,424.0,445.0,434.0,419.0,433.0,420.0,430.0,412.0,410.0,427.0,415.0,400.0,422.0,417.0,429.0,429.0,425.0,414.0,425.0,418.0,414.0,417.0,420.0,420.0,421.0,414.0,427.0,419.0,429.0,394.0,416.0,423.0,414.0,405.0,412.0,421.0,419.0,411.0,413.0,411.0,417.0,410.0,416.0,424.0,419.0,413.0,423.0,433.0,410.0,410.0,426.0,412.0,423.0,420.0,414.0,413.0,426.0,414.0,421.0,423.0,416.0,403.0,419.0,418.0,421.0,426.0,419.0,418.0,404.0,413.0,413.0,423.0,414.0,408.0,418.0,414.0,424.0,408.0,420.0,419.0,419.0,418.0,407.0,417.0,416.0,418.0,415.0,424.0,431.0,419.0,438.0,420.0,416.0,407.0,425.0,428.0,409.0,419.0,416.0,425.0,415.0,403.0,417.0,415.0,422.0,415.0,411.0,432.0,414.0,431.0,417.0,411.0,416.0,415.0,416.0,408.0,413.0,417.0,408.0,445.0,415.0,404.0,407.0,429.0,414.0,417.0,403.0,408.0,416.0,417.0,414.0,419.0,421.0,416.0,410.0,415.0,408.0,412.0,397.0,414.0,419.0,411.0,409.0,417.0,404.0,417.0,419.0,407.0,409.0,414.0,414.0,411.0,408.0,414.0,410.0,419.0,405.0,426.0,423.0,410.0,407.0,422.0,416.0,403.0,420.0,407.0,420.0,422.0,421.0,414.0,425.0,408.0,421.0,424.0,417.0,422.0,418.0,426.0,403.0,441.0,422.0,414.0,416.0,411.0,415.0,425.0,416.0,414.0,410.0,423.0,401.0,413.0,412.0,412.0,410.0,425.0,416.0,410.0,408.0,410.0,414.0,419.0,419.0,414.0,411.0,411.0,412.0,411.0,422.0,418.0,423.0,418.0,413.0,418.0,416.0,418.0,403.0,423.0,418.0,415.0,420.0,405.0,402.0,416.0,420.0,408.0,420.0,414.0,419.0,414.0,410.0,422.0,424.0,412.0,418.0,421.0,414.0,402.0,415.0,427.0,417.0,417.0,434.0,407.0,412.0,417.0,422.0,410.0,413.0,418.0,422.0,415.0,419.0,413.0,407.0,413.0,405.0,432.0,402.0,408.0,418.0,417.0,409.0,425.0,406.0,411.0,413.0,419.0,411.0,410.0,419.0,421.0,418.0,417.0,420.0,417.0,397.0,409.0,407.0,411.0,402.0,430.0,422.0,411.0,425.0,415.0,413.0,416.0,417.0,423.0,418.0,409.0,412.0,410.0,416.0,409.0,416.0,407.0,415.0,413.0,414.0,418.0,422.0,410.0,405.0,421.0,412.0,422.0,416.0,410.0,417.0,424.0,411.0,416.0,412.0,407.0,421.0,411.0,400.0,415.0,408.0,406.0,417.0,419.0,411.0,411.0,416.0,415.0,416.0,413.0,423.0,416.0,425.0,418.0,422.0,423.0,424.0,420.0,407.0,420.0,441.0,411.0,411.0,433.0,413.0,402.0,407.0,409.0,408.0,415.0,424.0,414.0,425.0,419.0,406.0,412.0,406.0,415.0,420.0,424.0,411.0,421.0,399.0,418.0,429.0,426.0,434.0,418.0,421.0,408.0,407.0,413.0,420.0,419.0,411.0,418.0,418.0,405.0,406.0,420.0,417.0,411.0,438.0,416.0,420.0,417.0,415.0,415.0,413.0,431.0,411.0,423.0,435.0,409.0,413.0,410.0,422.0,423.0,427.0,415.0,415.0,415.0,419.0,420.0,418.0,419.0,407.0,423.0,416.0,414.0,429.0,411.0,415.0,417.0,414.0,416.0,415.0,406.0,418.0,418.0,410.0,423.0,420.0,405.0,413.0,411.0,417.0,421.0,423.0,410.0,417.0,411.0,413.0,413.0,414.0,418.0,413.0,417.0,405.0,408.0,411.0,410.0,415.0,411.0,421.0,416.0,415.0,418.0,421.0,412.0,419.0,421.0,416.0,415.0,428.0,415.0,408.0,414.0,430.0,416.0,405.0,423.0,415.0,438.0,421.0,418.0,411.0,418.0,412.0,420.0,433.0,411.0,407.0,393.0,412.0,413.0,409.0,416.0,410.0,420.0,412.0,418.0,414.0,405.0,425.0,414.0,418.0,406.0,410.0,420.0,406.0,420.0,411.0,433.0,424.0,408.0,414.0,411.0,418.0,405.0,418.0,417.0,421.0,408.0,425.0,414.0,417.0,418.0,413.0,428.0,418.0,421.0,424.0,413.0,422.0,416.0,418.0,420.0,413.0,413.0,423.0,419.0,423.0,409.0,420.0,417.0,409.0,411.0,418.0,411.0,417.0,421.0,417.0,414.0,426.0,407.0,420.0,410.0,406.0,406.0,404.0,419.0,413.0,420.0,407.0,417.0,430.0,419.0,410.0,404.0,421.0,408.0,427.0,416.0,411.0,418.0,409.0,417.0,415.0,422.0,445.0,420.0,412.0,426.0,420.0,399.0,421.0,409.0,395.0,418.0,427.0,416.0,411.0,417.0,406.0,410.0,415.0,431.0,414.0,420.0,421.0,412.0,409.0,424.0,422.0,413.0,411.0,430.0,412.0,414.0,418.0,423.0,412.0,422.0,417.0,423.0,410.0,414.0,424.0,417.0,411.0,422.0,422.0,410.0,421.0,408.0,412.0,408.0,418.0,416.0,402.0,415.0,427.0,413.0,422.0,406.0,415.0,405.0,428.0,409.0,408.0,413.0,429.0,424.0,401.0,425.0,425.0,420.0
expected_returns,420.1388888888916,429.7703743683611,420.1388888888916,425.0701000922036,416.94799457267135,437.60601899871006,413.10849407126074,439.4521803062736,437.5819636328623,433.4726017905404,451.91399127362405,446.95847117504593,446.95847117504593,450.72192319349165,431.05474877386473,460.2275545133402,459.93239293813673,443.61778526954714,463.08500105366136,453.54239820734665,438.61875597764254,437.3877472404736,437.73829228636134,401.3845498245735,430.0965088014092,445.65965080063705,443.50254786644047,438.47820540943104,437.3080875490094,474.81147554402986,480.1704244923021,483.6337850147149,481.22174317538514,476.86425724329195,489.3087016545018,466.9347411957047,437.9299842444379,428.7401352705763,485.0217689039776,458.79851853678645,475.23106543585254,448.79475181194897,455.04782884666935,436.7892902147114,432.4279529974937,459.6233234461532,450.9126108493193,475.9906125970999,466.71496465488985,485.6025137713013,443.89922167920577,493.8997633178332,486.9878556075757,490.6407486343494,475.23339242605374,476.6958305076576,460.8538247309909,458.16297376701493,474.53332706283555,473.2682673479315,472.0544245097283,472.5522692254153,446.21620480246384,479.2044254064597,515.1051770651559,494.9276163144097,436.28191610315946,520.9084337232626,443.3979729404855,447.9964458606246,458.4091124120147,457.1836539026512,464.9030901568871,469.20874469749776,469.20874469749776,463.3380615953217,447.7970173148192,426.7844390324298,440.97293029307417,422.29256565104004,445.7047025559124,441.2453361427912,472.49914353240655,449.1781135833903,432.1204531888729,459.883612446797,393.1786203141248,439.57279385372124,461.6920857500352,419.2690358157561,463.72805981134303,418.34504984018315,404.69005922910577,421.2345546093954,415.5903084385525,417.5101047533966,422.1287850380385,400.6997000657509,427.15733871294225,474.69587327481855,380.869042888752,401.2263401592586,386.4502398602574,418.8820637444956,395.66393468595277,401.35415247169266,407.8630627550605,415.8668937156342,415.2169388439297,427.2438866505922,418.3932686137308,398.87370393560855,385.32141095187893,405.9716717012576,398.352849769208,422.01535424217496,398.1910173797179,381.84805644190584,425.9848863935217,333.2638585236126,374.8486520733858,386.9816579886114,369.3410164912747,362.4648403607423,388.99219950668055,399.9870092860747,359.49783640872,352.30723951304435,382.6586470075933,405.531916791266,343.4225498403174,355.3229743599214,372.29380641307074,333.706095425799,353.549653977262,315.0804199174515,358.4925823117177,346.76964485583494,386.1249407069979,361.3133152086516,360.2883134490095,377.38557072909543,330.66658435110486,307.7114130624189,370.47945304658805,311.3801676230409,323.60002420334246,314.1379896706814,311.83187558762285,300.4585935980273,318.0381275911544,324.87811073766994,323.5923288237477,315.89180770596994,307.2316470901086,318.4176590458017,303.71268587624814,313.1332933898698,311.61353801084107,317.79344862662003,297.2041678556621,299.00391468705413,303.28079473823203,297.64876705421653,292.70778851434187,307.69221532725277,299.9620174748892,278.6789783181406,295.8787756330862,295.60045219293073,295.60045219293073,285.72279145209853,291.3865418199119,278.82995805841017,306.22786961254326,291.7914408629845,278.82995805841017,265.56824110839824,275.81761504633994,265.6995413924309,260.51112086105064,283.8763695824025,284.4404157846991,260.1351006432683,257.52468714588963,278.74480619582005,261.76989176665097,290.675279526404,249.13153942242587,270.41016842899813,253.03129645893537,248.68188359982025,261.206090704304,245.13203186685666,259.23841005601116,262.08996513732114,244.44727472922082,258.39243531460215,264.0886915045573,257.6986734660872,257.6986734660872,257.75357648407214,242.92436584581947,237.62025343518772,235.09254764542172,233.17221469612318,239.34928696275767,198.67353600976378,210.93010571568053,203.11497576935207,211.7883790430453,229.71969228801234,186.10409116214024,229.71969228801234,195.2612535879013,190.9382502787425,205.24277556534474,175.89355399967758,197.38398635293245,204.3137256023567,184.90094149004392,191.44075636964803,179.8415346349887,189.79428417425888,155.5121567833462,141.1078493149238,170.99068421696683,167.83297852271744,150.44744882335013,144.85534010424743,124.94382637967651,140.4067061394398,127.3605241430818,126.90100232834251,121.71531880779104,121.75881747190364,132.2747242129708,121.71531880779104,130.914506315402,135.29914445161344,121.71531880779104,134.67441157764043,130.15054732521446,134.24270917658455,112.82005962909227,112.79015721357902,149.0330049617897,147.89759057799597,109.75707340470102,139.00540217400265,124.00839833601415,111.47730357848062,104.71479553586373,91.40577478037679,88.35761697494361,97.02898354082596,94.44640054055499,102.30809418820542,117.85999438943261,75.0471640171078,76.16909782627316,98.0801426706804,61.768844418635176,96.57074559814144,107.76436894154585,77.0144861224512,69.32590689346883,69.32590689346883,69.32590689346883,62.08965686485806,56.82482025930212,60.377567219470436,56.82482025930212,77.57407201531964,53.775924891795604,46.28078626407217,39.25338749875378,31.51075269896571,24.41063762527436,29.09249199602197,25.00915056367919,12.05485443319106,30.888310740226828,12.615190106837526,8.525911756498754,0.0,0.0,0.0,7.618419213534254,0.2290623653329836,6.9426140299574985,0.0,0.0,1.5907134848959203,1.5907134848959203,0.0,0.0,0.0,0.0,0.0,7.016689325596245,0.0,0.1050458312981433,0.0,0.0,0.0,10.689808686632366,4.613209546228117,0.0,1.9891340458911606,8.069475471247067,0.0,0.0,7.019753367826836,5.07544062420754,0.0,0.0,0.0,0.0,0.0,5.001322348960807,2.4210584826950625,0.0,1.3898009883583964,1.4501075443770277,2.4210584826950625,2.001642501135514,12.326549921945567,0.0,4.423208398849175,0.0,0.0,0.0,8.038474980612587,5.210709980022224,0.0,0.0,0.0,0.0,0.0,2.4264295205180426,10.239381655147458,0.0,11.504383077856028,3.576283565013985,5.5656916961789324,0.0,5.21987054660492,2.0501715708587076,10.903654131253331,0.0,9.19785906212012,0.0,2.9390799633582363,2.719481919055161,13.633392987458732,0.0,0.0,0.0,0.0,0.0,0.0,0.0,0.0,0.0,0.0,0.0,0.0,6.459857669511194,0.0,0.0,0.0,0.0,12.468596160986277,0.0,0.0,0.0,0.0,0.0,0.0,0.0,0.0,0.0,0.0,0.0,0.0,0.0,0.0,0.0,6.902197605468561,0.0,3.7105121856491827,3.7105121856491827,0.0,0.0,5.339346903957442,0.0,0.0,0.0,5.471670471958487,5.471670471958487,0.0,0.0,0.0,21.105746870538038,0.0,0.0,0.0,0.0,0.0,4.383889980481461,0.7395992584153244,0.0,0.0,3.4862297648676313,0.0,0.28337122401398784,0.0,0.0,0.0,0.0,0.0,3.6460361431911883,0.0,0.0,2.4841985655372034,2.4841985655372034,0.0,5.061479749308418,0.0,0.0,0.4593848177063263,1.6611199786997242,1.6611199786997242,0.5468287184007179,5.48886061278071,10.41570935725419,1.0500181400419069,0.0,0.0,0.0,0.7109493932696045,0.0,0.0,0.0,0.0,0.0,0.0,3.7582441028052815,0.0,0.9494106131653322,9.05274690813726,2.596343111456517,0.0,0.0,0.0,15.55990567372944,0.0,0.0,6.940540558190554,2.666173670922717,4.286701629395179,0.0,1.6976719529025974,6.05441852633651,0.0,0.0,0.0,0.0,0.0,0.0,0.0,0.0,0.0,0.0,0.0,0.0,0.0,0.0,0.0,3.160277499428617,9.27510334742494,0.7245000385326548,0.0,4.730235567407073,0.0,0.0,6.869308936837928,0.34242607857892854,1.3668085711676867,0.0,0.0,0.0,0.0,6.234532640273549,0.0,0.0,0.0,0.0,0.0,0.0,0.670652117191372,0.0,0.0,0.0,0.0,19.49515617300516,0.9517292405592932,0.0,0.0,0.0,13.429315438702352,0.0,3.147158750192469,4.302434957631372,0.0,0.0,0.0,0.0,0.6081823610287266,0.0,0.0,0.42089174521162714,0.0,0.0,0.0,0.11484001264162422,0.0,2.064304197023091,14.221514165523134,0.6310368254008728,0.0,0.0,15.69900871640044,0.0,1.5909093213227359,4.858597313691348,0.0,0.0,0.0,4.028199208445917,0.0,0.0,0.0,0.0,4.431517263264918,0.0,0.0,0.0,0.0,0.0,0.0,0.0,0.0,0.0,0.0,0.0,0.0,0.6147452749040117,0.0,0.0,0.0,0.0,0.0,0.13010147346444179,0.0,0.0,0.008436860353814211,0.4485671034139202,3.4444342600737023,0.0,0.0,0.0,0.0,0.0,0.0,0.0,4.035691602922939,4.611924417939082,0.0,0.0,0.0,0.0,0.0,0.0,0.0,0.032389098299216296,0.0,6.157597476610844,5.799480758853869,0.0,5.799480758853869,3.168773668010967,3.168773668010967,1.876297940599292,0.0,0.0,0.0,0.0,0.0,0.0,0.0,0.0,0.0,1.2886385038160788,0.0,3.778896106520143,1.9283921643939788,0.0,0.0,0.0,3.5483371658512386,0.0,20.378034507185706,0.0,0.0,6.882553776862367,5.325392908222816,0.0,0.0,0.0,7.498053573602684,0.0,0.0,0.0,10.605042477653688,1.8203644840421909,0.0,6.194892663267083,13.98890015494242,0.0,0.0,9.37443150406525,5.000786935444186,0.0,0.0,0.0,4.7083118056872015,4.7083118056872015,0.0,0.0,2.8659140571263233,0.0,2.4670107080197026,3.10754376125461,0.0,0.6465010400768594,0.0,0.0,0.0,0.0,0.0,9.843202432300998,0.0,2.724800876138736,0.0,0.0,0.0,4.839884093309987,5.944670166873748,0.0,0.0,0.0,1.1968803497583165,0.0,0.0,0.0,3.299318530863715,0.0,0.0,0.0,3.346026050122584,5.3147008404452,1.2223340780851977,0.0,7.225262713704266,0.0,0.0,1.5811781668114717,0.0,0.0,0.0,0.0,8.99344221072681,0.0,0.0,0.0,0.0,0.0,0.0,9.89615296317473,0.0,8.486744515973646,0.8286393168658779,6.343858601610797,0.0,0.0,0.0,0.0,0.0,2.655508432045962,0.0,0.0,0.05539932285693062,0.0,0.0,1.0812224990264367,0.0,0.0,0.0,0.0,2.2988900461232036,3.3958164693273587,0.0,0.0,0.0,0.0,0.0,0.0,0.0,0.0,2.6140008195311526,4.078788642082168,0.0,0.0,9.544632000891433,0.0,0.820521811434717,0.0,0.0,0.0,0.0,0.0,1.2327982483249238,0.0,3.53802967407003,0.0,0.0,4.51538197829827,0.0,0.0,4.722312075543742,0.0,0.0,0.0,0.0,2.15992749645714,0.0,1.0115061070454252,0.0,0.0,1.351684397528347,6.9672830420878835,7.035027998091829,16.847606672302636,7.911941404992719,22.02333681947225,4.0111069312963155,0.0,0.0,0.0,1.1740268924048616,0.9520524217527643,1.1004988755464822,0.0,0.0,0.0,0.0,0.0,0.0,0.0,13.727820086816024,0.0,0.0,7.300760960154709,9.592958453985773,0.0,0.0,7.798506429089122,8.012618342059568,0.0,0.0,0.0,4.3065147683998,6.373510938566024,1.970537312148332,0.0,0.0,0.0,0.0,6.40844942063956,3.1911729758378273,0.865820934166352,0.0,11.864401590646967,6.2308330714598785,0.0,4.314216435776002,0.0,0.0,2.0186022982667824,0.0,0.0,1.5104691663203587,0.0,0.0,0.0,0.0,0.0,0.0,15.273331657931204,0.0,0.0,12.489838528656561,0.0,0.0,0.917123724659717,0.4902632946558205,5.338336257216115,0.0,0.0,0.0,4.52394609257178,0.0,8.72662949661855,0.9704080954469735,0.0,4.95524315182232,0.0,0.0,0.0,0.0,1.3680736177885955,0.0,0.0,0.0,0.0,0.0,0.0,0.0,0.0,0.0,3.9061668990897003,2.894189888653603,5.424407527221155,0.017153415559790136,0.0,0.11149831391262234,0.0,0.0,0.0,0.0,4.128976991277964,0.0,0.0,10.517332225264584,0.0,0.0,0.0,5.77794938208522,0.0,5.473250287588133,0.7358900440227074,0.0,10.44395148009291,7.437788051100166,0.0,1.0208699746898597,0.0,1.056453585590821,0.0,0.10983123935734809,5.274006961818456,12.788356225959499,0.4910951203862191,0.153304791211409,0.4910951203862191,0.0,0.4910951203862191,0.0,5.6186533024304035,0.0,3.641578476688334,0.0,0.0,0.648089491096456,0.0,0.0,5.704041848853533,5.704041848853533,0.0,8.296363567434927,0.0,8.140675332880726,7.873516496115148,7.901653161257425,2.789295534245049,0.9508440054191043,0.9508440054191043,0.0,23.36353258585716,0.0,0.0,0.0,0.0,0.0,7.814287810685962,0.0,4.416861897014149,0.0,0.0,0.0,7.647345292703609,0.0,5.1564461397035455,1.6788011587244125,0.0,0.6629249585840756,0.0,3.3568577826783668,0.0,0.0,6.33698526435426,0.0,0.0,0.0,0.0,6.6688647703763735,1.5430426299387634,0.0,1.0611002302434633,0.0,0.0,0.0,0.0,0.0,0.0,0.0,0.0,0.0,5.9965802959892365,6.38119233304838,3.0532735864705804,0.0,0.0,0.0,1.9850488180442918,0.0,14.426942796144045,0.0,2.8372265559969474,7.494124477937916,5.3823804494516345,0.0,0.0,0.0,0.0,0.0,0.014673199843439523,0.0,0.0,0.0,0.0,0.0,0.0,0.0,16.432401488206523,0.0,11.211409296308888,0.0,0.0,0.0,0.0,2.3407588480307333,0.0,0.0,0.0,0.0,0.0,5.801482241982951,0.0,0.0,4.787577049619853,0.6824556102335867,0.0,3.893287303173616,1.4469524876468105,1.4469524876468105,0.0,0.0,13.209143211172627,0.0,0.0,0.7535866880036224,0.0,0.0,0.8867510884449668,8.844675587837791,9.184526456850481,4.062689878720946,2.4734434404760863,15.792486573427777,6.508987787017458,0.0,0.0,0.0,0.0,0.719865100586995,4.330065873010626,0.0,0.0,9.09233526181899,7.819115083117399,4.794558721550712,0.0,0.0,0.0,0.20380407257788308,0.0,0.198053578586474,0.2626497313947621,0.0,1.2908200351366144,0.0,0.0,0.0,1.2908200351366144,0.16483806384997943,0.0,0.0,0.0,0.0,13.408091576322565,7.3440762535567,7.274726764854085,6.132204502554233,0.2815333074844574,0.0,0.0,2.239758091276224,0.0,3.990151883864102,0.0,0.0,0.0,0.0,0.0,0.0,0.0,0.0,0.0,0.0,2.6916343770122624,0.0,0.0,2.6916343770122624,0.0,0.1655617816189729,0.0,0.0,0.0,0.0,2.8005690379552366,2.8005690379552366,4.609940338066405,4.926375211474516,0.0,5.577364392261247,4.722290684375482,6.319655344230728,9.95641213805115,8.200961926214044,0.0,4.1719942569202155,0.0,0.0,0.0,0.0,12.967888548350537,1.5595029284176496,2.206122018899308,0.32098731715694423,0.0,3.198257043296895,3.198257043296895,0.0,9.990069721306345,2.0290249767022566,23.925798501769272,0.0,0.0,0.0,0.0,0.0,4.78316505138309,0.0,0.6693521992817849,0.0,0.09664868693836509,0.0,13.620078071669065,7.743842635262091,4.544451042718107,0.0,1.0381396881694132,19.485196247919646,0.0,8.298973821750634,6.5675179210383465,0.0,0.002141807732247107,12.523392235876726,0.002141807732247107,13.128736499941601,0.0,0.0,0.0,0.0,0.0,0.0,0.0,0.0,0.0,0.0,0.6046029952481033,0.0,0.0,0.0,0.0,0.0,0.0,0.0,5.528449896051871,4.889071906292119,0.0,0.0,5.686977067932018,0.0,7.667840924472802,0.0,3.0133134532913486,0.3146457377882478,0.0,0.0,0.0,0.0,3.4452914017152745,5.080209896784185,7.108797076084111,0.0,0.0,0.0,0.0,0.0,0.0,0.0,0.0,0.0,4.223980211177986,0.20796811497335782,0.0,0.0,0.0,0.0,10.675230753386149,5.906927070371063,0.0,0.0,0.0,0.0,4.145470595276091,0.0,12.501607217867692,0.0,0.0,0.0,0.0,0.0,0.0,0.0,5.825862351442394,5.825862351442394,0.0,4.086919359773859,0.0,0.0,2.723789697837394,0.0,0.0,0.0,0.0,0.9831252903090512,0.25881682153851443,0.9831252903090512,0.0,3.1769936223981547,0.0,0.0,0.0,0.0,7.944437988874529,4.001767503150609,0.0,5.64101246218857,2.526068440202198,2.526068440202198,0.0,0.0,0.0,9.14168106589417,0.0,0.0,6.375497239651137,8.016518273654345,19.920362487755813,9.052615923587528,8.462807345778563,8.462807345778563,8.462807345778563,10.448903221117138,10.448903221117138,0.0,12.279368562672492,0.0,0.0,0.10876584752088594,0.0,0.10148371552333911,0.0,8.779010424739164,0.0,0.0,0.0,0.0,0.0,1.6321430431431976,0.0,0.0,0.0,0.0,1.2263997869598013,0.8662176620502389,10.156064241102355,0.0,4.2540104285048725,7.5920292590583625,0.0,0.6032298873678443,1.6945648238015871,0.0,3.7989805438006634,0.6792928635361892,0.0,2.876045267631765,5.099761051198194,2.876045267631765,1.735302522406575,0.0,0.3407968346208537,0.0,10.407242299826128,0.0,0.0,7.510535983444935,7.363968416751172,6.171165599654688,0.0,5.091616654241077,16.314767243609396,2.524277307243564,6.165114995145502,0.7327215613974067,0.0,0.0,0.0,0.0,1.3959234440605495,0.44306610332504365,2.9870712132487744,2.9870712132487744,0.0,1.8475545896556385,2.3586697297360386,0.0,11.311421943680946,0.0,0.0,0.3058556720286973,0.0,0.20370993185120867,7.63462491008524,0.0,0.43167872461870316,5.774229540563395,9.914883327083448,0.0,0.0,0.0,0.0,7.228618983842013,0.0,0.0,0.0,0.0,1.7911758006663505,0.0,0.0,0.0,0.0,0.0,15.189010600167535,0.0,0.0,0.0,0.0,0.02928642168676065,7.310703901091502,0.0,0.0,0.0,0.0,1.0144742733560124,0.0,9.294947611435978,5.354929035993706,0.558505180297722,0.0,3.001221576902781,0.0,0.8375392124241946,0.0,10.090391137126193,0.0,10.090391137126193,2.5278119255223115,2.3985278557418566,0.0,0.8375392124241946,0.0,0.8375392124241946,2.0640069668197247,6.491965785598138,5.791115324123563,14.754410904787095,3.883438534779221,0.0,1.944584025591764,0.23180473487352865,0.0,0.23689873136697792,0.0,4.666016221528417,4.666016221528417,0.23689873136697792,9.533975873997841,13.464732218045347,1.6172115834779903,0.0,0.0,4.592330388528448,0.0,5.548428692103966,5.057539114534931,0.0,0.0,0.9575761150991148,0.0,10.664152109995218,0.0,0.0,0.0,0.0,0.0,0.0,1.8583537076812455,1.2487341418977793,0.0,7.201008163138486,8.577785943072477,5.912750254292279,0.0,0.0,4.5637556291437,0.0,0.0,0.0,0.0,0.0,0.0,0.3747699011513797,0.0,0.0,3.2246313848234887,0.0,0.08483097700788311,0.0,0.3747699011513797,0.0,0.0,0.3747699011513797,1.714092618556886,6.61272348726414,0.0,0.0,4.845135411154645,0.0,0.0,0.9318979027853022,5.12258748795017,1.5144633346015075,0.0,0.0,0.0,2.3286394092054414,0.0,5.69316176528933,0.0,0.0,0.0,0.0,0.0,0.0,10.713787643145105,0.10266068301015069,0.0,0.0,0.0,0.0,15.239203415182569,0.0,0.0,3.2629393666788253,3.160904437388945,0.0,0.0,0.9385770454860809,0.0,0.0,0.0,0.0,0.0,6.8001918406181465,0.0,0.0,4.87399962901257,0.0,0.0,19.442839046435147,7.442733077896534,0.0,0.0,2.7728724429088345,0.0,0.0,0.0,0.0,0.0,0.0,2.3106650763418806,3.8238531173769648,2.781400428869228,0.0,11.767163724679044,0.0,0.0,0.0,6.921567555228873,0.0,10.942519092991654,0.0,0.0,0.0,5.695693260678535,0.0,0.0,0.0,0.0,3.039635181671235,0.0,0.0,2.0117502225232027,0.0,0.0,2.319405013979249,0.0,0.0,0.0,17.249060102292322,0.0,0.0,0.0,4.659907415378157,0.0,0.22981933034156893,0.0,10.60241637412479,0.0,0.0,0.0,0.0,5.226693767061638,7.130375377914204,0.0,0.0,2.9609927357201515,0.0,2.9609927357201515,2.9609927357201515,26.756313121911177,4.040495764145772,5.444978800861644,5.444978800861644,0.0,0.0,0.0,0.0,0.0,0.5628892726875317,4.512015784533668,5.903359050945005,0.0,12.053111843154076,6.272268875924917,0.0,0.0,0.0,0.0,0.0,0.0,0.0,0.0,0.0,4.916333824981923,12.836770115900833,0.0,9.436988732097452,0.0,0.0,0.0,0.0,8.604440957449697,0.0,0.0,1.0133009889365179,7.823281646968847,0.0,0.0,0.0,0.0,0.0,0.0,0.0,0.0,0.0,2.6770000238666682,0.0,0.11612371681035388,0.0,0.0,2.6770000238666682,3.4285967462353284,3.2218731289389715,0.0,0.0,0.0,0.0,0.0,0.0,0.44163923757848067,0.0,13.917377174022493,0.0,2.8202293165563193,0.0,0.0,0.0,0.0,0.0,0.0,0.0,0.0,0.0,6.859778237265295,0.0,0.0,8.430513312234828,0.963805806887259,0.0,0.0,0.0,14.655334625171806,0.0,3.563821800726216,0.0,0.0,0.0,3.1811622314893464,3.1811622314893464,0.0,0.0,16.704084343069603,1.6715699012423373,0.0,0.0,0.0,0.0,0.0,5.731096694978384,0.0,6.5193948403122395,0.0,0.0,0.0,0.0,6.0351577720783,0.0,0.0,0.0,0.0,0.0,0.0,0.0,0.0,0.0,0.0,0.0,2.141663750587706,0.0,0.0,0.0,0.0,0.0,9.5040780515716,0.0,0.9570860086044833,0.9570860086044833,0.0,0.0,0.0,0.0,0.0,1.7769411714820442,0.0,0.0,0.0,0.0,0.0,0.0,0.0,0.0,0.0,0.0,0.1644544333165025,0.0,2.5822317822814895,0.0,0.0,0.0,0.5979081822319348,0.0,0.0,8.886539800510551,1.250356926193029,0.0,0.0,0.0,2.222764938289559,12.487721093380895,0.29148111404272065,0.29148111404272065,0.0,15.406761659330924,7.238492121774095,0.48268339872575394,2.072839446060456,0.0,0.0,3.868422490410585,0.0,2.3231406728755806,0.0,5.985401631165966,7.248356739863619,0.5508081779744192,0.0,0.0,0.0,0.0,0.0,0.0,3.4857633468075577,0.0,0.0,13.100019725690293,0.0,7.051734638028764,0.0,5.261968015156143,0.0,0.0,0.0,0.0,1.0216874095776227,0.0,0.0,0.0,2.8032862885250545,0.0,0.9656125162001147,0.0,0.0,4.759356245373564,8.16552646533937,0.0,0.0,0.0,5.676910872345509,0.0,0.0,0.0,0.0,0.0,0.0,1.3838163208735124,5.252118218938619,0.0,3.4963932140828797,0.0,0.0,0.0,1.9886153759976535,0.0,3.904463996314851,0.0,2.021472235629249,0.0,12.71878912536613,0.0,0.0,0.0,0.0,0.0,0.0,0.0,0.0,0.0,0.0,0.008851789317670255,12.75682540515621,11.279457071066394,0.0,0.0,10.091294496854657,0.0,0.0,0.0,0.0,0.0,0.0,0.0,0.0,4.738989422178323,1.7699556593109516,0.0,0.1268126737053478,0.0,0.0,0.0,0.0,5.006215304165864,5.374598679761945,5.731838999076414,5.006215304165864,0.0,1.282938202969118,0.0,16.67077802696537,0.0,0.0,0.0,9.180913314933912,0.0,0.0,0.0,0.0,0.0,7.219073005693772,0.4915796520429602,0.0,15.285733216663404,0.0,2.2757293031615133,0.0,0.0,0.0,0.0,0.0,0.0,0.0,0.0,2.666412279377807,0.2401921216863869,0.0,0.0,0.0,0.0,0.0,0.0,3.292408932148446,0.0,0.0,0.0,0.0,0.0,0.0,0.0,0.0,0.13825345195217714,8.972577492374853,7.401592906680223,2.1505691672389333,0.0,3.9583321401504223,7.6963852830154735,0.0,0.0,0.0,0.0,0.0,5.0156751324420945,6.1531360003962465,0.0,6.1531360003962465,1.9946079076063699,4.6012951047958595,0.0,0.0,6.295627642181379,0.0,0.0,0.0,4.440667671974256,0.0,0.0,0.0,0.0,0.0,0.0,4.414778727824226,0.0,0.0,0.0,0.0,0.0,0.6508410574854985,0.0,0.0,3.332985357268468,0.0,1.5957181421065147,0.0,0.0,0.0,0.6203336171249136,0.0,10.979730468319822,1.542683763819378,0.0,0.0,0.0,0.0,0.0,0.0,0.0,0.0,0.0,4.388246950090314,0.0,0.0,0.0,0.09782613355473567,0.0,0.0,0.0,6.544604122893077,0.0,0.0,3.4994106703529253,0.0,9.393372374202727,0.0,0.0,0.0,0.0,0.0,0.0,0.0,0.553941826785947,0.0,1.2318002621178763,0.24513793088370883,0.0,0.0,0.0,8.524670760378847,0.0,7.161774673763436,0.0,0.0,0.0,0.0,12.548028104643699,0.0,0.0,4.036336818121828,0.0,0.0,0.0,0.0,1.5577783609233489,0.0,0.0,2.6555345156571284,0.0,0.0,0.0,4.405926129848008,7.349071361529727,0.0,0.0,0.0,0.0,5.7017842444982625,0.0,0.0,0.0,0.0,0.0,3.94189495112618,0.0,0.0,0.0,0.0,0.0,0.0,0.0,10.968571829681327,0.0,0.0,0.0,0.0,0.0,5.05442074261967,0.0,0.0,1.768666689148443,0.0,0.0,0.0,0.0,0.0,0.0,0.0,10.331940488755782,0.2536377407803539,0.0,0.0,0.0,0.0,0.0,0.0,0.0,2.7168826750749266,4.385923853060573,0.08332283073652401,0.3905618620158105,0.0,6.0350418821550065,2.8788248836326416,1.0733254902121288,1.842200994001883,3.4165914708937106,0.0,0.47567805274579167,0.19722668900751944,0.0,1.7784170727871145,0.0,0.0,0.0,9.321201565495304,0.0,0.0,10.974564805789447,0.0,0.0,0.0,0.0,0.1701081508525343,6.321411559980879,0.0,0.0,0.0,0.0,11.558970099323808,0.0,0.0,0.0,0.0,0.0,8.894885582365092,20.483047720083054,2.7313022959792175,0.0,0.0,0.0,1.912049671917535,0.0,1.5732611686735403,5.180437937324306,1.8023493793776149,12.407877708115144,4.353667534307119,6.932001962927082,5.244008161836011,0.3372857330923046,6.530109985710061,0.0,0.0,0.0,0.0,0.0,0.0,0.526729008302869,0.0,9.718226147884398,9.718226147884398,0.0,0.0,0.0,0.0,2.6723305188459032,2.6723305188459032,0.06301228713654722,0.0,0.0,0.0,0.0,0.0,0.0,0.0,0.0,0.0,0.0,0.0,0.0,16.077280341228455,0.0,0.0,0.0,0.0,1.9797426531536486,0.0,0.0,0.0,0.0,0.0,9.657285119302689,0.0,0.0,0.0,0.0,2.3947799275159585,2.3947799275159585,0.0,0.0,0.0,0.0,0.0,0.0,0.0,0.0,0.0,0.0,8.698224462575586,0.0,0.0,0.0,0.0,0.0,5.8559610482275195,0.0,0.9981615635893859,0.3363734906204739,0.0,0.0,0.0,3.470453619219371,0.0,3.5746057986654094,3.578231420568618,0.0,19.348431049307784,20.997690076292667,0.0,0.0,0.0,0.0,10.47137871475795,9.909039940343382,7.099171566845479,0.0,0.0,0.0,0.0,0.0,0.4614097515138911,0.0,0.0,0.0,0.0,2.2951251447568977,0.0,0.0,0.0,1.4777896958412613,4.927452256357654,2.7243427588948674,0.0,0.0,10.585254968032965,0.0,0.0,0.0,0.0,0.8060239177784556,0.0,0.6407077908125483,0.0,5.624187629340076,0.0,0.0,0.0,0.0,0.0,0.0,1.6694779077739568,0.23381085037846305,0.0,1.2732255129010044,0.0,0.0,0.0,0.0,0.06980310113338192,3.957331437932549,0.0,0.0,0.0,0.0,0.28625185954462523,5.677562165365451,0.0,5.4423249334647075,0.0,0.0,0.0,0.0,2.317590677062829,5.2098951721346936,0.0,3.103484046791314,0.0,0.0,0.0,0.0,1.256304880726758,0.0,0.0,0.0,1.5212386361155932,0.05692366564667938,0.0,0.5459566303133981,0.0,0.0,0.0,0.0,0.0,0.0,0.0,0.0,0.0,10.138934061435654,0.0,0.0,0.0,2.7697060186020455,6.713081544411416,0.0,0.0,0.0,4.114271027290975,0.0,0.0,0.0,0.0,6.440523808347929,0.0,2.472271200119925,8.055208091909355,0.0,0.0,0.0,0.9193453025065148,0.0,0.0,1.2580078506774297,8.0710501901281,0.0,4.63906973179671,0.0,0.0,0.0,0.0,5.8748588060614075,0.6200430928265772,0.0,0.0,10.39499789243042,0.0,0.0,0.0,0.0,0.0,6.002937284954251,0.0,0.0,0.0,0.0,8.956240928428096,0.30064104329587205,0.0,0.0,3.1457452190991546,0.0,0.9570440600522324,0.0,0.0,0.0,0.0,0.0,0.0,0.0,18.941397452988497,0.0,0.0,9.03997850166995,0.0,0.0,0.0,14.87590756096609,0.0,0.0,0.0,4.335678302012471,0.0,0.0,6.841247911146838,0.0,0.0,0.0,0.0,0.0,5.8352277193815,13.011806049503203,0.0,0.0,0.9973348376411719,0.0,0.0,2.981492591984013,0.0,0.0,19.306971029269203,0.0,3.0590248086804017,0.0,3.0590248086804017,0.7581096682136717,0.0,0.0,0.8033478163746663,0.8033478163746663,1.073802005932596,0.0,0.0,1.073802005932596,2.58228930850375,13.317509549144843,0.0,0.0,0.0,0.7976241247521163,0.0,0.0,1.653384251041367,0.0,0.0,0.0,0.0,0.0,0.0,0.0,0.0,0.0,0.0,0.0,8.17340598913726,0.0,0.0,0.0,0.0,0.0,0.0,0.0,0.0,1.6505981814220427,10.016773108802159,0.0,0.660266339516889,0.0,0.0,0.0,3.2736528292379035,11.200153576536913,0.0,0.0,0.0,0.0,0.0,0.0,0.0,0.0,3.972102381256354,2.2706133202378123,0.0,6.478462373276615,0.0,0.0,2.993541879684725,0.0,0.0,2.4430534824325285,0.0,0.0,0.26114045653888657,5.0340861016220515,0.0,9.285088888555403,0.0,0.0,1.032370449718548,0.0,0.0,0.0,0.0,0.0,0.0,0.0,0.0,0.0,0.0,0.0,0.0,0.0,0.0,0.0,0.0,0.0,0.0,0.0,6.3259000433511545,0.0,0.0,0.0,0.0,0.0,1.4549200242172444,0.0,0.0,0.0,0.0,0.0,1.6966186538393413,1.6966186538393413,0.0,0.0,0.0,0.0,3.4027311088359307,1.4702738099281933,1.8455828783994903,0.7045078399507192,0.0,0.0,0.0,0.0,0.0,2.936387205970698,0.0,2.9823160691409436,7.115770581260044,1.0787162851650705,0.0,0.0,0.0,0.0,0.0,0.0,0.0,0.0,0.0,3.10506848354599,4.410871496028687,0.0,0.0,0.0,0.0,0.0,0.10693616925795679,0.0,0.0,0.0,13.200166234166618,13.229553330065745,6.612436364767531,0.0,0.0,0.0,1.141972510253483,0.0,0.0,0.0,0.0,0.0,0.0,9.087706741556065,0.0,15.44317110161019,5.128532206677667,3.27502312008011,0.0,0.0,9.072719146720052,0.7053822297859702,2.434630427288565,4.043168306767483,0.0,0.0,0.0,0.0,0.0,0.0,0.0,0.0,0.0,0.0,11.347402836920192,0.6472746874358819,0.0,0.0,0.0,0.0,0.0,2.4563760450330863,2.4563760450330863,10.756305125293032,6.6811665188315565,0.0,0.0,4.256887907675796,1.4435530560225078,0.0,4.143485446602079,0.955346170226898,5.135167327185392,0.0,0.955346170226898,0.0,0.0,0.0,2.323994670200187,1.6602430457679633,0.0,0.0,0.0,0.0,2.0019371110449065,4.672170027475425,0.034514227972537934,0.0,0.0,0.9375905812761959,0.0,0.4386789651571535,0.9375905812761959,0.0,8.309213680735924,0.0,1.7264347655540313,0.0,0.0,0.0,0.0,0.0,8.974869827470457,0.0,0.0,0.0,0.0,15.659697333022963,0.0,0.0,0.0,3.2916471896909036,0.0,0.0,4.88066207695521,0.0,0.0,5.240271254550775,2.813961908745156,2.813961908745156,8.63941105212885,8.62835123134279,0.848069351669996,0.0,0.0,0.0,0.0,6.988463634390854,0.0,0.0,0.0,3.526842723210689,0.0,6.820733768735979,0.0,0.0,0.0,0.0,2.181379978546916,0.0,0.0,3.9278007708975102,0.0,0.0,0.0,0.0,0.0,0.0,0.0,0.0,0.0,3.3106466855238237,0.0,0.0,1.0054408924886096,0.0,1.3015372566094616,0.0,0.0,1.0254793945296459,0.0,0.0,0.5080293219924957,16.188402693963294,0.0,0.0,0.0,0.0,10.497332423256722,0.0,0.0,0.0,0.0,0.0,0.0,0.0,0.0,0.0,0.0,0.0,0.0,0.620502519396046,0.0,0.0,0.0,0.0,1.372778977955805,0.0,1.4965631311315248,0.0,0.0,0.0,0.0,0.0,1.4965631311315248,0.0,0.0,0.0,0.0,9.580376819151997,8.713999453908851,0.0,0.0,0.0,0.0,0.0,4.318343621439815,18.640996884431278,0.0,0.0,6.496178718978124,0.0,6.104559433340944,0.0,0.0,5.205670093852926,0.0,0.0,4.800589203582466,0.0,6.07578530979387,1.9521679337796958,1.9521679337796958,0.0,0.0,0.0,0.0,0.0,6.854467772602048,0.0,2.7094018548759005,4.549728689997457,0.0,4.3951272317609735,2.0601283542073237,0.0,0.0,0.0,0.0,2.2385421772127634,10.869780398943568,31.897253189335,0.0,1.5859756976254675,0.0,2.4945220452548367,2.4945220452548367,0.0,2.4945220452548367,0.0,0.0,0.0,4.19546992336845,0.0,0.0,0.0,0.0,0.0,0.0,0.0,3.779599971846015,9.610366302324236,0.0,0.20022580186030836,0.0,0.0,0.0,1.7007492179771244,0.0,0.0,0.9354166253186101,0.0,0.0,4.314445794233571,0.0,9.150557567417374,15.961091574266106,4.3719603696297495,4.041098712201913,0.0,4.041098712201913,0.0,0.0,0.0,10.77100186019249,4.089834789904126,0.0,0.0,0.0,2.8916297844312497,0.0,3.397959331029922,0.0,0.0,0.0,0.0,0.6623615585665048,0.0,6.125756808411535,2.546001807724158,6.125756808411535,0.0,0.0,0.0,0.6182124333502592,0.0,6.551097870144623,0.0,0.38639008791733415,0.0,0.0,1.9176957310781473,0.0,0.2553376013059475,0.2553376013059475,0.0,10.47878255248839,0.2553376013059475,0.0,0.0,8.514724698162068,0.0,0.0,11.614579952610407,0.0,7.434104850851294,0.0,4.320135724629496,5.940560052058273,0.0,1.549645683504516,0.0,0.0,0.0,0.0,0.0,0.0,3.393891732061544,0.0,0.0,0.0,0.0,6.593895806643967,0.0,0.0,0.0,0.0,0.0,0.0,7.185419880065747,0.0,0.0,5.090048546093868,1.3665345134209463,0.0,0.0,5.934041138874917,10.034441421154916,0.0,0.0,0.0,0.10445731076496845,0.0,0.0,0.10445731076496845,0.10445731076496845,0.0,0.0,14.321144346611867,4.468959110548017,2.687131049858494,0.0,0.0,0.0,2.367431202067226,1.6140461355262274,0.0,12.05557089051862,0.0,0.0,0.0,0.0,8.843394899794,0.0,0.8136279017474557,15.079283163466553,0.0,0.0,5.172893421044405,0.0,0.0,0.0,0.0,4.032662004750877,0.0,0.0,0.0,0.0,0.0,0.0,4.579094564519567,0.0,0.0,4.470821018091412,3.541366466947318,0.0,1.6362330677028958,0.0,0.0,0.05509801076845802,0.0,4.873808798782362,0.0,0.0,0.0,0.0,0.0,0.0,0.0,0.0,0.0,0.0,0.0,4.18726938187573,15.107785420467707,0.0,9.379541651191882,0.0,0.0,0.0,0.0,2.445648989578784,0.0,0.0,0.0,0.0,0.0,0.0,5.654526190399714,4.921215639734552,0.0,3.4735192673467763,0.0,0.0,0.0,1.8168993759047187,0.0,16.6255417390086,0.6722023872332307,0.0,0.0,0.0,4.188897165193551,0.0,12.056256764652739,2.002368608802466,0.0,0.0,0.0,0.0,11.233472397118113,2.9130070610631513,10.917448577534138,0.0,0.0,0.0,0.0,0.0,5.776182584595763,0.0,0.0,5.101184473142853,0.0,0.0,0.0,5.594413274835589,0.0,0.0,0.0,14.907081095064198,0.0,0.0,0.6999009985817588,0.0,0.0,0.0,0.0,0.0,18.111126595031536,0.0,0.3662365122818062,0.0,4.196160115417631,7.205820182507003,0.0,0.0,0.9904861893379726,8.179861427177194,0.0,0.0,0.0,0.0,0.0,0.0,4.584451325834339,0.0,10.79381923905541,0.0,0.0,12.512694347476897,0.4164231885199663,6.63027632245271,0.0,6.065622996676932,0.0,0.0,0.0,6.94725064728688,0.0,0.03450505622825997,11.660220716604066,0.627049211487421,0.0,2.394422659503042,6.16410768397607,0.0,4.2400001747403415,0.0,0.0,0.0,0.0,0.0,0.0,0.0,1.6324231296663256,0.0,0.0,0.0,3.6210562897020084,0.0,5.618976581452496,3.8454737308841542,2.764960390823777,0.0,5.618976581452496,1.5679615796275,0.0,0.0,6.783244159727474,7.349626303187305,0.0,0.8438304005754591,0.0,0.0,0.0,0.0,0.0,0.0,0.0,0.0,4.465655373210804,0.0,0.0,0.0,19.27420654917453,1.25176560901423,0.0,8.538598744798978,11.891137096813956,0.0,0.0,4.294430413175348,8.060724745708814,4.3706754256465805,0.0,0.0,0.0,10.17969592977342,0.0,0.0,0.0,0.0,0.0,2.902970349391432,0.0,14.72820689986794,0.0,0.0,0.013043048789328684,0.0,5.317043018099399,0.0,11.111991445733576,0.0,21.258787824819983,3.557954828991287,0.0,0.0,0.0,0.0,0.0,0.0,2.3421669573092427,0.0,0.3222237019611246,1.9929600063895903,0.0,0.0,0.0,5.96830399291137,0.6493610081260243,0.0,0.0,0.0,0.0,0.0,2.03308927451038,2.435120299299782,1.154695172307165,3.1729915802193154,0.0,1.362482863718031,0.0,0.0,0.0,3.145858756051897,0.0,0.0,4.393339228904038,5.141482880088614,0.0,0.0,3.1717871438410863,0.0,7.450027996037092,0.0,0.0,0.0,0.0,0.0,10.813276685569232,0.0,7.768652032329598,0.0,0.0,0.0,0.0,0.0,8.030579523081625,0.0,1.2277688011256496,0.0,0.6835245715617123,1.2277688011256496,0.14523861470957156,0.0,0.6835245715617123,0.0,0.0,0.0,3.051458457710577,15.713811067328145,0.0,0.5391036037854282,11.419425789271543,4.926941634482791,0.0,0.0,0.0,0.0,11.72305607302764,1.8014639298747865,0.0,0.0,0.0,5.685246871752768,5.544494364362166,5.8744116631271375,2.3236625949531238,0.0,0.0,0.0,0.0,0.0,0.0,0.0,0.0,0.0,0.0,0.0,0.0,3.277025935539973,0.0,0.0,0.0,9.974466638187783,0.0,0.0,0.0,0.0,0.0,0.0,3.8966424661334944,0.0,0.0,0.0,0.0,0.0,0.0,0.0,5.024616363877291,0.0,0.0,0.0,9.33851060103478,4.890976422750489,1.1594879709945765,0.0,0.0,4.220705547261689,0.0,2.9216626462829223,0.0,17.83373669065134,0.0,2.876161092998988,0.0,2.1252303522162164,2.876161092998988,0.0,1.8204216850503834,0.0,0.0,0.0,0.0,0.0,0.0,0.0,0.0,0.0,0.05004561391184818,0.0,0.0,0.0,0.0,5.346513996213722,1.2079980033679107,0.0,0.0,2.8101049156432456,0.0,5.316454956712556,0.0,0.0,1.8422574539509544,0.0,0.0,0.7311500043645942,0.20750858118534277,0.0,0.0,0.0,7.025287530664585,0.7417955959868746,2.9488958885101155,0.2486293960835842,0.0,11.243358586884327,0.0,0.0,9.329888955385144,0.0,0.0,0.0,0.0,0.0,0.0,0.0,0.0,0.0,0.0,1.613419062875073,1.968274842665288,0.25325289058067096,14.132141712361397,0.25325289058067096,0.0,0.0,0.0,1.1257733887614179,1.1257733887614179,2.64806764017019,0.0,0.0,0.0,0.0,0.0,2.8033865153766593,0.0,0.0,0.0,0.0,0.0,1.7187533843678695,0.0,0.0,0.0,0.0,0.0,0.0,0.0,11.760148346234507,0.0,0.0,5.860411674963016,0.8596142519658828,3.6535305603912414,0.0,0.7829717357833027,0.0,0.0,2.2580985831298674,0.0,0.0,4.814998934449126,0.0,3.662597715784708,0.0,0.0,0.0,0.0,0.6389069937099101,0.0,0.0,0.0,0.0,0.0,0.0,0.0,0.0,2.728319366544793,0.0,4.438243563689944,0.0,0.0,0.0,0.0,0.0,0.0,5.022049081335586,0.0,8.33691974219638,0.0,0.0,0.46948924604225034,0.0,0.0,0.0,0.0,0.0,3.478698020271783,0.0,0.0,5.912462617125526,0.0,5.912462617125526,3.9430356527131063,3.9430356527131063,0.0,0.0,6.45143763545649,0.0,1.6764464489530806,0.3761736840619053,0.0,6.15631841739766,3.0029145338586014,0.0,0.0,0.3761736840619053,0.3761736840619053,0.0,0.0,0.0,2.181606526361451,0.0,0.0,0.0,0.0,0.6536083363609169,7.138418857164588,0.0,5.097666368370877,0.0,0.0,2.394079841853885,0.6536083363609169,0.0,0.0,7.7353679815444805,0.0,0.0,0.0,1.764519682612269,0.0,0.0,18.55098829453755,0.0,0.0,3.177115812305845,11.03285374754592,5.110125181152688,2.751528038224744,6.3310100682221995,0.0,0.1518041925114521,2.621805908170651,9.791002346915509,1.9253781895338828,0.0,0.0,11.038694443724802,2.7271653913275333,0.0,0.0,0.0,1.29947697896395,0.0,0.0,0.0,0.0,0.0,0.0,0.0,0.0,0.0,5.853217766375924,2.560267008160477,0.0,12.920015549887312,0.0,0.0,2.3204895602145585,0.0,0.0,0.0,0.0,0.0,6.768513062073965,0.0,0.0,2.7172713770398094,0.0,1.0826169769755447,0.0,0.0,2.51527411299168,2.51527411299168,8.662401731449094,0.0,0.0,0.0,5.5769507898779995,0.0,2.1368034674889596,4.276819495076252,3.4879565102241448,0.0,0.0,0.0,3.3667942321659274,0.0,12.339395623784247,11.786855838840026,2.123555292178033,3.0480624481394534,0.0,0.0,0.0,0.0,0.0,0.0,0.0,0.0,0.0,0.0,1.5438145317812833,0.0,14.492138554429358,0.0,1.8635411863388018,18.644649945272985,2.3697459133552004,0.0,1.8022269485517337,0.0,14.106711912996083,0.0,0.0,0.0,0.0,0.3489496336406737,2.443407740844684,2.813702586932659,0.20290022405849337,0.0,0.0,5.112797338868383,8.105702749563669,0.0,0.0,13.54533328027876,11.187867036495051,0.0,1.1959475885499107,1.1959475885499107,0.12551863706527655,0.0,0.0,0.0,0.0,0.0,3.418110974850344,4.19356137183906,5.784575088374208,0.0,0.0,1.0094630161792781,0.23226044774627663,4.95827717034237,2.9235938815689684,0.0,0.0,0.0,0.0,0.0,0.0,0.0,5.781096663221041,0.0,5.23691937857875,0.0,0.0,2.2973178991032297,0.0,0.0,2.1461829427767447,0.0,16.24660267154874,0.0,0.0,0.0,0.0,0.5570857205818563,0.0,1.1051326947993922,0.0,0.0,0.0,3.750268870709824,6.586905635649066,0.0,0.0,0.0,0.0,0.0,0.0,2.064679605022433,0.0,0.25763795023148345,0.0,0.0,1.0280925696820182,0.25763795023148345,0.0,0.0,1.0475466117689425,1.0475466117689425,0.0,0.0,0.0,0.0,0.0,0.0,0.0,0.0,0.0,0.0,0.0,0.0,0.0,0.0,0.0,0.0,0.7160071482380701,0.0,0.673697483545656,5.602031087479771,0.0,0.0,0.0,2.360031928952555,1.9673588904597317,0.0,0.0,0.0,0.0,0.0,0.0,0.0,20.43496774685157,11.225432433238831,0.0,0.0,0.0,0.0,0.0,2.6917218485673624,4.248354141924449,0.0,4.391487901752041,0.0,3.215403432543197,3.6509569540191156,8.622144068767076,0.0,0.0,0.0,4.5019930272799,0.0,0.0,0.0,0.0,0.0,0.0,0.0,0.0,0.0,0.0,17.475131574853933,0.0,0.0,0.0,0.0,0.0,0.0,3.509299625871333,0.0,4.407615489998747,6.108656161433806,0.0,0.0,9.54965561139414,0.0,0.0,0.0,0.0,0.0,0.0,0.0,0.0,0.0,0.0,6.905423649096631,0.0,0.0,0.0,1.1017170754291916,0.0,0.0,0.0,0.0,0.2699967671703515,9.252468549662868,0.0,3.3673068679549045,0.0,2.3286123835928607,0.0,2.3286123835928607,0.0,0.9668786940660636,0.0,0.0,2.3286123835928607,0.0,2.6082784727955626,0.0,0.13704076667979176,3.0261740349391184,0.0,1.344140914666938,0.0,6.153837685445238,0.0,0.0,0.0,3.918773512474572,0.0,0.0,0.0,0.0,0.0,0.0,2.9977160388992603,4.761704450884935,2.561490268427713,0.0,0.0,9.266688406395568,2.561490268427713,0.0,6.661284342141422,0.0,0.0,0.0,0.0,7.610361374704382,0.0,0.0,5.765874792719099,0.0,2.6161812033118013,0.0,0.0,0.0,0.0,0.0,10.206890564148614,0.0,0.0,0.0,0.0,8.499767971576984,0.0,0.0,0.0,1.59090792869783,8.73702252571267,0.20907038103421677,0.0,4.353351870315832,0.0,4.616741822554427,4.397305718798354,16.323304167862137,2.5445788129932443,0.7473427090644928,4.885296557358291,0.0,0.0,7.430335110695939,6.584659487603286,0.0,0.0,3.0385988536220845,0.0,2.6755024505571288,6.4213882584947,0.0,27.451494278469944,0.0,0.0,9.553635481936357,0.0,13.623979391960557,1.819847520675027,0.0,0.8992171996952125,0.0,0.0,0.0,0.0,0.0,0.0,0.0,0.0,0.0,1.1690427357997213,5.107735308374866,0.8257226591602507,0.0,0.0,0.0,1.1690427357997213,1.1690427357997213,1.1690427357997213,0.0,0.0,0.0,0.0,0.0,0.0,0.005071705077740067,0.005071705077740067,4.079926514108069,0.0,0.8386233020357658,0.0,0.0,0.0,9.492743139546821,0.0,0.0,0.0,5.9832251874505396,4.899863450479284,0.0,3.0652013687674593,0.0,0.06125241322069065,0.0,0.0,0.0,1.0196110234255256,5.298265661882148,6.902017834866238,0.0,0.0,0.0,0.0,0.0,0.0,0.0,10.042570903051638,0.0,0.0,3.5030157034422977,0.0,0.0,0.0,0.0,0.0,0.0,7.397158395922748,0.0,0.0,0.0,3.733981860879708,0.0,0.0,0.0,4.721159564959034,11.454212508542328,0.0,3.4572930147656162,0.0,8.734411797668091,0.0,0.0,6.019935970077853,0.0,0.0,7.666039127844744,0.0,0.07067070897027697,0.0,0.12844906907934217,2.3255008796964916,0.12844906907934217,0.0,10.9811622426598,0.0,7.620617258859593,0.0,0.0,1.0136129466859565,0.21046601656466862,0.0,0.0,0.0,3.8142539354010543,0.0,0.0,0.0,0.0,0.0,0.0,5.5965643270914,2.673871614358206,0.0,2.2893663967733406,1.3071073740025099,8.23691466265323,0.0,0.0,5.4922582364692545,5.4922582364692545,6.249991550300941,16.138063687859372,0.0,0.0,0.0,1.7368153635280383,0.49663290357312295,0.0,0.0,0.0,0.0,4.582780950495517,0.0,0.0,0.0,0.0,4.55212936463691,0.6874008872487815,0.0,0.0,0.0,0.0,0.7663461908432729,0.0,0.0,10.550877354639114,10.550877354639114,3.566318806255011,5.234633665295767,0.0,0.0,3.540146249767493,0.0,0.0,0.8906988146862744,0.0,0.0,0.9780778203788517,3.2129488873537593,0.0,0.0,0.0,8.772978287234436,0.0,2.330859513410222,0.0,0.0,0.0,0.0,0.0,0.0,6.7209611326335965,0.0,0.0,0.0,0.0,0.0,0.0,1.3118872036772349,4.270836073580997,0.9805198162689017,0.0,0.9805198162689017,0.0,1.4617615511352873,0.0,0.0,0.0,0.0,3.8517382829372124,0.0,0.0,0.0,5.149701115120887,1.7042207748764089,2.8681898804225763,0.0,0.0,0.0,0.0,0.0,0.0,0.0,0.0,1.951370940744997,0.08392017897770203,0.0,0.0,0.4881568842987351,0.4881568842987351,0.0,0.0,0.0,0.0,0.0,0.0,6.109652705956115,4.279303075399186,4.279303075399186,4.279303075399186,8.40772551216222,8.710305400841497,8.710305400841497,0.0,0.0,0.0,0.0,0.0,10.976975061226554,0.0,0.0,0.0,0.0,0.0,0.0,3.134971589758137,5.947954138202732,7.261911914426217,0.0,0.460014021353763,4.819008518387324,4.819008518387324,1.0625614083760155,0.8183135737180952,0.46350414689651703,0.0,4.328843484143166,0.8183135737180952,0.0,0.0,0.0,1.0516952933606145,0.0,0.0,0.0,0.0,5.125472070248308,0.0,0.0,4.62319196548655,0.0,0.0,0.0,0.18260492683920568,0.0,0.0,1.9926014562031031,6.662375364620856,3.662068357124334,0.0,0.0,0.0,0.0,6.280753777382822,0.0,5.224331284708789,0.0,5.224331284708789,0.0,4.872792926182959,0.0,0.0,0.0,0.0,0.0,12.888872955047589,7.251265459640183,0.0,0.0,0.0,0.0,0.0,4.362844291637881,7.12375194448455,0.0,0.0,6.601439242889102,0.0,0.0,3.680907498709855,0.0,0.0,0.0,5.782972535309609,0.0,0.0,0.0,6.191017935077499,0.0,0.0,0.0,5.5321046776136455,0.0,0.0,0.0,0.0,0.0,5.868525121449327,1.0773275452587503,9.748997518303092,0.0,1.6424495818521072,4.3786205475883495,1.1523188570334806,3.332617862060017,0.0,0.5251306392862279,0.0,0.0,1.6424495818521072,0.0,0.0,0.0,0.0,0.0,0.0,6.536612585943886,0.0,0.0,0.0,0.0,0.0,0.0,0.0,0.0,0.0,0.0,9.00806995844653,5.71626421567199,4.791776656412778,0.0,7.372875414848374,0.723995900326469,0.0,0.0,0.0,1.2862619752270146,0.0,2.884418348763805,14.244667201999176,0.0,0.0,0.0,0.0,0.0,0.0,0.7619282439733792,0.7442288806372133,3.165026859239804,5.654082299883285,0.0,0.005326047375238738,3.8122348738639777,7.019386268896573,0.0,3.719145336739868,0.0,0.0,0.0,0.15864457473899918,0.0,0.0,0.0,0.0,0.0,0.0,19.48387318281182,0.0,0.0,1.8083530969545618,7.430173625242112,0.0,0.0,0.0,0.0,0.0,0.0,0.0,0.0,0.0,0.0,0.0,0.0,0.0,6.980660163545951,1.9676779077916855,2.9375640766445743,12.19308172296699,4.845031928693807,0.01925316898000509,2.9375640766445743,8.850288710417692,0.0,4.445396608287517,0.0,6.469324521951156,3.435126966398364,0.0,0.0,5.334541551616583,0.0,2.4658448304095235,0.0,1.6681676764455236,3.24388924008592,0.0,0.0,0.0,0.0,0.0,0.4016168237272014,3.4384470403000797,0.0,0.0,0.0,0.0,4.725103967146223,0.0,0.0,0.0,0.0,0.0,0.0,0.22791719696225315,0.0,0.0,0.0,0.0,0.6976485250555495,4.023074650236489,0.0,0.0,7.075102631090449,4.7532477107210065,2.5605207769062464,0.0,0.0,0.0,0.0,0.0,0.2571961890732525,12.006848252435308,0.0,4.023105622392089,0.5680963897594786,0.0,0.0,0.0,7.286039650284966,0.0,0.0,0.0,2.501643413621848,0.0,7.57282873607164,0.0,0.0,0.0,3.721191521611256,3.7919584423495243,1.6524666931718635,0.0,0.0,4.319460835014951,0.0,0.0,0.0,0.0,0.0,0.0,0.0,0.39483505960151666,2.1013390214798644,0.0,0.0,0.0,0.0,0.0,0.0,3.781885546364969,0.0,1.9532543643742741,0.0,0.0,0.0,0.0,10.155411464066825,0.0,5.56101159214978,9.179377063103813,0.0,0.0,0.0,0.0,0.0,0.0,3.053061470109305,0.0,0.0,0.0,0.0,0.0,0.0,0.0,1.68186053189769,0.5569839725924388,0.25889887781266946,0.10171652484525605,0.0,0.0,0.0,0.0,2.9055161858708756,0.0,0.0,0.0,0.0,0.0,6.565176468402139,0.0,6.565176468402139,0.0,0.0,0.0,0.0,0.0,0.5477199606279212,1.2261145919828533,0.2982271991924138,4.707643393883967,0.0,0.0,2.282814822363088,0.0,0.0,0.0,0.0,1.2261145919828533,5.178708821753509,10.479553558006959,3.501109934947686,0.0,0.0,1.1726310861074696,0.0,0.0,0.0,2.1032228278744807,0.0,0.0,0.0,0.0,0.0,1.7021507936632592,0.0,0.0,2.5950849653959525,0.0,0.0,5.674742230988868,0.0,0.0,0.0,0.0,0.14413613686589438,4.159393779054444,0.0,5.301780407758101,6.761013722434665,0.0,0.0,0.0,0.0,4.142264806702832,0.0,1.6595776208143331,0.0,0.0,0.3200138835483096,4.896263341600303,0.0,0.0,0.0,12.721417346750162,0.0,0.0,0.0,0.0,0.603706247588022,0.11394642309893264,0.0,0.0,0.0,0.0,0.0,11.946437388694628,0.0,0.0,0.0,0.0,0.0,3.29458493760086,1.6982852141749432,0.0,3.4117977430848967,7.65919285304886,0.0,0.0,0.0,0.0,0.0,0.0,6.6751687318664095,2.386918956885328,0.0,4.218996402471776,0.0,0.0,0.0,0.0,0.0,4.673444793720792,0.0,0.0,2.2596234057342013,0.0,0.0,0.0,0.0,1.6027403295634517,1.2909786119143578,0.9680673048946139,0.0,0.0,11.192838545797766,0.0,3.6355899131181193,0.0,4.878267461164031,5.031233871009927,0.0,0.0,0.0,0.0,0.0,0.0,0.0,0.0,7.43107959584438,0.0,8.311269434852925,0.0,0.0,0.0,16.633832459813405,0.0,0.0,1.8510968020910696,1.3015932491541868,2.227442041203984,1.0572842075086433,0.0,0.0,0.0,6.51833393079393,0.0,0.0,15.097223233800374,3.185337998256269,0.0,0.0,19.712481872623435,1.7193499494266822,2.217205123483573,0.0,0.0,0.0,8.001052415933035,0.0,0.0,12.157408161490837,0.0,0.0,0.0,0.0,0.0,0.0,2.132453654206853,10.27786804152232,0.0,1.2619982777438512,2.385216261917401,1.834512029474185,0.0,6.662961831704241,1.5431641686935385,1.5431641686935385,5.516139671734599,0.0,0.0,0.0,1.7769019927193141,0.0,0.0,0.0,0.0,0.0,0.0,0.0,0.47145381156978916,0.0,3.213894416950339,0.0,0.0,0.857404823228281,1.8392435217016034,3.5858682747631954,0.0,0.0,0.0,0.0,1.7545250460016744,3.012455565017092,0.0,0.0,0.0,0.0,0.0,3.006460597556389,0.0,0.0,7.2157667247153965,0.0,0.0,0.0,0.0,3.254257008737166,0.0,0.0,0.0,10.30991050373205,0.0,0.0,0.0,0.0,0.0,0.0,0.0,0.0,0.0,0.0,0.0,0.0,0.0,0.0,0.0,0.0,7.883664095888617,7.35720273157405,0.0,9.452386838429018,3.118182799344325,9.452386838429018,0.0,0.0,0.0,0.0,0.0,0.0,0.0,0.0,1.3314854502162397,0.0,0.0,0.0,0.0,12.437427694812001,0.0,0.0,15.066102334678298,0.0,0.0,3.9268274815146564,0.0,0.0,0.0,0.0,0.0,3.3406324641926584,10.688681458954907,0.0,0.0,11.287790153016681,10.373346361408572,0.0,0.0,0.0,0.0,0.0,0.0,0.0,0.6888330616692255,0.0,0.0,0.0,0.0,0.0,0.0,0.0,0.0,0.0,0.0,0.0,0.0,0.0,0.0,0.0,0.0,0.0,0.32507493509416396,0.0,0.0,7.349953746013137,0.0,0.0,3.591466867976073,0.0,0.0,0.0,0.0,6.821184709493036,0.0,0.0,0.8123943966939841,0.0,0.8123943966939841,0.0,1.193995466212782,0.0,0.0,15.917556399813666,0.0,0.0,0.0,0.0,0.0,0.0,0.0,0.0,16.38662005949012,0.0,0.0,9.105989930550507,3.2882710966144213,0.0,2.7504088513292166,0.0,0.0,0.0,6.69389473748636,0.0,0.0,0.0,4.549323088649265,0.0,9.190253635427968,5.378861558184262,5.378861558184262,3.9749373512097,6.762822411423931,0.0,0.0,0.0,0.0,0.0,0.0,0.07746892441149728,0.0,0.0,0.0,0.0,0.0,0.0,0.0,5.8257705400309066,14.561328500367628,15.240115162768783,3.136457077701997,0.0,0.0,0.0,0.0,0.0,0.0,0.0,0.0,0.9806606801461749,0.9806606801461749,0.0,9.989925308501608,0.0,0.0,0.9806606801461749,3.07496942512339,0.0,0.0,0.0,10.057965520093928,0.0,0.0,0.155107910729614,0.0,0.0,0.0,1.2564577759172273,9.106897335986636,0.0,1.1820419237756437,0.0,0.0,0.0,0.0,0.0,0.42532169779838325,2.79454773549411,0.42532169779838325,0.0,1.727824500618255,0.0,7.372239740358817,12.34993818584546,0.0,0.8823824331020924,0.0,0.0,0.7741007375541449,0.0,0.0,2.6237678464916816,0.0,0.0,0.0,0.0,4.117056515047801,0.0,0.0,0.0,0.0,1.136991132075479,0.0,0.0,0.0,0.0,0.0,0.0,1.1711764345966234,1.8792127526294327,0.0,0.0,5.255570797130202,2.370810350709672,0.0,4.5990547851203125,4.726601632209708,0.16385683059657477,0.0,0.0,0.0,0.0,0.0,0.0,1.338848240297295,1.0946508028666353,1.528347945126094,0.0,0.0,11.875446663210749,0.8070371654168923,0.0,0.0,3.4191895556429928,0.0,0.0,1.9008137551252429,0.0,0.0,0.0,0.5739006266121163,0.0,0.0,4.6077427216651055,1.3122264660414924,0.0,0.0,0.0,0.47020283914298494,0.0,0.0,0.0,0.0,0.0,0.0,0.0,0.0,0.0,0.0,0.0,0.0,0.0,0.0,13.473285112776352,0.0,0.0,0.0,0.0,0.0,0.0,0.0,0.0,0.0,0.0,0.0,0.0,0.0,0.0,0.03774113671163546,0.0,0.0,1.2579162796651404,1.2579162796651404,0.0,6.228316669540448,0.0,0.0,0.0,12.573764680588711,11.866436216807713,0.0,0.0,0.0,0.0,0.0,1.9582652869236379,0.0,3.2555986050387578,1.1653156007851662,0.0,12.839410007672893,0.0,0.0,0.0,9.375769726288135,1.3895000309445682,8.04437269370468,0.0,0.0,0.0,1.3136431779128808,6.2068908745631,0.0,0.28080012291744455,0.0,5.220610569314108,0.0,0.0,16.194130124935377,0.0,10.969598372631962,1.2385882388251008,0.0,0.0,0.0,0.0,5.874644724379212,0.0,0.0,0.0,7.2847714654334,0.0,0.0,1.0063209378783269,1.0063209378783269,0.0,0.0,0.0,1.0063209378783269,0.0,0.0,0.0,0.0,0.0,0.0,0.0,0.0,0.0,2.523940777779057,0.9699388169752823,7.556047331230284,5.202006964169684,0.0,0.0,0.0,0.0,0.0,0.0,0.0,0.0,0.0,4.118694378601273,0.0,0.4429982079604652,1.489888792342807,3.618494598252488,0.0,0.5041262875605876,2.364849291671884,0.0,0.0,0.3891927247781629,0.0,0.0,0.0,0.3891927247781629,0.0,4.386382670611939,0.0,0.0,0.0,0.0,10.384087866651278,1.4700367827143972,0.0,10.492443146942787,10.492443146942787,0.0,0.0,0.0,0.0,0.0,0.0,23.3281518065617,0.0,11.963093606760168,3.4405993151452994,0.0,0.0,12.525912597244371,0.0,0.0,5.219369704850006,1.1083072994733922,14.195547478961002,0.0,0.0,3.1911641095233105,0.0,0.0,0.0,1.336684285613668,0.0,1.336684285613668,0.0,0.0,13.047098134292394,0.0,0.0,0.0,8.190378573226445,9.519012466311276,9.820834141839715,0.0,0.0,7.100845424924849,0.0,5.287750691274372,0.908600425147555,0.0,0.0,0.0,0.0,0.0,1.4422679639025107,0.0,0.0,0.0,0.0,0.0,0.0,1.857716880463093,0.0,0.0,0.0,0.0,0.0,1.1349727278508,0.0,5.603885573781582,0.0,3.3573171130786608,6.987431456173666,0.0,0.8839363261576232,0.0,0.0,9.841612579522891,0.0,0.0,0.0,0.0,0.4768264475461272,4.309036537476519,0.0,0.0,0.0,0.0,0.0,0.0,0.0,0.0,6.00515087770254,0.0,1.0391735071205646,7.7000913860061075,0.10563592774587088,0.0,0.0,3.53897165147502,7.544033452599038,6.660483232255496,6.557477167789033,4.98042667769652,0.0,0.0,0.0,0.0,0.0,1.1536933449172053,7.9955529231826565,0.0,0.0,12.26683704559551,0.0,0.0,0.0,0.0,3.678738437233963,0.0,4.373891910514805,3.864905334332385,0.0,6.902504698315012,3.776306958895857,0.0,0.09576125924365536,0.0,0.0,0.0,0.0,0.0,0.0,0.0,0.0,0.0,0.0,0.0,0.0,0.0,4.629588189310454,0.0,3.2309320449455203,6.353655856977867,0.0,0.0,0.0,0.0,0.0,0.0,0.0,0.0,4.520053637644979,0.0,4.520053637644979,0.3241709732105878,0.0,0.0,0.0,0.0,0.0,9.386629911849134,0.0,0.0,0.0,0.0,0.0,0.0,0.0,0.0,0.0
critic_evals,0.0563831639757675,0.1170220259830079,0.1868359732856363,0.23934926775971355,0.3010980317549024,0.42695125020128494,0.42910357899093216,0.5481105192352778,0.5856673555835014,0.672659783590707,0.7340142975531395,0.858738802686791,0.8409873431156607,0.9131324233189705,1.065520797968673,1.0752036501188595,1.158010879637792,1.3581137541251118,1.4112622505696002,1.4506737933246394,1.5882838440095381,1.5838522720722417,1.7794824783380312,1.8192008057573623,1.9078536570409528,1.9384238915642114,2.1232650567733407,2.0711120965087546,2.2690330082172383,2.3035913330368243,2.5062555249976075,2.4621650432722717,2.6042298289257446,2.7247154996296494,2.903639263711145,2.8358556562430013,2.999757997382127,3.092531465843062,3.17164828738165,3.2632019962460137,3.3620124228191997,3.522975302383129,3.5784748257745127,3.730355996993198,3.66961938535832,3.8455967687199926,4.087166891802375,4.1119555730335104,4.340105969225332,4.099584146052598,4.232924818542318,4.493037836393839,4.504642880156065,4.7097817219625755,4.809728642311211,4.816618634392185,4.903522626395675,5.05433796292398,5.164002174102973,5.256569673062015,5.244987762063323,5.478141127342237,5.498360336378347,5.61012441061807,5.920162856219685,5.802467965132062,5.999938890391657,6.2401851057153515,6.376654054328793,6.318715437850954,6.284647189008791,6.441858747022383,6.789735079200467,6.762645164453905,6.958262721098765,6.925782480667512,6.953735486643384,7.2231620220505395,7.195573395819141,7.670864662257127,7.3831490107690625,7.632479766086103,7.678679280083983,7.87296390781917,7.899685635089723,7.8020286093733935,8.028225190285447,8.280272532436205,8.185416129300375,8.262937456881533,8.232827084344443,8.365885838563925,8.589416269395432,8.770193528352468,8.820575196765446,9.170796031552525,9.157285228646666,9.232566663235469,9.273264752961852,9.083672909977007,9.458086506663392,9.521604732292793,9.682685919207614,9.710635722989236,9.93922868314882,10.072256776159922,10.163311479329252,10.132398090090515,10.258030726433333,10.397009329218966,10.672083837591561,10.91442294881436,10.541671212899397,10.69845747215365,10.984471555753577,10.840219395486113,10.771028057558421,11.31276214653878,11.155606658658446,11.643271512112786,11.627428180400953,11.628013198980641,11.98529739300664,11.903624392128954,11.828344969534946,11.898164242184013,12.189612267280761,11.986762266136735,12.388214471907315,12.192572022349728,12.6531753798959,12.664829002035306,12.62827711783896,12.732003626858372,12.92714419595566,13.28885599757394,13.254077913344775,13.434821544667965,13.136460625607292,13.694244718912111,13.473525879998016,13.750956399608018,13.967278745731125,13.69215190158795,13.938845757922898,14.631361711123262,14.043186668487712,14.878279396488253,14.244101612959255,14.31469750874086,14.830053718478316,14.516872413922478,15.08904816384915,14.707546100715504,15.126715934981263,14.913683329029388,15.526108020498597,15.48210223959275,14.820309204351876,15.23252849222631,15.346420411049236,16.180997173672807,15.442378085199637,16.31036214909576,16.787733343540687,16.59585534691918,16.217558696000662,16.579549537336895,17.08600177185421,17.23632847309147,16.981637519286064,17.1065970790379,16.73319640270568,17.418054392660284,17.625588212409625,16.997808506403256,18.210662204660554,18.305017643664463,18.26523825594977,18.0930851474307,17.93294488776692,18.314560440950064,18.10384873498641,18.32019930999408,18.645237554007416,18.587043660376665,19.25423698382222,19.30474236620534,19.547841539059363,19.193129496852627,19.976363856566454,20.191103137132323,19.43073642198696,20.477073073391278,20.169768334411078,20.326156507755048,20.803400675130238,20.43879780194054,20.687984515059753,21.331298781220415,21.039742065991824,20.782298810661253,21.300154400285525,21.33474947287859,21.6653146574033,21.734938277817886,20.78258821806728,21.345671749130414,22.128660618028825,22.187065707662956,22.359034257773367,21.77533001791869,23.295536316765137,22.59173161939372,23.431442374189952,23.652057451766733,24.0270018249657,23.570699993617996,23.104104486679088,23.27567841190025,24.079280814223353,24.38978699562233,24.727775008904608,24.363261117517776,23.99401417410664,23.55658516673209,25.0972662734838,24.76610536192612,25.297211770313417,25.378985211600078,25.709529617305893,25.770816832090453,26.209076065507116,26.97295883379257,25.688831278416366,26.34988695474515,26.261854139650026,26.423760250367767,26.657751523485,26.545426804518943,27.286005448717766,26.313145094260825,26.57096575070035,27.048293237323627,27.96495975438891,27.987985753271808,27.428868609577393,26.087230609587944,28.151098433482836,27.5650879490204,28.037096433004265,27.828355614705323,28.084541942680325,28.278106945571377,29.394063364729742,28.549296637829,28.974447253091014,28.663305646837788,29.119382889898716,29.513237353068902,30.147383832282532,29.441882521676373,29.32803091354316,29.382939670086728,29.248754759011845,30.23629037511869,29.930300577894123,30.806397093393965,31.12357783924677,31.723305119416683,31.95474434234308,32.036503177950216,31.795776711635092,31.76616690715889,32.28761422331531,31.981132239332236,32.636729009505395,32.85364690100282,32.122029791632244,33.29789185648107,33.07954298744188,33.48166162465925,33.34250870628597,33.7434717755436,34.19382862626182,34.431547252194804,34.670707714436915,34.84593911958655,34.80997426928832,35.05454863650437,35.34155945841483,35.514578313635624,35.69463826271285,35.880358224933914,36.0096370160161,36.201618755431525,36.42889513201853,36.585048506714784,36.853918524617,37.01498330239477,37.00091627755768,37.292211752098574,37.465193775780975,37.736896564571424,37.794800397168544,38.01432708994186,37.96290078564752,38.40733252884196,38.52592070626404,38.71351517878459,38.59927726187056,39.08032925765317,39.283836829242055,39.469759009754554,39.578205764744446,39.77447265054627,39.92696299637751,40.12562351852307,40.22558043599846,40.39378828550218,40.4419122159657,40.643172464012395,40.9115506502521,41.10250757455232,41.307637800328955,41.537768342840884,41.682059837660624,41.61133167155515,41.96395637868887,42.16204717780993,42.155707426291585,42.46677980046933,42.63065073653715,42.812080669047376,42.836738999960076,43.16717541831003,43.151492551951826,43.49699331163412,43.64944893792887,43.85323993002948,43.69614460688953,43.37201174370149,44.28790312172565,43.3808639395407,44.66442958555046,44.49094046924839,44.93581083482078,44.30629244978163,45.23353675332669,45.464315722694685,45.60578926035452,45.829812219875436,45.9873062362928,46.11236723167926,46.145105499485034,46.19743380443927,46.43478634250006,46.726530219498926,46.892047103119666,47.1115752171077,47.221285992354964,47.39221677782329,47.52808165264611,47.65304564859365,47.88679580237362,48.03059238833511,48.21834409353276,48.424604462218504,48.54880225272465,48.7522706185014,48.91588705650888,49.098130649497854,49.18921149547423,48.95043029741454,49.49532663890708,49.585795306216426,49.82510847900238,49.86870911796343,50.1045722082299,50.29095162142438,50.44733114390847,50.602269490468665,50.74702343272323,50.90024602946906,51.11805757152602,51.28168827686793,51.09568456698976,51.51797831202324,51.65959268427489,51.64370767958838,51.713687104849654,51.136116040510096,51.70382363193989,52.43984515313157,52.635329625269954,51.94977746086364,53.00128109773726,53.12317446209578,53.26559709737733,53.41799846847036,52.670536807156616,53.77866792610579,53.911711728155495,54.04308591400199,53.79716376557224,54.34721242784439,54.398769062628446,54.6356580548074,54.507667300669645,54.99423215877563,54.8602669959485,55.287114996504,55.409109124855476,55.40589243599359,55.43261847638319,55.88445467999472,56.093787813706605,56.2439217846572,56.37136222548003,56.51627062767371,56.7709893640941,56.88450627417808,56.892474223736805,57.170915820969356,57.27866954255625,57.360627432774116,57.21550299375012,57.814410981384846,57.50628985469653,58.181040641785586,58.33166641040348,58.47544273047513,58.62038430990691,58.74992003908896,58.88627770805185,59.00107864718883,58.350576401444435,59.37756467750515,59.49459403194861,59.63471979343616,59.82088868586781,59.9986150569621,60.13237433507264,60.242741045547994,60.36242848001934,60.55304752362051,60.5156447403316,60.82245478864106,60.342734981718586,61.11707107406691,60.975933343879134,60.528333138895206,61.620925459539066,61.68415781856146,61.64674105644354,61.97625573091126,60.72500406953263,62.130523966030864,62.47632842548574,62.553498992381584,62.4346144739666,61.817617787798845,63.075423947381026,63.08740660109575,63.428792885103114,63.49293593226632,63.395880288960974,63.75246043300212,63.92190715234557,64.00846273351172,64.2640955535188,64.19935589488054,64.51212765835999,64.71985847248703,64.82268867278489,64.98274387637845,65.10691035197586,65.19814455943147,65.31778279919978,65.45181786552301,65.66500078326729,64.73400774116766,65.91993830495257,66.06782166215515,64.7311000332822,66.36723142210334,66.29897308829318,66.5393831513606,66.68106094589622,66.83294418155305,66.97625910951574,67.10965323568267,67.27712708561988,67.41044887415255,67.0996998594749,67.6020494472217,67.80749071018884,67.96071903899134,68.0689670415065,68.18704623477882,68.3373367224422,68.49673751037633,68.65822180975573,68.76009897810036,68.90788843287704,69.02216728602019,67.55660286102636,69.25953478990844,69.36657319594214,69.15460167321572,69.6540014241301,69.10762919937574,69.85398931431529,69.9629567759913,69.70480240581638,70.10852805307793,70.26149165706673,70.51551951624734,70.649835513081,70.81312179501164,71.0165308963159,71.13833107001369,71.2706565445364,71.38765126048636,71.50374203841946,71.65026847148764,71.80074184161077,71.83687833998067,72.06863406222897,71.03281611876747,72.36212134967073,72.42992240539182,72.61804006259604,70.6117005657597,72.91107219584809,72.97516252492142,73.10504034324342,73.22764330675149,73.38782567189028,73.53190511770728,73.61666667241792,73.579648216935,73.94331604864544,74.07764246177132,74.25853016609322,74.36475550182993,74.56476533591997,74.64783262302626,74.84780208324912,74.90224887334026,75.04200686690056,75.22287632495375,75.29613302015191,75.53121642276618,75.63005407664144,75.71386453969176,75.88712881247281,76.00939148784111,76.13419895621102,76.05461917558037,76.43773387880569,76.46638991227438,76.629599367817,76.80393376570026,76.53766614051858,77.08242266921705,77.10533368453774,77.3400055308864,76.87170965488913,77.57060921842437,77.78577307598857,77.92686022684838,78.00557383131977,78.21883115981652,78.10441921248197,78.38131029598888,78.50238683986042,78.62643928182041,78.31777952906181,78.88315434481548,79.02459848657683,78.8286693996417,79.21857535508374,79.29172212256533,79.46895373834624,79.55229445683482,79.7365561646866,79.87054845182045,80.01686696461293,80.17605676927907,79.54885058980477,80.34846265603045,79.87729772550159,80.62296491917921,80.54248293806586,80.85135664548793,80.98417318131017,81.11284867441952,81.24979570949316,81.41761450898798,81.52733508307898,81.71486535915408,81.84317844975651,81.96344836582699,82.1020979467602,82.22971823033616,82.39644939559953,82.25543980004682,82.62977629281143,82.82825825017193,82.95208065549224,83.06239920490339,83.19856011252253,82.07787352189735,83.21511228835284,83.44001777330715,83.39850942133224,83.79701262621359,83.5745709048953,84.05425196733324,84.19701218785097,84.36468672016805,84.46518931742504,84.5794228512937,84.76991105641389,84.5301410405234,85.03467270106445,85.17699719532082,85.31154886915236,84.72053003201503,85.55544292697343,85.74734829680416,84.57583082075844,85.94135264026896,86.06782106246156,85.99272989977973,86.2877242905202,86.45597386723628,86.52127629848083,86.2245686973876,86.52912280988525,86.80022505561307,86.58863002702446,86.963323390277,87.11760105451258,87.27873808564996,87.39608974888907,87.51583534536734,87.6597529328931,87.76051039180668,87.91797431756001,88.03387998083242,88.07284476868885,88.2520413524214,88.32758641653027,88.50686581806066,88.61851868900904,88.81888140241595,88.9106294606409,89.04813184504125,89.22060405772653,89.25558523944377,89.42102309254433,89.5271247983083,89.32012951917007,89.68263743009123,89.83535756884284,89.31477237018268,89.77338975448194,90.1815547910761,90.20454171510676,89.68906443453845,90.13134727578604,90.71677936436218,90.86780529318595,88.87631752467613,91.05360066364213,91.10101224299864,91.31746919467679,91.40323415396863,91.55694051051215,91.65944705478348,91.8336235566422,91.81092733122631,92.05177797047511,92.20961394192834,92.3625610770944,92.3986955555619,92.56694398179552,92.7044082589333,91.17673135242794,93.00397811918641,92.53246313667579,92.29558021478893,92.51093462318714,93.17319446480298,93.50214122428746,93.62633386262966,93.75417336571026,93.82151301214654,93.89849991532607,93.99632402802804,94.10704271231081,94.01650424896121,94.38099738239994,94.49481285752377,94.59701195838441,94.69774426359479,94.8101666735474,94.93069529677713,95.02378160046844,95.1301235864579,95.27128695427587,95.44959495733737,95.5803152843715,95.70703102724438,95.77127440566622,95.89631350562867,96.01701443069369,96.1198815348615,96.21976546628007,96.16909480191207,95.89840885501818,95.83931813668302,96.57852056029874,95.47214517566468,96.79210534783792,96.96512768329121,97.1171645562029,97.21423757414857,97.35590920284449,97.4600035362233,97.23031255369139,97.65534529106368,97.79203911353764,96.91861401630483,97.98926374954321,98.1828199615289,97.70064092572781,98.4244851356069,98.56808516707589,98.65170143552795,98.80789432973965,98.81728283182855,98.95837788581768,99.20077166486404,99.25964226842751,99.37004476145674,99.54240832484675,99.6343449475735,99.7423473806123,99.58660293300312,99.9316039964883,100.05226410128,98.91486447050221,100.15518902914165,98.48441918708419,100.34823125928875,100.52070644846224,100.59816898236066,100.66275466265249,99.61358293995568,100.94984563594592,101.08166252624581,101.14447377698133,100.83148019663828,101.39552819602812,101.0413192604381,101.58146747089113,101.67737903858605,101.85310656037358,101.5246089777686,102.0226794663346,102.06033733235863,102.26308976357915,100.31745825297517,102.45120336862374,102.6239793453599,99.68459119569894,102.25624389444683,102.92652182904514,103.02869049690712,103.05793256164523,103.26098474079315,102.69542341574278,103.4117872091369,103.51720629951161,103.71134660635408,103.85595790260784,103.60525274116792,103.96362131100635,104.14816804845798,104.23178237367769,104.3598001545185,100.49583476908231,103.57381504028638,104.6342509682302,103.58471484963377,104.7787541269904,104.92665132796272,105.05203951486136,105.13910714632297,105.23555562243067,105.32067333931859,105.40323962356042,105.55676313910179,105.68416015436163,105.79215410582867,105.85644617037973,105.91445685577003,101.06402663018515,106.24024353519927,106.31045524252096,102.02916826448586,105.86831114939153,106.58782209023349,106.6660209131349,105.56842157121338,106.84206304224185,106.90506836303847,107.01926873116719,106.99810616229425,106.8133506640714,107.25909802504292,107.37104733973678,107.50020651697629,107.2297992564691,107.17780267458411,107.75822319706201,107.85870564431568,108.00478927736754,107.6455160801921,107.56825934587233,108.31660241098223,108.15571510460093,108.49933170191727,108.64729458006101,108.35388604924727,108.84460971459778,108.91661618102746,109.0558390725617,109.12422155499189,109.19591662241608,108.7821130776228,109.03975984852838,108.86411044392065,109.6067367356591,109.3313290809664,109.87645318273825,109.79760133157251,110.02453893222322,110.13171477871494,110.26280623529401,110.42493876124088,110.49100546300463,109.41623524974803,110.77534562038288,110.85717477962503,110.95299993501223,109.51986784895749,111.14295080648257,111.30493194474379,111.42850895576602,111.53373157722956,111.62166963517319,111.7094142463638,111.81992442084284,111.88867499491859,111.77466670674147,112.10667836038958,112.16248748071767,112.2621128420661,111.63115695937127,112.35265884061165,112.49303341741604,112.52097556125295,111.9855408944572,112.76938824555961,112.86891094781402,112.9867464509705,112.71145393336855,113.1751865797207,113.31850051721129,113.26707167441529,113.22190544525415,113.60765705840022,113.6863009998851,113.83149059799486,113.9611825457777,113.64209252134859,113.98996936290304,113.31966182731209,114.27569477863453,114.2500303835482,114.34665019455105,114.47756719448908,112.90763289619449,114.63885460808967,114.7550610403639,114.9175168752921,113.04030459677583,114.77535287300545,114.96775390410124,115.27376180686406,115.38998866189671,115.00297357658582,115.59580045033675,115.6918492594912,115.85704162433326,115.95332619705869,116.12512672234321,116.19752302130364,113.89847241821657,116.33291182032251,115.3271280150522,116.45563073968644,116.5068011905563,116.63789684912236,116.75375199724036,116.83330480455605,116.9494663822617,117.08534244893337,117.16101667227338,117.29706359909387,116.87810974952212,117.50645948367864,117.56652306593173,117.71813476424066,116.53724386739363,117.90274308015786,118.03086200209563,118.16850125961193,118.26282605581352,118.34867100204448,118.45179407709352,118.54397604968553,118.66946610423682,118.73431864108235,118.84292707208367,118.90797174209939,117.59909733747511,119.15751892015457,119.23012549008894,119.38966137416443,119.45405302342297,119.52084133852321,119.59095016511422,119.72885933991088,117.15795777796673,119.80210297088048,119.36053375241372,120.02012519635886,116.10786704129661,120.1414963296109,120.24939515233497,120.37638490448819,120.44229999727828,120.54601152076806,120.37338010603884,120.22707404705764,120.77166928481938,120.34082117622897,120.76494912312577,120.92693639077872,121.00069197803705,120.96925511744735,115.97742872969876,121.32262784179761,120.66073253320377,121.49192310434857,121.64220696927626,121.7727688001959,121.33506715968664,121.92164714316378,122.04126826486443,122.13859644702279,122.2500183724761,122.21505281161606,122.49520978668649,122.647770608836,122.68652572801132,122.68083634330256,122.8165359215657,122.85895773251892,122.95832082127207,123.0816085631189,123.10171667423838,123.34028937228929,123.37523265096438,123.5074933169856,122.86960667141118,122.63528986317179,123.27856355879827,123.78358767487147,123.82310515590538,123.95945987715399,124.10216183939733,124.14359147157798,123.837876242174,122.62353307530614,124.41997662072153,123.23691013325308,121.49734622512376,124.599825825487,124.68574217339177,124.73038101153425,124.83308140924716,124.88017993342432,124.8151378700877,124.61735802738401,124.74694230432624,123.71657351859058,124.34774452224103,125.1718871990688,125.22900474859709,125.06865019189567,125.38461146752392,125.48741249782024,125.56385799493934,125.67973836473708,125.78021229050125,125.86383567236298,125.97358875999738,126.10297497649681,126.19136069085272,126.18655945800516,126.3473859518589,126.45457275774062,126.46011591095571,126.54586220117977,126.63220127405069,126.64552355178105,126.36645877441791,124.67300183329073,126.30602608343266,126.99130109238035,127.08812195234982,127.20451350257689,127.2933295356486,127.44571995628688,127.30505126759961,127.6573529869139,127.74284570266904,127.91119437606805,127.96076926588712,128.02453911341513,128.14269910274373,128.12554191590996,128.25676575526893,128.35977302501075,128.46350765551873,128.498144345818,128.60355242832284,128.72311120718317,128.85710880784197,128.93641674501674,129.01182077668517,128.9674934211697,129.1608508292787,129.24481021417395,128.9369550509748,129.0228280155638,129.46557572889114,129.51197651121979,127.75206100141385,129.63763775688804,129.73346593562835,129.43159135259145,128.12740608528856,128.46365082458388,128.68506840912374,125.16718969273002,130.19043970269357,130.32114080952735,130.3813951488447,130.4328900516885,130.54204202106445,130.6584267031848,128.9845012903392,130.82293289587582,130.91485514278978,130.98985919325173,131.1493113409636,129.9216338262944,129.25803783095546,131.33227452368266,130.76836637883218,129.5294081146375,130.4981824936471,131.59752552385217,130.78257271442692,131.8053237624582,131.83602941627763,131.95178352931012,132.0021064739614,132.10813998577143,131.76283013439286,132.315917673625,132.35540221692418,132.47921103112674,131.36482745828025,132.2386975721266,132.70689129099418,132.79075245702302,132.8601822433789,132.08796101335727,132.49455940462113,131.40748682904982,131.51792873250093,133.28342287151364,133.27343693602998,128.90980741164387,133.42206516829216,133.4519432691272,133.5334308997148,133.63657136997566,133.71694926555188,133.82350729104914,133.9120374052001,134.06430241870626,134.17001859133242,134.17388943718316,134.2738190428335,133.65606794321337,134.49150255174524,134.59776912783957,134.63625142862955,134.76760927531902,134.84165452538537,134.95600570567316,135.09245301183958,135.15928886020757,135.27700256075462,134.50417024792935,135.37779400100337,134.95993967862677,135.081851229864,135.619249421387,134.43522946549643,135.72830896083397,135.78855018567342,135.85125370446823,135.9408582404253,136.05397507415833,136.12498070945787,136.25048728593296,134.43957140427435,136.0203905677373,136.48006738069893,136.54937936508873,136.49166307115237,136.72952049269898,136.78872497584504,136.88292107528008,136.84166426330208,137.07537029395218,137.1598276969094,137.1812927927562,137.30166501006116,137.38249477455022,137.54444992554392,137.58932195342504,137.67810041558937,137.70904452167233,134.3919625380625,135.37160597538352,137.90137656650748,137.9866448712031,137.86553047158014,137.49757376371247,138.2649634256374,138.36256535080597,136.17408461222632,138.55302590398213,138.6456938515223,138.72379340046118,138.79713289260343,138.868511314344,138.9789152972828,139.02476772211426,138.67278358173692,137.9020102297493,139.28546796828863,139.4030056427232,139.49313817623556,139.0936964099901,139.66168196920546,139.7411779550313,139.80841235776205,139.87807286346802,139.9631844794581,139.92229471053594,140.03573176188308,140.2029943288609,140.07249554046334,140.4003532497612,140.48541116051106,139.69763543806374,140.6320206209515,140.70775008987596,136.4742868876695,140.8536563829716,141.01963947969674,141.09103776572516,141.20564905742242,141.28577582214723,141.35732152003675,141.47353395289548,141.51994847478304,139.5995913279703,141.27521107253932,141.70088233159322,141.75690037439796,141.36434980098986,141.2544099807282,139.8841955188964,140.1354606045594,139.55449542690505,141.54774218186725,140.99748460350756,138.24654741549696,142.28078817828873,141.9108467357063,141.7064161746886,142.5207413321171,141.9966237875607,142.16229851069713,142.67307615066156,142.73815473432873,142.82300132650707,142.85600509582952,142.9033395944816,143.00231721525282,143.0880214698208,143.18695095856157,143.06730931087816,143.41701642246255,143.52316314429777,143.5494200092909,143.60034480062583,140.2469175090595,143.72437315411366,143.35037303806618,143.34710052077494,143.90911740141135,143.1191128040453,143.93201495825,143.955240975203,144.0396871051414,144.12306717522796,144.21206562319503,144.3300047571319,144.45649708968512,144.5730463511347,142.4054610229692,144.74796721967667,144.83224964938316,144.8210886059872,145.01290624141524,145.08810049909675,139.7039204251516,145.35525567816464,145.39074967679753,144.56365217453782,144.05927053330734,144.69907283311846,145.6246190097133,144.51576402363034,143.2235204763647,145.640124868779,142.34399480017672,145.0524841595612,145.80898125459197,145.93268683799002,146.04208774634512,146.0863672941381,146.1930722844805,146.2956072052176,146.37096539904337,146.4679602711348,146.53825858046383,144.45446112944072,146.65423398404488,146.26414079901633,140.88583418343688,146.89052548819137,147.0144985540718,146.6240939904047,147.03745263192755,147.28765236403825,143.83979178702495,147.45962393202515,147.2766485437009,144.88657208030028,145.63821787730097,147.81812080846575,147.90142424363978,147.95341305907934,148.08247779349824,148.11782723667528,148.17766415831352,148.21642613691188,148.28874348218915,148.38597662882884,147.94128287111437,148.51421495458823,148.60694241313425,148.67876933247797,148.8063618950134,148.82234369494282,148.42151167547377,148.98710093114178,149.1035636627877,149.19312368464372,149.2620722547699,149.35544504664156,147.44474720787147,149.52949422341558,149.6001269593328,149.75714346614504,149.76622764901347,149.84896432174813,149.03644925747975,149.20927198353667,149.29832465853113,149.95886629471167,150.0269436731478,150.1444875582443,150.11206150215958,150.26936474653263,150.36772340711914,149.77894047664168,150.35426446816754,149.826878057838,150.56774961297586,150.67354121984295,150.32492270301054,150.85632164316604,150.86871491340372,149.36627889570752,151.03409520756676,150.7195347659141,149.12679006017927,149.65527114915417,147.6841776602315,151.26165851615758,151.40036984105774,151.57494664636062,151.6398897593344,150.99062193525364,151.78466546870425,151.76945775468494,149.07678296019662,151.2355947729247,151.61520106596853,148.61200182841176,151.4480533267093,151.1763657005128,152.1105950150314,152.17321095477087,152.28494751949964,151.89815980187726,152.42003440350857,152.47754545768908,152.54853114051127,152.62335926766454,152.74213364498848,149.7465313095786,152.82844508256665,152.94374341281156,152.99318329407674,153.09162968176003,153.16845966679736,153.2490484506028,152.43753085180782,153.44899175794504,153.387577596719,152.63493232365684,151.7926086558094,153.29583702133752,153.77744763538743,153.34462963262501,153.77412853890183,153.9714201242495,153.9378729371337,154.1152983357751,154.17853713565904,153.90155268006507,154.30240712231392,154.37282168252395,154.2510360690928,154.54301465125207,154.66657443363886,154.76794582566384,154.86932283089004,154.81587822650312,155.04836260801852,155.13620249511666,155.21791579796442,155.2610900407989,155.3664373634461,155.45880634789214,155.46130050876582,155.58711471722336,153.53621310716977,155.76840609556464,155.77334062843838,155.8610442838989,154.8280267489165,155.6500614635589,156.04625238826057,156.13118921886553,156.17307534714482,155.05149629475105,156.3248972625373,156.2630983411938,156.44071545860865,156.5125968159628,156.56362778102977,156.64547764279007,156.72621572088272,156.78782189993802,156.88501194749418,156.94794737422967,157.0120109353344,157.15722875981197,157.22079601345877,157.29695873080584,156.1641380978676,157.43524883875193,157.49958848644908,157.60204046429976,157.72315418163916,157.65524930137892,157.88550000763104,157.9502328547193,158.05543884448127,158.07151142041133,157.6501434743803,156.91635106133728,158.1966176405396,155.8337185883149,157.97062248856787,158.47244376904806,158.5492722520479,157.89601883743188,158.6569497842852,155.1070998573022,157.2161685707202,158.8290630905966,158.8661865950552,157.373459120788,159.02742484700963,159.03593468630257,159.19589685130254,159.18951079247552,159.27059966685184,159.32910537064984,159.38211093017938,159.46926587638762,159.07769824472018,159.65829861910018,159.71328267358032,159.76712867171747,159.84852358014174,159.95319293267872,157.8186063697726,160.1146713846201,158.07417640353327,159.84869339996885,159.4007695498405,160.2805870316092,159.36141151168388,159.93774193308883,160.517985259797,160.62323100606983,160.64143745453006,160.6795758250689,160.7563023545249,160.74130489832902,160.62745797452658,160.54663474845356,160.75781040864476,160.935224636202,160.9690104455349,161.0765028576909,161.0224932952202,159.32108155860132,160.9460883618009,160.77404901906255,161.07107120498492,161.07028939370065,161.12838650509005,161.2180428033075,161.31692521105728,161.3499250375653,161.45564277222655,161.50630578295704,161.54627125928712,161.6136535892964,161.15579784795298,159.84458158899304,161.89520374973765,161.88513444619468,162.00746748130774,162.095878395256,162.1281869376034,162.24349743743304,159.2966630607068,161.46769814225453,160.93252464906016,162.42550628659163,162.48422188514422,162.58491903292898,162.59922732188886,162.6287456764279,162.71325071639396,162.73303278989533,162.79369581657642,162.88660767242737,162.52597734317604,162.5447665666472,161.26894020616186,163.09220965854945,163.1548397688109,163.2947909337626,163.3325841828101,163.39163858548784,163.48197352473645,163.54595926059957,163.62088919744482,163.6966868831559,163.74693087823138,163.10296722312722,163.90809354775936,163.9951100289165,164.06383153069575,164.15673024749768,163.50911368474289,164.25838576042298,164.28074906385208,164.35424984893868,164.38627615761678,164.50101383504855,163.87304863684093,164.59868387927233,164.62490088784364,164.46482253704454,164.75843258977991,164.82187092040823,164.87933168093429,165.00517789971408,165.1100861777708,165.1685596022645,165.24950806881898,165.29032523176758,165.40712849317342,165.4524955582468,165.56659267045683,165.6199927128148,165.73052863538922,165.7941455788291,165.91172896203818,165.94681081072596,166.04107008939786,166.16046974391762,166.1825459694588,166.20518177688862,166.226131928939,166.34726494717756,164.34353897583824,166.52047892035546,164.25804844177242,166.61681506363595,166.6444278128317,166.71598991011138,166.77356163744682,166.6428284735223,166.0564294401982,167.0401087469451,167.09556490127412,167.16493137317872,167.2384384603778,167.28831506240851,167.32629588805005,166.9028581450665,165.35934729056447,167.55653903972973,167.6241741102455,167.6714758278215,167.7187101242458,167.70049540495782,167.76815556284942,167.85866349117205,167.88644633647746,167.94343807824853,167.99070065901736,168.04663077654655,168.10457201649555,168.15413207829874,162.7844668406656,168.2678142449494,168.29327339546876,168.43256205735057,168.4931629041491,168.56343409597287,168.5853790166527,168.1028377254444,168.6439292713266,166.15487369506107,168.06088073785835,168.91473376186252,169.01814083087422,169.090107893673,168.95482762980023,169.00003162299834,169.30904310309006,169.38007302432302,169.44509518904331,169.50061381544836,169.55919432754067,169.5637109226438,169.67412962160105,169.76539880500692,169.77137270984005,169.8536923310068,169.97612670773344,170.00262888219248,169.54767534970733,170.02588353576854,170.2137204301953,170.2861723018624,168.09373992105876,170.41690217188423,170.46035403282235,170.54106520050428,170.6081540372471,170.6509833372037,170.7183419531332,170.7666179683163,170.2458924898018,169.71073642458543,170.92056656262508,170.98269792234737,171.06533836914377,171.157800348527,171.19031167569946,171.2866551963604,171.3453340572555,171.43268633515137,171.5105459677691,171.52335029481927,171.6569079353159,171.71898868099981,170.40015757497116,171.74758998181204,171.848856810209,171.90815213087853,171.88855676666952,171.70343141104527,172.11098056527425,172.06792088824272,172.23439613583912,172.28625387357042,172.3588800260832,171.6384183363961,172.43335713242425,167.87407385209877,171.97255139732297,172.6179653424169,172.43982698033562,171.8903100962403,172.82366448331683,172.8734562145967,172.94904435068725,172.9601278464656,173.02402490223213,173.06935443690583,173.14121033070427,170.6934702500031,173.282038365904,170.46936989464567,172.35660363780786,173.46815749807266,173.45770365336313,173.5320274106853,173.60648485568254,173.65188318251182,173.4462848458332,173.74838178519806,170.4099078450963,173.79659757298558,173.81222341300966,173.90577349004533,173.96589538486967,171.34640579152352,174.1220656216138,174.19998581537297,174.27018807910537,174.3992559595308,174.26296967570627,174.55462909652493,173.0131893076375,174.64810341600335,174.67511472064268,174.75579795508514,174.82718642288467,174.83657181707312,174.9344596169989,174.97823471518464,175.05821800445568,173.1899832259358,171.87101537081844,174.53702275645833,175.21011060111516,174.92075975149808,175.29580373208395,175.0845868966046,175.28800683428318,175.50765018802895,175.56211421626364,174.66393894427847,175.70661667577784,175.7257692084712,175.77841817983594,175.8352475458172,175.9304262601658,175.97668071190856,175.83092268070823,176.0645993621413,176.12345167409856,176.19648838740363,176.29298356441794,176.29665872476764,176.34528781462646,176.49411094049378,170.81826737890964,176.62034651129102,176.62880556076345,176.67449627159286,176.80060913932618,176.81034241754932,176.89132951594607,176.8346571207666,177.02235611939875,177.14131402604428,177.21188396719705,177.3063831346211,175.7483900438753,175.51677781671648,177.49701444210424,177.5979854166821,176.352971565029,176.7782778205895,177.74025551243952,177.8432461041584,177.64698675090315,177.9386715069361,177.99982400962367,178.0808891995952,178.11182123698674,176.9127886129037,178.30680730080508,178.37655408070006,178.4415302629269,178.4166868359552,178.6240390451028,178.66520234923672,178.73846737338826,178.7775055608159,178.82437748507127,178.8243190316236,178.89976404079056,178.94487406589568,177.16631531744318,179.10258768694135,178.71413411737322,179.20045953339604,179.23007280767035,179.31106162976062,179.35479041306493,179.45627465885144,179.55532634015532,179.5829855383357,179.64078751299937,179.72869273392263,178.03000104292823,179.81553061758154,179.43052049045298,166.6754782080345,179.93251328380126,175.6306025997472,180.04929544009045,179.90310931814497,180.2097249419335,180.24267686313792,180.25081733213372,180.33280085718778,180.295400646478,180.35110317175383,178.8218024888633,180.57578880497846,180.60392580752114,180.67364346643805,180.77174356046993,180.8561713581138,180.93102456827256,180.7706663299379,181.05232070944808,181.11506066180084,180.97747939943926,180.99815238891472,181.19921107306385,181.27005002885141,181.34275302691302,181.36849772710113,181.13956234770953,181.50358657792646,177.02053587235753,181.5921198245843,181.47567657149006,181.6927973491824,180.97524446479153,179.27715772540054,181.61156399665208,181.22694690381104,181.92351757199393,181.19564144882372,181.9959328357368,182.03132007996228,180.2156577236362,182.15135020399694,182.2360615200303,182.25527046003077,177.37398152534155,182.41144154167992,182.44932281899963,182.51172393295127,182.54874445383902,182.62960783912848,182.66069612901848,182.32511837338996,182.77787057220084,182.77506526897542,182.71071751934022,182.93492017103412,182.23390280048076,182.99485179037268,182.76214156267665,183.18724513086832,183.18214905385295,183.208536520593,183.22698232595778,183.26414922619165,182.79062882321278,183.38752011771794,183.4333632674396,183.52897597981095,183.56101724766822,183.64008430847463,183.70743850574806,183.78308331668129,183.82841965722938,183.42794271700348,183.84882431296282,183.9048653418272,183.82484749936177,183.60075098133476,184.07535321091052,184.1449354352076,184.17021002846366,184.24600484004836,183.88606750762168,184.40874665181866,184.49324345862692,184.58842218072522,183.3641365722626,184.76594469162245,184.82000574826824,184.89366860234995,184.3274546735014,185.0724256286416,185.17938564700572,185.24437678352612,185.23756713910151,185.28900826319446,185.37610868785515,185.51069995027936,185.54480969527856,181.85339377859563,185.6610090170939,185.7390279587337,185.77357983659107,185.79541301982573,185.80093520337775,185.81377873083613,185.90061263984535,186.00378626827373,186.03579424211,186.09166785164015,186.2458771749863,186.14268972678227,186.29948496985588,186.3366122529723,186.1612784540601,186.42919024042308,186.30933999268905,186.4373973847017,186.43563843816003,186.44872386121014,186.50448652242807,185.63095536151224,186.06521153855007,186.6019601065918,184.75837314166196,186.70925944482582,186.77334683639185,186.73841530173405,186.9326519040064,187.05649988188546,187.12293931543522,187.16063101871427,186.60043544376646,187.20115029870814,187.23627485670065,187.34157322122925,187.42221278148966,187.50190212202955,187.5902592181262,187.63392851877921,187.71433553270742,187.76835049766626,187.8044178605753,187.87581670539677,187.923919194473,187.99451392610675,188.09061225490822,188.15213672142372,188.09492637802649,188.2563402511519,188.2887538887005,188.2822729109398,188.13108581585345,188.38701476536227,188.45897456960853,188.50389379485827,186.38740837312002,188.58843070552285,188.69782305921842,188.76262771868832,188.8622123620522,188.88256015303693,187.7522348182859,189.05149231776622,189.1531169326308,187.551214237902,189.31049379308016,189.32006295516314,189.37491421807795,189.052631648266,189.50601958847724,189.55065102918266,189.58325301764737,189.3379781642723,189.68915692585873,189.79653375905215,189.81023352187646,189.88818656288387,189.93891959969517,190.05955443750562,190.09857354194702,189.65333590416432,190.1578676189576,188.42447032693923,190.1340754109386,190.24223076693062,189.98769955820737,190.3410701246115,190.36942850191014,187.7215252154996,190.51567133404495,189.75421882238726,190.6942547661575,190.72129382565458,190.79261349808513,190.8597699314053,190.93253229171998,190.97844057695133,191.07769450696026,190.7307639796042,191.2280455970899,191.27906123697477,191.01427716610115,191.38908024549565,191.2340981136425,191.45881455279067,191.5666418736887,191.6489342871205,191.68884908184083,190.1040307051585,191.83292772703956,191.9072772550244,192.00386967262844,191.84375303174372,184.51989521362913,191.51494786022482,192.14140145427996,191.5953577908539,192.17388230383852,192.22126180399763,184.80788708471832,190.0979307431011,192.3065010568797,192.184442774714,192.4039493464137,192.46398479581555,191.161170185191,192.54098438385722,192.5712230862332,191.5622172925776,192.67712907527766,192.7301634280483,188.78027355286653,192.77302282049237,192.68479624586712,192.5295546990382,192.9096820762745,192.97264857887586,192.95817557618122,193.09091409699423,193.2013793409341,193.28863535645243,193.30685160889962,193.36920468107616,193.51368886164767,192.94475203299498,191.28423340307071,193.04990602384956,193.5983149717656,193.77639242500786,193.81119252540543,193.92131773220072,188.48361479579953,194.0560549645038,194.1138831786906,194.22532460591302,194.25583578584488,194.3578858603311,194.38723977368113,194.19831737059118,194.5650336701153,194.59800911144345,194.47154352777636,194.71220846469257,194.6946605680252,194.75654168178178,189.65492072170156,194.81012403944004,194.8560203712035,194.9003781808693,194.95490903274225,195.0227458121286,194.76154901726355,195.08289545001963,195.15755984738732,195.2362530624737,194.62345102613983,187.90149830418233,195.37757921211562,195.4529716066111,195.53037529395303,195.59941777800307,191.96059975141648,194.3667772731931,195.78887826257952,195.8023629296869,195.89774654012072,195.9732880522235,196.057420589962,196.13270012018756,196.22915170299925,196.26624483179432,196.36354556883248,196.3933070463707,194.1735627134186,196.54860022190329,196.60293473322886,196.66580118250715,196.73788224878191,196.79936111680382,193.19970888584643,196.81534036425737,197.00738483712593,197.07035428743745,197.12398118211144,197.17021638333094,196.34225178294557,196.24337390535607,197.1949188772957,197.2512563407347,196.5775488556993,197.39947236961905,196.2286494000486,192.88933961893255,197.51193630991844,197.59292379031004,197.68050990978145,197.35332104746877,196.12001723489436,194.05046473315105,193.34291235868565,196.9941601827429,197.88906052065587,197.85158636864347,197.87857898543987,197.75171819208236,197.30222450070198,198.06066184659173,198.11203542058544,197.46829749051975,198.23024678847403,198.3133959338431,198.40797852142038,198.488000114086,198.49608473364393,198.57698977674386,195.36230713707894,198.6307540696192,198.73247147220613,198.8200208570164,194.38487213082217,198.7437951364681,198.9720385934228,199.0156818063731,199.05195127884662,199.1198585175461,199.067323653862,199.23701044043966,199.307164762151,198.79658560082643,199.4818902136591,199.53200806466285,198.8557163973343,199.51274633070506,199.73503266358844,199.70964843948175,199.7678869998613,199.83095940144918,199.7337260859994,199.9972809919882,200.0290851818484,200.05811085376848,199.89265472768622,200.1694215071482,200.22150012173284,200.29231201861074,200.3715625174871,200.30114081837172,200.28811194767655,200.5011837594635,200.5313496495728,200.60048666227894,200.30028901998352,200.78214405810874,200.8016191465517,200.81607527507168,200.81747676347288,200.88417615176704,200.72244087156625,198.875032248199,200.9345981234093,200.69721479723862,201.0475222379965,201.08883645448438,201.12925617012144,201.1211016228024,200.63938739192383,200.87263109038096,201.10536336575115,200.84788697791453,200.80640589492276,201.42054825680108,201.51802727239328,201.53716906325445,201.56316965158507,201.61391619576926,201.66310657246137,201.7126272975099,201.34855744764403,201.67425528939566,201.85582621181555,201.87395821391976,201.88682001227292,201.98814558578422,202.04305221336617,202.09750204357107,202.14105245655813,202.2602645413043,202.29416092204664,202.32639365113963,202.32256418397148,202.44339608226858,202.53466953833734,202.541488131952,202.3719935141678,201.65371311472126,202.6548765934479,202.6623881946832,202.78994162784093,200.43405421831676,195.3123692827453,202.90514881114493,202.90877790576133,202.9683658936463,202.98304766409964,203.05547374662592,203.12296598494126,202.89709580222183,203.23367756463665,203.29696074809408,202.58644490381633,203.29801490045745,203.37795635876523,203.435140324086,203.5397212600704,202.94301808243367,203.61281476129014,203.66392354035185,203.76127423978164,196.6581393477844,203.91148383204902,203.96416440325817,203.2207354446523,204.0081312880899,204.04615794245692,203.9982399257001,204.12675286439273,204.2192795681358,203.8479048580467,204.29793182834084,203.42430406318215,204.45921972889684,204.4645222737532,204.53721243300149,204.5341587220997,204.5446511749291,204.61761794413178,204.630105256792,204.68319609217926,204.73930009363758,204.80240367478567,204.8374645358203,204.88632903100407,204.87351647840276,204.00820535719674,204.94746908685306,204.9944200059892,205.06476244878928,205.05705679037806,205.00770830709033,205.13078320478272,203.66372685846935,205.20974984814714,205.25258660854718,205.2838208002053,203.39840431913802,205.34424300118985,205.41900005875493,204.07559283462118,205.6054053484837,205.67549357083817,205.73849265442985,205.82583123855662,205.8387679784797,198.5268715358427,203.39003697130516,205.75370176202273,205.9473903750191,205.95413731556025,205.99372622594208,205.33200625000524,206.0309221472582,206.05508988912015,206.0958216086575,205.53097297236724,206.20146539198777,206.17156361675373,206.10034261056597,206.10055229712884,205.78027375403988,205.18416846068905,206.1252553155213,206.1497597228673,206.2415425781968,206.20910787854535,206.39474760209703,206.48144585670497,204.91989620513277,206.56206986005338,203.0925354121336,206.68414279293273,206.7247144092228,206.72252965026496,206.86021789821234,206.8805728056441,206.9748455480041,207.00913282183447,207.10635402768963,207.15253753217752,207.1702969605152,207.2092261739478,207.2756162964852,207.2985861426678,207.39585512863303,207.43766820312194,207.5392171531962,207.63661313477124,207.68053715742192,203.4135584517838,207.63219885445807,207.73007176535424,207.7861668386768,207.66485572628727,207.85234305944465,207.92079714300908,207.93491581205836,207.95763842667256,208.02894180010128,206.4305543657584,208.15820937251888,208.21907507243066,208.2864760993901,208.32857965829425,208.36002762063657,207.7473794878413,208.472614035822,208.53413113514748,208.5396607521249,208.61551527352498,208.48326719625413,208.6474678565719,208.26175305445412,208.40635566900914,208.81841128935656,208.84145717206758,208.88109961267105,208.1284431624119,206.9190268347659,209.00593113213534,209.01374086634632,209.09994101788752,209.1453006672508,209.1748936807218,209.21973239952592,209.26381128661922,209.35480236949627,209.43190211858112,207.9442683890714,209.5476998614584,208.70417425923864,209.6914382546401,209.79157541831023,209.88717518998095,209.89770791869367,209.97068503860203,210.02336630460223,209.86306749785487,210.07523132917777,210.1132503558475,209.7970945636458,210.25789612188385,210.3139058662703,210.3214400426203,210.38696192878544,210.3268622120249,210.45406797587282,210.507623397757,210.57988341793043,210.6251233536807,210.64890324612807,210.70311701383616,210.74737792756514,210.807646434835,210.834287634136,210.88340734534398,210.94813070496284,210.93676791849924,211.00543402570818,211.04034692299086,211.14256774784275,211.13572781373142,211.2059570510722,211.21923809851222,211.12890205213068,206.0429253455283,211.3960988418703,211.43638138246666,211.48140877683574,211.59249123763567,211.67553763890604,211.7356186536726,211.78592871470752,211.80791180981475,211.88130756410231,211.91955239100153,211.98494296027422,211.59272116943802,212.085455887946,212.07608468739855,210.2387383557107,212.251572076185,212.33318021888238,211.7227858196319,211.91958567967473,212.39612227471596,212.35620937153595,212.46401284694105,212.53188383736887,212.6256339809675,212.67276255630128,212.7017837666179,212.76844968733064,212.8233591854862,212.8928543718703,212.91330960718585,212.98248940973076,213.01838587541945,213.0705808212661,213.0975549655069,213.14515704189975,211.5676208386616,213.18545789979552,213.29004930851298,213.27193196703658,213.34256258994935,212.449372455428,211.4919434575954,213.1751731945002,213.4294620280494,213.50679925470422,213.55719088612736,213.52315346388858,213.66753233663084,213.751498348683,213.81417564883594,213.89053883179676,213.92661503933724,212.895530985218,214.0162696511456,214.0163355459557,214.06162567044677,212.0777973775035,214.19361335392182,214.21962964441704,212.37883132325493,212.80932272298335,214.3554807895132,214.35931439721801,214.40952405964057,214.45290326790695,214.5278303897842,214.56767469130335,214.62416709172507,214.51969289216612,214.7789389264295,214.64465486726564,214.8432527509837,214.9527706162797,214.8189465154064,213.23789936635558,215.04711709571944,215.09933721639973,215.20011250407282,215.21052661860514,215.2738000908304,215.31910655048344,212.7201470681408,212.6018926087888,211.688335162697,215.48264441147035,215.12663742645438,214.05120417763706,215.6044137523883,215.60155854716476,215.56162033142158,215.5474565526679,214.93446525889084,215.61067396688733,215.49521101623458,215.60998120581712,215.5075968933025,215.76037303543993,215.83289523821807,215.9046235273898,215.98094730429668,216.00235647346045,216.00977886131358,216.12279400697545,216.13760971996132,216.101038587163,216.23858683448208,216.27857034566262,216.35960475620743,216.41691136529494,216.4608554793908,215.89294076461144,216.58557603414428,216.45593058965204,215.68382942468585,216.75555318456375,215.8790876600634,216.59726791354876,216.91406870270785,216.95276210380368,217.03334875041185,217.13105869571223,217.18495326402254,217.19146157622976,217.23511906280856,217.26489887633727,216.9452202125827,215.57519753777245,217.4349716816848,217.47920333797043,217.45594345761626,216.8753337356861,217.3912736577002,217.08546476297894,215.85666962747388,217.67277049658617,217.74767175006562,217.7664857384761,215.4468433219041,217.90108911587907,217.71328381982377,216.3905130472966,218.0529197866186,218.16505411941705,218.22149261859403,218.20254913904714,218.04720040618247,218.29633294428987,218.47057059738424,218.54256147419423,218.56388265124986,218.60448626237374,218.66055279632798,217.53259991690214,218.74453885717796,218.83190365006732,218.84017280394366,218.9178590680542,218.96078187086536,219.01888571691626,219.05638517339293,217.8816070702885,219.186612885845,219.2184915368761,219.18815227595977,219.12902984352738,219.21973896253223,219.34541398871744,219.38678555565684,219.4256524967468,219.44131563583727,217.19852075191207,219.58287867899836,219.56225413250456,219.40229003866082,219.5942913968692,219.65383132809856,219.35368816555686,219.69697526211,219.66619442547446,219.77899218773342,219.79523403277784,219.81113324798258,210.74321142226876,219.92829787920562,219.91985646935484,219.9716744247102,220.0311927781339,215.0936677699174,220.13298810033137,220.23938254042378,220.2823007909562,220.31540876311848,220.37933042611192,220.38609856687611,220.4161427981525,220.53401004950555,220.5633937141573,220.58287679825494,220.6151282238852,220.59579948491768,220.304161591163,220.71754331378418,220.7234647218499,220.7780704617142,220.77525493895087,220.25302966590536,220.8383475102618,220.88149808431345,220.94220882920763,221.0187377960935,221.09976140263265,221.14435914287643,221.20225112133767,219.81193057797057,221.294074532588,221.36719728510684,221.3610820871788,221.32893447621706,221.27551865630176,221.4213088491678,221.51664984789076,221.5286168689296,221.53692132707928,221.27966254092914,221.64067519596614,221.69038079770365,213.87637599987096,221.8218627354441,221.84792862714187,221.276125961601,221.96576324216707,218.16915478437406,222.0764636789773,222.14205035690483,222.19490524677917,222.14019977333572,222.24978855464317,222.3020929163068,222.36789620112208,220.50325999778303,222.47692405339095,222.50991587742766,222.52087726439532,222.49980515541864,221.83186688810474,222.48223361910647,222.49683587730527,221.1684040520305,222.52116530823105,222.49137053864123,220.6037841762263,221.44984617599673,221.244666871421,222.64027109481904,222.67576878466696,222.69452632809154,222.79297529682736,222.84846061365894,221.8581333599416,222.7725099607212,208.74914643510888,222.86162467060032,219.6735827059539,222.96647314734693,223.02260065604096,223.10360698648392,223.14616894102252,222.51759433866374,223.2659119266275,223.29225834378707,223.36215715584694,223.3828560778617,223.43065627797844,223.45241479697637,223.4948051634462,223.51197602259973,223.56209357984233,223.49249849821533,223.67054433962542,223.6869027472301,223.13446221732633,223.86581020406862,223.87416059476487,223.4103908942551,223.99547345463924,224.07615725270605,224.10767350967612,224.0481575730738,224.16902810432563,224.23528147937282,224.1152355053594,224.37220005383256,224.43317697815445,224.5059208619717,221.03509560560633,224.45430826447372,224.5634044211403,222.69469473054926,224.6889502153115,224.72008207951666,224.11134922482964,224.66753600458586,223.99531524018428,220.68117438859468,220.6228563184854,224.7491100092334,224.76826717093886,224.7377812607401,224.76216629490855,224.74758079952218,222.93174236317833,224.78888053376755,224.80709553344298,223.35521979746704,224.87378104928314,224.88103277772782,224.92629320123015,224.700381969272,223.40197020241138,224.93265541095423,225.08663255105807,225.11378778848425,225.15213911078808,225.1512856606189,225.18512603832417,222.26670842361386,225.00875414065405,225.32652655009218,225.37435986767395,225.4372642569746,223.87220215758597,225.45522166038606,225.55857509175448,224.54068092949896,225.68627463632367,225.72628452836565,225.75595178542437,225.7880233963186,225.61978242050358,225.81891785429832,225.50139549232776,225.9076685429703,223.31445251757378,225.97187821801728,226.00261342527733,226.05315657209738,226.14497738738245,226.08978454887296,226.1431864303671,226.15768851989495,226.2200712350886,226.10554887855358,226.36106619338022,226.40997000318958,226.24827218281007,226.41549494309731,226.20585399095947,226.5521276449886,226.57215310772412,226.59524524289031,226.55805026677638,226.6697756997077,226.73556370482953,226.76273490409417,226.8484006778329,226.8702251518425,226.9461260839855,226.98910619161538,226.99003884946703,227.04114968866844,227.0862528282387,227.11691105262162,226.2893160414895,227.2344849177777,227.24796210694092,227.36605595208678,223.9830451193639,227.43264536925508,227.52552335979692,227.581909923166,227.6195531113586,227.69101166026385,227.71087933269197,227.76893534416536,227.79197479936875,227.82702083238308,227.8750721788516,222.01163755462818,227.787994506108,227.90605124883487,227.96449563006954,228.03219798881003,228.1261132456547,228.20691771055454,228.20965841677196,228.26249948051517,223.07031253922023,228.3119606503811,228.3734568108812,228.35433176523827,228.1958209727186,226.59175767769543,228.5298312858306,227.77283822091735,225.3897368355335,228.60998109558352,228.63127244469052,228.68171693161977,227.88688908892507,228.81391397031297,228.73755598371213,228.8363937355338,228.7560149834279,227.14200385140256,228.88135557172834,228.88055945874,228.91111594540325,228.95834383299436,228.729529238687,228.6721095291481,229.11713428743644,229.11450009173805,227.32588924249723,227.86860270878762,229.17370478735018,229.24072148768565,229.28052989524065,229.36642790939808,229.40627893269522,229.47462152215385,226.24971863505831,229.5920490432604,229.03597637970148,229.67222573009516,229.72135919204166,229.63326458155257,229.81941497086274,229.8471970930594,229.91329813869135,229.9364288331544,229.95293354446852,229.96326662888674,229.97744645659304,228.42716182912488,230.02384965667687,220.67256507029091,230.11537162657476,230.1525076312795,230.14890756432433,230.19987727562744,229.86152568220723,230.27956867436671,230.33195051182568,230.41905696912,230.46348647890053,230.4167517358163,230.44825838831744,230.08046313221303,230.46007977200372,230.0083584324107,230.51443309334573,230.4311059966848,230.61212442499004,230.58355231169236,230.72171475661798,230.12580794346005,222.59058318305253,230.7553428080977,230.8097773371275,230.88431676401996,230.80772393566855,224.78979343770146,231.05676955275544,228.6744204699649,231.08117392765553,231.0882158424759,231.07180471517646,231.1021984766502,230.97491007913524,229.80231810460776,231.19575659127634,230.0738202661863,231.2860974643541,231.35238745315377,231.42957802761242,231.48752281046652,231.54252389695915,230.63909018649338,231.69747511279996,231.71940245490282,228.79726464946884,231.5501057994317,231.84218442674148,231.85932373728903,231.879708383631,231.98863836653499,232.11130447354316,232.1467908105452,225.57420330630225,232.15595595401206,232.21036070688334,232.2660830338804,232.26362839523594,232.31067161103007,232.37066479449854,232.37092387937344,232.44410814648919,230.8117971128375,232.51224345285735,232.54626531592098,232.58019609387594,231.993070539625,232.19178843595589,232.58963200430497,232.29700643454186,232.50636224139598,225.01696435700094,232.56136629311146,232.64018386897493,232.6561016275815,232.7152596877759,232.75746650793602,232.82483833770812,232.8607329998755,232.78597222631112,232.23238654657064,232.92771590032996,232.7839067412912,231.89599808057022,233.00140231635814,231.27882667473438,233.04429816917886,230.51416620165557,233.16630391428748,233.233368992022,233.3216866176975,231.20684901837868,233.38437048361445,233.23850481547473,231.6121110106991,232.8111171331805,233.52396624900433,233.56011978664537,233.06235658187117,233.4680937589667,233.65716540618746,233.04244608229564,233.75231590343458,233.79421437711434,233.87936756418762,233.90761686091238,233.991139116214,234.02053533406283,232.4967932719344,234.13882930988783,233.46073907847193,234.18337633293325,234.23927567000976,234.27797705259397,230.7441900892088,234.3039121453582,232.46379269754667,234.3461316772603,234.3506553607697,234.37158975197855,234.3523340673417,234.16658016252768,234.43534444437952,232.6972341608823,234.1227236660647,234.17805427767476,234.1403239759086,234.0128778437637,234.4091298507658,234.58886055471942,234.58292537311237,234.66061789335367,234.72215081760112,234.75682958895746,234.80470702575872,234.8374319762051,234.84041276001017,234.65740887883936,234.87367977537227,234.4045522993848,234.96022061397417,234.00303012054212,231.71928065433244,235.05312084298308,235.10024971365993,234.4903240530578,235.15640704667646,235.22745070382993,235.25613651611792,235.342048445737,235.37229002997321,235.4221227022818,235.48340441446038,235.19068193645037,235.4707730215538,235.55174207197274,235.58048293728092,235.63123222517672,235.72198102820542,235.22712776347885,235.768144192893,235.78161606175456,235.8192242041546,235.7860203200571,235.88800129281458,235.89237715423803,229.11035983472323,235.93372704252073,229.5928610421871,235.95781137558566,235.59600346777935,236.0108350477633,236.06026510205356,236.12043043753116,236.17228958898824,236.2045189675047,236.2161561124788,236.27888622758095,236.33489225407104,235.9594525785832,236.42260149760216,236.51351228087952,236.568987531242,236.63522032912812,235.98456961168876,236.70739376826776,236.72881741794268,236.74631257421774,236.69011366550785,236.78747832550357,236.6179207669613,235.88506643243744,236.85960548726152,236.88638425718833,236.84255551754583,236.70539008477994,236.9449710172105,236.92803642881375,236.91943775326294,236.00121664518957,237.05865100146744,237.06163701184542,236.4304821409516,236.75610697495384,237.2128158695028,237.24528433950817,235.3830011023621,237.33752087135073,237.3863874236997,237.4747708490217,237.49945988455474,237.52096810632688,237.59540566760532,237.6271684380713,235.20739670750046,237.71392266619165,235.67588252951285,237.73661216229613,237.75069915980032,237.7828634216165,237.78734422155068,237.87436535164332,236.4249648637429,237.16041012473005,237.95952039920135,237.97299136022878,238.00138476083941,238.02785045475358,238.09146110131647,237.96036027561496,238.15303227066858,238.1625887350311,238.2693065312616,238.36048886700937,231.58588315706731,229.39160540237788,238.45735459460815,238.533420028735,236.2883290959108,237.89837237368283,238.61717733214783,238.64653975088686,238.68341993997382,238.75049313425546,238.10956934955854,238.44337137701112,238.8746605930557,238.86138456884035,238.9661875357392,238.7437882604211,238.8775825204944,238.33771120146045,238.42683516707933,239.13084849491014,239.15616899038645,239.18565969372955,238.69951924076534,239.25204720964624,239.29121694583915,239.38053374847317,239.28973622100554,239.5039012922607,239.51592801994482,239.5758331654911,239.63903012488515,239.6372723063084,239.65891436925202,239.61545556273867,239.6973173450114,239.71154565941248,239.6984325949396,239.75366406520934,239.5331317719532,239.6214904977042,239.44948599631806,239.81252925766532,239.67935835776905,239.87179908040812,239.75552285920278,239.950720415957,239.98810339234794,240.03552733716444,240.07733507331906,240.08909690679755,239.45959206720048,240.22790786186528,240.29951202571036,240.30465435306098,239.88113831273301,239.97388432326693,240.44691698821168,240.49873792788705,240.5567941900511,240.59050168654912,240.61194116645262,240.65805581965353,240.69995561967278,233.91744006723948,240.48093358373526,240.65982054278382,240.67982081053265,240.71840477515315,240.74984656633464,240.81884228589755,240.85013509121498,240.8373609540109,240.95590112434715,240.969472970613,241.0532775543612,240.936491742064,241.1011188786799,240.9884234412247,241.18801768375707,241.22807482938742,241.3144336467836,241.2869134023068,241.4255762201745,241.13718855830203,241.45633520091386,239.62078718846575,241.32307039684122,241.1567448513003,241.53550982369003,241.3859986913963,241.6043758987475,237.27215277082107,241.6552774335332,241.66730712273514,241.70824502453058,241.77601978748658,241.67508955925314,241.82771567761174,241.205890479732,241.8677695890124,241.90939804703228,241.94050338319244,242.0050228912107,241.98385063221053,241.98472825322654,241.94530626812357,242.01961182696144,230.72190268552166,242.03685452022663,242.08012923349034,240.5734450311215,242.16377739786202,242.17609225818492,242.20796270476595,242.20151294709248,241.93330389898037,242.2829512730638,242.3333718529471,242.34869081484837,242.36240185765558,242.39229474544516,242.46597856295756,242.4691555752965,242.5147260263695,238.20548232649443,242.55620351626803,242.6051033300906,242.68189559864228,242.72806821153029,242.80396016186899,242.83917882194424,242.8981978654195,242.93614913157182,242.95400919827236,243.0040548378476,243.02628246675656,243.07290431585986,243.1209491034257,243.19478474315758,242.79017941208457,243.30508819400706,243.32574198411896,243.40739221949386,243.44875941698257,243.3111291390752,243.5301074330051,243.55998811891155,243.55375090793416,243.59298744289677,243.70832430350748,243.76360559439297,241.71284638013233,243.8532005322292,243.8211616873679,243.84363223978704,243.87313748923032,242.92821004358618,243.7789436731509,243.9255852068478,243.88603893920197,243.93344896364238,241.49427415590134,244.04480100592008,244.06118591307057,241.20563772081883,244.09266272229803,244.11210775997822,244.0702337190198,244.15065209254132,244.1629785521378,244.2463264284079,244.33734558075278,244.33066171360028,244.45876227776623,244.51713738425,244.54489573912616,244.55181365843237,244.39184700077018,244.64303198301627,244.68034234084763,244.72322945223925,244.75247659248214,243.77047328353618,244.87871237876556,244.9281174555566,244.96828630424258,244.9767798221336,244.85634033245944,245.0716559194682,245.13233203786174,245.16604472209886,244.4428295452644,245.2778522382402,245.23286159761514,245.32694423467254,245.10707854293207,245.36871710854425,245.3977103477882,245.46430204546664,245.3624223179623,244.3912794652766,245.5511031851591,245.5768789122581,242.93827000105566,245.04181306485333,240.13931484165718,245.68161225459056,244.73529486574972,245.77580092334603,245.7565047908411,245.73559616869935,245.6070398091457,244.4345734633563,245.88842119504514,245.9265072656854,246.00430002655398,246.02028748787512,246.060193224912,246.08583309684016,246.0961441130165,242.64250321231648,246.15548851212318,246.18146051958226,246.1420802267541,246.2466118885983,245.63699815759819,246.31734172467142,246.28105032192806,246.34241457507758,246.39249127872768,244.06963577256005,246.47200923405404,246.5205239068355,246.56483004453284,246.57678847515675,246.62675021231462,246.68663498328553,246.75226703770414,246.6172954680943,246.2084401502734,246.90368587747054,246.90630345251952,247.0733142896368,247.0734289299332,246.69248243795494,247.03305733499454,246.69814309506114,247.11913514208686,247.14979554052678,247.14495054909932,246.7340440481162,247.17638882101858,243.22245343198944,247.2509378261079,247.2609894505401,247.2810204339279,247.27208870438582,247.32516811105904,247.21939898908454,247.19572276545526,247.35114011710502,247.34296788669937,247.35810293702565,247.34832494610583,247.36365789085045,247.40482695800293,247.45024957015355,247.5226926868496,247.58771040243826,247.59733056686625,247.62679405756123,247.7072098627118,247.71750213910926,247.7910584382322,247.85248373815185,247.88532021174305,247.90232792705845,247.9844233425948,248.0270496523699,247.9108666687828,248.07823339741643,248.11405877227202,247.44280308394866,248.17972181254362,248.23634925920481,248.2612151995239,248.29105692275184,248.32017598421822,248.34957435699565,248.40515266487728,248.43212319045188,248.0989044018629,248.47698706578163,248.4314359989782,248.49230636786356,248.51563778369857,248.56558612119662,248.59159126654376,242.77883843972091,248.70095291191853,248.54413964542096,248.80731531571868,248.81712158034722,248.82626857603535,248.5771624923863,248.8292610024247,248.7173282904473,248.90669108475012,248.88817360045482,248.72370339292783,248.94943645820092,248.98981326086022,240.82244418504104,248.75427167485446,249.03317377324151,249.0248508312389,249.0097090161135,249.05604290648964,249.1094203963965,249.1384413120133,249.167124835825,249.220814131931,249.3241364656938,249.4008359899291,249.38105650520026,249.48875819371105,249.5084732933807,249.57240056808453,248.85711583086015,249.54196430841918,249.59614210757235,239.46958322237236,249.48013505885456,249.6893690115736,249.7031128433054,249.7481125957351,249.7902645445876,249.8271801181698,249.87290103716566,249.91174811971362,249.9232861356199,249.91966921320255,249.2669472931979,248.90998392111564,247.54667004567338,250.10516120026682,250.09907062558102,249.9800071204532,250.21386833266942,250.26569331870022,250.33224733827524,242.95507217318774,250.23277200962895,250.47922072291445,247.14108151883823,250.6017577191961,250.6312661622245,250.7007960073132,250.62310034601128,250.82117879355772,250.84627917907088,250.82491951985915,250.87102969364247,250.86002871588977,246.1433862745931,250.88687454046058,250.83295252902562,249.52281398668663,250.98818423510863,249.9249149060803,246.8383839398778,251.0352801683278,251.13625092111096,250.7290101036682,251.2254584339075,251.30929062767783,251.3135565611527,251.34618628132924,250.3952440090662,251.4107659848676,244.31550897193915,251.44945734439625,251.36968834101742,251.5767437537665,251.70999023358647,251.79367052897248,251.81977258135953,251.8977603354819,251.62888210531887,251.94724298424106,252.03198443842777,252.05676824133823,252.11437963580514,251.86190957124,252.10744964422713,252.12831118132098,252.12447487822064,252.1745241280882,252.2116965218063,252.2241943367219,252.0576011596085,252.26758445115271,252.28022921278477,252.33801562807494,252.3437247237983,252.37413839972527,252.4118981015828,251.67155144613815,252.42909686453902,252.50319454787947,252.5568520865025,252.60678242493597,250.62963203448717,252.68155089105247,252.67809983144093,252.71617522003032,252.7625637683974,252.7959683316956,252.3586300620905,252.91262536560384,252.9983833209907,252.99722943718086,253.08217000783822,253.12448549059656,253.1155781625107,253.19050121827433,253.16512621256018,253.30119570868803,253.31572314007508,253.3096406839055,253.37733198501212,253.43051892423946,253.44315158236193,253.4841341186792,253.51144771495336,253.58278715127216,253.61647846056084,253.3860827267174,253.62996240026328,253.68370403954535,253.70206835383263,253.7531124717905,251.7434915106557,253.72904672564823,253.7600480908942,253.74212133544083,253.8505702048043,253.88494882591732,253.89015012569487,253.93341892519757,245.27223394102904,253.86019838046522,253.97975898880046,254.02106272326216,254.04251510389363,254.08080716160632,253.70772282332453,254.11444356346274,253.6484346254932,254.17437996660587,254.13203399356095,254.19136903977844,253.9507877096579,254.20407404256133,254.19537986231197,254.1922670068397,254.2380525869674,254.252816209722,254.3007834667871,254.3196142897261,254.34969897597682,254.39113660092627,254.44008156227684,254.46200436077126,254.47328678571287,253.74522451062123,254.54176315716128,254.59231367867662,254.67591993840458,253.48072585390608,254.7049698442388,254.74850159288053,254.7909541423157,254.7999305439404,254.79500364220792,254.83521525192288,247.77156290616188,254.89408662605192,254.9143896075208,254.94626586064393,254.98598809154777,255.02057800797854,251.72276536462587,255.0989941369051,255.15171308409523,255.20366576432,255.26758606933643,255.2960547552244,255.31196853609728,255.3473320078631,255.3331986965368,254.9848974339607,255.26995608946163,254.03273758398757,255.4924203886214,255.51580307375838,255.44548402657682,255.59882586756288,255.67005130806982,255.69676880453196,255.68646980487188,255.66301327915934,255.6423230264468,251.73037571683057,255.72930687774627,255.77647014188094,255.84344873507823,255.84523940600894,255.87619510087947,253.19307780520035,255.99147878643032,256.0185017304723,256.068693703273,256.09773393206933,256.1770941057613,256.20528717541623,255.82882028110035,256.3117797576569,256.3323551928373,256.35346200289956,256.42318920775836,254.045860528863,256.51037733402785,256.5438018587134,256.5956278603203,256.496970084756,256.5301244680876,256.6068231028408,256.3698496615686,256.3991449033797,256.3934254894644,256.79518936414615,256.8303415130311,256.59571624159986,256.8773919606165,256.9187257992557,256.8949973497792,256.9232119653881,257.00517114941647,256.19808595939776,257.0158619953689,257.03929731017723,257.08663439364904,257.10164994362304,257.15946369296176,257.2017094125385,257.270872019803,253.65261389285584,257.34495141259026,257.36333747245317,257.1612876843186,257.36321992144303,257.3322378263321,257.30930498164884,257.41298596563445,257.400389782505,257.42589023094445,257.4260585695088,249.91975489369852,257.4397400818607,257.5223653822302,257.5561829083854,257.59603763369654,255.04490804195828,257.6881656092764,257.7452166105903,257.80651018260926,257.85988253753175,254.83566043572836,257.93785712308977,257.94785905042306,257.9793404975892,258.0218629139387,257.8829750480434,258.1157313140279,247.39402183398602,254.62085961004567,258.1707124618134,256.3359350060945,258.29025986596383,258.27039650782433,258.32951635364475,257.89611536865107,258.36402118029275,258.3613119471339,258.3882725203509,258.4506479562918,258.4393978786935,249.60753690773078,258.5015275404893,251.21078600865997,258.52803032458525,258.60007803608255,258.63953915349725,258.59658805596536,254.09257201829203,258.4808203943574,258.71606317123974,258.78545000081436,258.79333777575226,258.8252116105948,258.82336038130916,258.8332289070264,258.9034822258374,258.9506361517824,258.94886734055007,258.95428728325965,258.99715554546214,259.03941586929744,257.7316801163216,259.06656286384487,259.0861568340242,259.118196958205,259.1150392709123,259.09093143747594,257.68287105812936,259.1364577265182,259.16533194350205,259.1954825889764,259.1924914962228,259.18183621588406,259.1438569201325,259.2273227379908,259.2341558304903,259.3131298219207,257.94475784550906,259.3914113142346,259.42630753918166,259.4303808482793,259.46252416674736,259.525379016418,258.8476805101165,259.5709344759182,259.309841259134,259.6405270237545,259.4856736260953,258.7451311827597,259.68992841045065,259.83536882723956,259.6839288057801,259.8345368075316,259.91751302715335,259.9601911951508,260.0118771778528,253.2779436592759,258.6706846203966,254.36434921970908,260.09773605179663,260.1325823371627,260.12278670917857,260.21303573225777,260.28919731116383,260.3388515430262,260.311856074707,251.40036293959716,260.39299935475503,260.4862645127993,258.96236038903214,260.5252752763257,260.5808675645723,260.64495926999274,260.6446334235277,260.66787130516894,260.6921674694004,259.92791850684307,260.7881485660211,260.821033689601,260.83785442198746,253.60185741246556,260.305834756688,260.8226811681215,260.8827853415433,260.89080407726163,259.2732381101902,260.9170608889787,251.87617559255696,260.9635601950595,257.2141500160843,260.9792695602874,261.01216514932645,259.08336713273746,261.08372112345,261.1252578890075,261.18662956782924,261.2053197555983,261.1947121836134,261.28907234562183,261.3519631312357,261.41305668022164,261.4172094884868,261.4677356697465,260.39339232436623,261.475215937284,256.1526804075061,261.12580983639816,261.51763906914607,261.588340289155,261.61631881671,261.6993344006125,261.63777348638234,261.72955265353113,261.7427939355815,261.7717491521973,261.5207670088646,261.4563656599432,261.84113140090966,261.8242867634589,261.93913029584525,262.00277653401906,257.28412024046196,261.9269772441842,262.05006121699284,261.9684994736992,262.1062854320647,262.0980723493288,262.1711685391139,259.17976775352065,262.26611922598084,262.2253295414012,257.33209411409774,262.22435313486284,262.2207500588893,262.2463840040147,262.1455876427549,262.31234995679796,262.28089832200124,262.19484321424983,262.0423288396753,262.4175482065891,260.4518615192018,262.41420401490006,262.574937449185,262.590069256406,262.6251068359683,260.3293631521367,262.6055712544627,262.53439791724725,262.46471048580486,262.605644171173,262.5375580189304,258.65521994432385,262.7260022380679,262.74605924570534,259.73244423403787,261.5988481827972,262.8426258378311,262.8475550415208,262.6313224703128,262.8446430400701,262.77865930814954,262.6063515572116,262.75630842157125,262.78572171807144,262.81882311345595,262.8372703342579,262.8640007480842,262.50337246802474,262.885951990795,262.84661411695606,262.8435071311485,255.33321191894032,262.87295133034155,262.5601749720944,263.0025501553747,263.0768998662152,263.07890049291126,263.03907526858313,263.0880978421819,263.1730552240129,260.6649314218895,263.2409630459532,263.2476227264864,263.0133553986798,263.19267096364666,263.33169070393376,263.36596135039406,263.43106163122906,263.4900232910034,263.5203328225098,263.567482642108,263.60710812448576,263.62940262417806,263.15099023428604,263.5389187040233,263.29208631584834,263.56128010481467,263.5654673654572,262.0497746661248,263.5136126667746,263.6995210102233,263.53007823845013,263.7814913084077,263.00798913243926,263.870196280675,263.8951894155579,263.7848908250809,263.9038197015572,263.92611272333437,263.98266967259667,264.0532842084483,264.06869029076233,264.15038649812175,264.15119315410936,264.0451011024789,264.22192537229836,264.2780742470111,264.17385170926394,264.20556828379665,264.3200738068618,264.35365668684574,264.35634277354626,264.41702858402664,264.44333370337677,264.39849115347954,261.9370033224285,262.733063795985,258.8207599432065,263.7938076575454,264.51710824759687,262.3094941797252,263.8338463691943,264.36058026517003,264.61148349974223,263.99128597430195,264.6254047771523,264.3987467128536,264.64013574972375,264.6389352183234,264.71152983337026,264.76274586605564,264.8088351103242,264.8736337709902,264.90674421602444,263.1249897167792,264.89165497789276,264.69517418623184,264.90960118974255,264.64540192728833,264.8976223840938,264.88436158469335,264.903382121761,264.9535238207499,265.0241647473753,264.7977610833286,256.74856060830126,265.10993368158944,265.12560697563305,265.2060767682866,265.22732050971337,265.30689044411326,265.3258787226591,265.3427439927612,265.3783416011676,265.28559922244494,261.3359343736902,265.4122703520513,265.4150629423529,265.3366521013766,265.45509653661355,265.44974645171305,265.2898695563224,265.4346707700252,265.44792073371326,265.45358891740995,265.48835223655965,265.5113297661324,262.60233145147873,265.49603819975664,265.5796912532258,265.5633546177651,265.51515927337874,261.5249051566194,265.38894335877785,264.27788148709965,265.66067589672264,265.64723378913385,265.70981831568645,265.76728787995404,265.81995999623086,265.6449191427228,265.84625623211866,265.7208919928967,265.6376413942577,263.3345426072773,265.93448514329015,265.9488886586247,266.00194393521565,266.0713228093317,265.6657747859826,266.00254226373687,265.89330039799523,262.9097981407396,266.2026612463786,266.14735330115326,266.3105364640225,266.3123476244311,266.3682339117024,266.3489457510892,266.4089408390481,266.4277580495306,266.444238564384,261.5346533933517,266.4197219996077,266.4823114708014,266.52583606261106,260.9643235192054,266.53083500595153,266.51356074791045,266.06091295057956,266.4147019748684,266.4598792735522,266.47294399450556,266.46374862846415,266.50259422736764,266.54111258966657,266.5185701940033,266.5670485889164,262.1835035238693,266.4107332827924,264.09610338710377,263.9017618319424,265.1976994494854,266.8299394273376,266.8243998936279,266.8656994820366,266.8914981536642,266.9517646064812,266.99555885545317,267.0009349895781,266.9626728683929,266.99988163591416,266.091222072102,267.02823402179183,267.04290133950093,267.0740089104437,267.0632782269408,267.0718486674817,267.15555640849243,267.1935339088192,267.2172210739498,267.22235984905916,267.2419493240452,267.2615034130161,267.32429303992404,267.3357448431058,266.5171274041113,265.14043214652077,267.38659026062066,267.4347041602299,265.52380730074714,267.4334132039943,267.4844386938839,267.51297067483154,267.4721945452886,267.5660318774326,267.1848459259733,267.3887702257869,264.82251991238417,267.54609638809586,267.6721079360202,267.68500519663377,267.6996898185173,267.7473570072014,267.7910622785564,267.841006844927,267.90450184122955,267.9262667199555,261.86615279507566,267.6637340294041,267.9354899360681,266.79857295235894,267.10745795922355,267.9517770775167,267.9280259239304,268.0418151802797,267.5551748054773,268.0860972098988,268.09999494852076,268.1271038966471,268.1668361346574,268.1697658699387,268.2357399762373,268.29901267614235,268.3151814315115,260.9819968008539,268.37240424114003,268.42733207229065,268.4243724357057,267.1353586221339,268.44863357782253,268.4114865994741,268.4210064910921,268.5594158158391,268.60536393456664,268.64195468667884,268.6914050946525,268.70550048602354,268.74470737606424,268.7958549176278,268.82594705361066,268.7862289478466,268.78763650329296,266.1412521395629,267.6643256881769,268.7450400390075,266.57038772733324,268.4548692170072,268.801821852057,266.110807627185,268.8399631251344,268.8643720274118,268.8596678541936,268.88885686988965,268.88375639892826,268.90058275515656,268.9365899225542,268.9932665613979,266.10717672629016,269.10165825084067,269.0292474506177,269.2075483645434,269.21521150161186,269.1905499435998,269.23332535874755,269.23152070527254,269.29067074555866,269.2947916868922,269.3202919616855,269.3204572449421,267.12681425502655,269.4254335068717,269.4895635596126,269.5261859686746,269.5615329594054,266.7065347723859,269.60520547319027,269.6476690806271,269.63353831941185,269.2430471494803,269.6953651246142,269.7211435926551,269.66074066022344,269.77848775276294,269.7502516586603,269.72529389763565,269.7432210165779,269.8015995626265,269.0750746596671,269.82695645748646,269.8391962654516,258.5510703924179,269.8828474750074,269.20653006830514,269.97621601845947,270.00725131000485,269.78373430886415,270.0379335962269,270.0534002597263,270.11525736416854,268.612886538015,270.19865981082296,270.1995635136423,270.27967903520107,270.32619741255553,270.36328411029626,270.38602723265893,266.3275424224122,270.40676341950115,270.48560980423014,270.4803535828797,270.44403874323234,270.4586761566015,270.5328498535884,270.54007510607295,270.5135495524756,270.5734252487533,270.6100325607835,270.6306985592375,270.5322803125744,270.631983346804,270.63455194755505,270.6337419009789,270.65430393429926,270.72884462145805,270.7286804179224,270.532604537567,270.74444678896293,270.7701294140312,270.8169818197902,270.7019230929946,270.89477105170096,270.96566922568576,271.01146303974224,271.02110127090066,270.969729220046,270.88686440111945,271.0959209636323,266.15328078846915,271.2204239213051,271.16488112703496,271.30744560704807,271.26263616089335,271.37747676404973,271.4085494861319,271.4038749991107,271.4412696095589,271.340607137315,270.246671343524,271.5662730171606,271.58126734709174,271.60051937028965,271.60322034908654,271.66201719627793,271.6809269428619,271.65205474395043,271.7451995132121,271.7310884771408,271.7694276675799,271.78568962422264,271.7829752725188,271.8312998383866,271.8986176350737,271.09705287502516,267.229692058356,271.87043120698553,271.93592632633806,271.78365195051765,271.9423497741371,271.9531723127556,272.0113493643267,271.8054112507607,272.0492853328016,272.06939648904296,272.1276180643605,272.18438283640967,272.2613368773933,257.7879207466702,272.30008365384094,272.30839823436503,272.3463042343049,272.37002562647837,272.42946276884084,272.4187611930241,272.43943993754414,272.4869136987822,271.68837842906476,272.525544382066,272.57588435059216,272.5540844860956,272.55701004855604,272.55043933561194,272.5480255715344,272.5537169417568,272.6017884963,272.41382606803677,272.69524513550186,271.90710720548907,272.3701461807741,272.7366900432861,272.72770625592284,272.7471559453743,272.7946386868825,272.7709873952617,272.79224736914705,272.8304233141319,272.7278290462034,272.8808480138364,272.8752972221321,272.8453259982829,272.8921794827638,272.94657768078287,273.00061007949813,273.0110769919688,273.0919698259208,273.1233532657717,273.13544438992415,273.09694490159353,271.53396164799653,273.2351637700016,273.2578489406586,273.31034164286865,273.3507137119063,273.37539108835097,273.3155902235289,273.50124984372843,272.28745420080526,270.60901572666825,273.5593452999501,273.3630476708171,273.5895294920961,273.619509742324,264.9624564618117,273.64441399923817,273.70194671153234,273.6993984366455,273.7620140984977,273.7734678591814,273.81629633057906,273.87424284870906,273.8900824499758,273.82250169183635,273.8829877973142,273.88977047402074,273.88546807794665,273.94026219284024,273.94813959420713,273.84926432734875,274.03437521595976,274.0629458840044,274.1170290942537,274.174507953596,274.1772053236076,274.19014754259905,272.9881654259812,274.1741716632597,274.1938128506098,274.0427044781357,274.2163953091953,274.2311988375551,272.44698794447413,274.0905963470143,274.3399853799271,274.35465139553855,271.0382732477045,274.3938488054506,274.35979490746877,274.31378984976453,274.2988051169758,274.35176830414684,274.36317177948365,272.85594491510517,274.43278189805403,274.4936248913061,264.761881056286,274.5504935317282,274.55631477791644,274.5954419200902,274.64712526475574,274.6778059292489,272.9058112791993,274.7615339092751,274.7446840941766,274.76663121703774,274.8016360834695,274.85681235990836,274.9224816013697,274.8907256059757,274.96615789538725,274.96073722598436,275.0043326769699,275.0156295314406,275.0334048841535,271.97605999021505,275.06011574376316,275.0949616036486,275.10852354934775,275.16211502087435,275.11385691438306,275.16319594423095,275.1516967181252,275.1086757583241,275.068913607436,275.1035932940524,275.0722257980521,275.0472185999184,274.7924189994414,275.1412006794752,275.14219700686147,268.49093371460316,275.11170055767866,275.1114254319027,274.8651971984876,272.85133418105204,274.91986365361083,275.2169190180011,275.2558875021869,274.9454517589912,275.2512752447671,275.24539732403247,275.2144601367427,275.26713893510293,275.29285040838016,272.6264947478269,275.31871597328455,275.21920429213554,270.38205615508014,275.3874607566975,275.4315709374197,275.4557617550682,260.7697208758282,275.54182548651033,270.1545742436115,275.63296973983097,275.60869518759154,275.50366891517973,275.6310520916968,275.70420518503454,275.75249246304054,275.73139800846826,275.30555132150766,275.812780866373,275.85955249442463,275.9387772165163,275.95531296935684,275.9498335923683,275.9804219431745,272.3534854928785,275.98418189537466,275.8364916517843,276.0120156145798,276.0191516889469,275.98358309880473,275.98072000798703,275.9856120923363,276.02794518544005,275.91609104580044,276.0679893471302,275.6885758798702,276.0916121450799,273.83707535870684,276.10183023498433,276.13106485057665,276.19415154201835,276.227960118329,276.2451997866971,276.2461327877429,276.269351966073,276.33059078480903,276.401076974408,276.4008761739508,276.40998036625876,276.452225752466,276.4469041320108,276.4740141667519,276.53824181988017,276.51021186519915,276.5079976328644,276.50470635170547,276.5220345521111,276.5480755884519,276.5901534962153,276.54184664510603,276.4786174199691,276.5091323519936,276.5477329141815,276.54981959733544,274.72175702660275,276.5396857966858,276.5772785618537,276.5516642563481,276.63824891010916,276.4328477079794,276.67504097667813,276.68397141671517,276.5591732457732,276.7395109319268,276.7288928933587,276.7644342381129,272.41948192720633,276.82828607231824,276.8387298188849,276.83649884832107,276.87002889484467,276.9265502760677,276.89388205870006,276.97657053483715,277.0177682919184,277.0709022643715,277.10948212941526,277.164946614765,277.176788872082,277.2094774201028,277.26981124751023,277.31028939466364,277.3344097737917,276.5898523359824,274.6547287178188,277.3705296849303,274.37617386495054,277.34003028021647,277.40583340010846,277.40225542407063,277.45846809194796,277.50811351361,277.5000226811401,277.3095041120079,277.57923424705047,277.687106921616,277.72397494722225,277.73813538149744,277.77897775605373,277.75395530428545,277.6250178687799,277.7394394315673,276.645153035473,277.8197134504515,277.7601231702713,276.1021076521864,277.7537198474739,277.75550196782785,277.7970067670876,277.8144449279354,277.8824111368076,277.8492801079023,277.8738811760056,277.9445348191653,277.6524869833645,274.29219447775534,277.9955068704035,278.00957135789315,277.9867204216422,276.2156733433944,278.0489113579031,278.11498298409293,278.1314014990833,278.1696419666788,278.22703828742647,278.2478427375609,278.27845671700413,278.2690400557134,278.2900662171276,278.29246277625634,278.3152881034676,278.2899822054407,278.3111581318262,278.3554466347752,278.1748446292191,278.379685029772,278.39425914580676,278.4367615685276,278.5066534036634,278.5540894356385,278.57769249919716,278.52002285067664,278.59223253222115,278.73319991760184,278.7424798916354,278.7453209809929,278.7675200741364,278.80043274735687,278.5031484445429,278.83917727009174,278.84457062391976,278.866862631778,278.86350285584655,278.96506518260446,278.96050950730773,278.96339640183857,278.7863419593768,278.98995249965253,278.7727350178889,279.021703054781,279.1248192103061,279.13715760647034,279.2007209252933,279.23670231470913,279.252296229693,279.244208103091,279.0861205680494,279.2467779474089,279.2926567538346,279.3225235209955,279.32898564757636,279.2290368277916,279.3793266659889,279.4442097446217,279.43110418163934,277.7076302667125,279.51205584712073,279.499595189944,275.44660551014886,279.5448132523661,279.5803337909523,279.61413277399436,279.6489062479857,279.68286194278033,279.68313986187394,276.08661934454574,279.7385720379169,279.7972586834954,279.8427223286533,277.3477541855455,279.6970221166941,275.62844345365943,279.9053721047994,279.9242676044603,279.80815067435145,279.92486722445824,279.9541845975507,280.0028316879677,280.02719327385614,280.0369989159712,280.08151333096055,280.1091467363592,280.13728629477833,280.15872255178584,280.20780839238074,280.2278412578569,280.25568784141853,280.28697454539116,280.3014551150913,280.3114155284654,280.276634205452,280.265748366623,277.9942626135317,278.0591483156552,280.29187126406373,280.31902085997945,280.37809104955267,280.4150597278006,280.4400463012276,280.4873623561268,280.50451001556684,280.46649300237533,280.4784939168108,280.4858857039564,280.4841544418112,276.7430179673021,280.5242616886944,280.5684057845629,280.6090190753261,278.72545363509096,280.61877832610395,280.63484478781123,280.4192657386099,275.8524287870084,280.65227171711393,280.69350300147244,280.70346705682266,280.6679366577916,280.84002379301864,280.8467700741385,280.90825429328424,279.6903945694407,280.9589398968793,280.84641691269917,280.9775545313273,280.9808264717749,281.0548764775069,281.06301842426905,281.0992547805165,281.05405065282883,276.3858265709466,281.02761420936736,281.12681641992793,281.2435256344729,281.2337099960509,276.37648169283744,281.2710885481909,281.28540392242326,281.03156308826385,281.2552005250496,280.8450583453067,281.280956753832,281.3365725821167,281.3879916773415,281.41633606709945,281.3979023247484,281.5148337088073,281.49222134134334,281.46354683682125,277.20946783153244,281.6349845482383,281.6633757289006,281.64577507216313,281.7068227515639,281.7157241555992,281.739395003632,281.75370364699353,281.8176181896355,281.84191409959783,281.8950971622144,281.99095452700186,282.0005515716841,282.02498371467084,282.0698627585091,282.0649422293028,281.25711048341066,282.06698035068496,282.0719146780718,282.1059232899079,282.14332883578044,282.1657358536324,282.1346033241724,282.1739774765284,281.8529207945586,282.13360985623734,282.2925261996085,282.31972783368263,281.1064464022412,282.365611389316,282.30877363661,281.73769238344613,282.17733762605025,273.96192411098815,282.3108023729482,282.29831333612884,282.18429503505706,282.3445117583471,282.28545438510986,282.12034601196035,281.32906046803606,282.49402497343624,282.3686243953975,282.5653248037956,282.4999258512493,282.5878982202676,282.6273869349705,282.64999611059454,282.6591463947554,282.696497182676,282.71350784004403,282.69820862967714,282.69012867885135,282.7799644674729,282.83827204161906,282.82804602804515,282.86148523672716,282.6687721688906,282.83199235398376,282.8989315266968,282.905477479776,282.93284394902895,282.9832479980281,283.02963732903004,282.97341386377275,282.97100820574485,282.96841092462296,281.338013890403,282.9384904712285,282.9487947555194,283.012583622161,282.991745655908,282.71574217003797,283.0288614131867,283.05672925343964,283.1037356637621,283.155603699398,283.2015040723283,283.1992359831698,283.2695909830582,283.30553478159396,283.2933381521209,283.33914045875895,283.35677160433283,283.41697619005555,283.39898138400486,282.64714318606826,283.43339237340945,279.91964616624057,283.47704512004293,283.50476251842343,283.58249043635794,282.0611554532371,280.2018371795092,283.5587290833827,283.57937606046374,283.5519683760972,283.4506101246972,283.6577418721592,283.68657036487974,283.680338372026,282.576552447553,283.74479377051904,283.7132881292689,283.65734877553376,283.7217891875936,283.6905537312366,283.7690433114396,283.7956318564802,282.2739276092001,282.5400097775218,283.87488089417633,283.8790846579837,283.90457446718113,283.9626401558063,284.01551117992193,284.0418876234562,284.03257140614915,284.05882102810943,280.3250655814564,283.86227516969245,284.0612728678302,284.0564911884105,284.09602954329205,281.4970853750682,284.14624329324573,284.1962235468733,284.24040638633306,284.24042356395404,284.29553857616975,284.28969273730223,284.3129502378723,284.30719416855663,284.3268312825508,279.10122472733394,284.35441626645036,284.36751343623973,280.0361662941189,284.36571152671974,284.39811575119126,284.33749980729675,284.43592560219787,284.48477436617344,284.51183304009106,284.55500322294773,284.58029024364976,284.5836278146467,284.56546792127506,284.65066453248227,284.66307901383396,284.65520365254866,284.7260726035884,284.71037557346705,284.7200076474784,283.5520675158956,284.71786395041005,284.66942820730344,284.6130607223133,284.6967178928412,284.4530844115065,284.64226820891963,284.64313786939437,284.63228411925877,284.5263660826086,284.5524114628094,284.7696520403598,284.80691938243115,284.6610181416297,280.1036417260387,281.9843956039032,284.91624689991284,284.915585413866,284.9332365923928,284.9826172422214,285.0248256281264,282.1980186432034,285.0945571675373,285.15918352725845,285.1973840341524,285.2381152749853,285.2795739927678,285.29625698669076,285.2464874811654,285.2247411697423,285.2492228310508,285.25878935235335,281.1761349815133,285.2108999402152,285.22020898040233,284.44578737522573,282.83569358661714,285.2319440596369,285.23539736125986,285.2001071067355,285.2217861245497,285.2586522429725,285.33573961494983,280.21039452991556,285.3619728403051,285.30760466629346,284.7218616219011,285.48909162654394,285.46886015254967,282.26702270111707,285.5374358154827,285.56847440251715,285.6049500186363,285.5971172271218,283.741779883158,285.6630548639452,285.68600191715177,284.590619032225,285.72212417498565,285.7979889881234,285.8134423240212,285.80889804538776,285.8596403764291,285.8694129493233,285.89970788778606,285.88229458421074,281.2074514863906,285.92850002091126,285.8915613198957,285.8678294470029,281.86868352120257,285.85389361414235,284.4488044404559,285.8601902727265,285.9007505527562,284.79889981600485,285.9029729496089,285.992740681537,285.71744064196787,286.0549715849477,286.049644718666,286.10220660682944,286.1445088886494,286.1670156509434,286.1785216742436,286.253842143551,286.279099449161,286.33305004367634,286.2688210540788,286.29238212889874,286.3270769699623,286.3081363550938,286.3818453534805,286.44413916627593,286.4884394082812,286.5015512253921,286.4234574707185,286.5190088614952,286.51780270641916,286.5209847504091,286.41920832000415,286.567006040187,286.531102493716,286.6288168479145,286.5778299406086,286.7240842589767,286.7422980169784,286.81431985080127,286.7792553926995,286.8351855132781,286.7476271331309,286.6634520756365,286.86172451696353,286.92257517832434,286.9959867732884,286.98116495922915,286.98911059235536,286.9601473642206,287.04676888471255,287.0794393444462,287.11576324204344,287.13251343271895,280.71741504468804,287.19845171350113,287.147053280901,284.6400044285398,287.020153388522,286.94834844919956,287.2046921934893,287.14886186710345,282.01020252919795,287.1842502384064,284.2254826632558,284.2551365123894,286.92378419744114,287.21335177467085,287.29707295729185,287.32203548617395,287.0015428505621,287.3668498079326,284.8497864991411,287.1784568188477,287.46725494626776,283.47560988631585,287.45049037849753,287.2412574637946,287.4481562404054,287.4433821813807,287.46395786798786,287.4525516364032,286.0655047409355,285.941387201074,287.56253033847076,287.55897716134916,287.5570860964807,287.625417053009,287.68444714533285,287.7275387992582,287.73638973065096,287.7319938575733,287.8512659033714,287.7968987490225,287.85177202287394,287.91013968221387,287.92257627183784,287.9392395992507,287.95587852426013,287.9856812310853,288.06412163231573,288.04051680224404,286.37208127525355,287.967922885964,286.2221169648722,283.38776790374055,288.1258779047259,288.00120700012656,288.08948584190256,288.1407752155745,288.16444653054737,288.1932109458643,288.20886305166505,288.22194401733674,283.35019992836396,287.9291282408483,288.3300002262261,288.34581760710427,288.1992342174873,288.4120214552241,288.3857136562301,288.3901234180135,288.39996566031385,287.5302317713221,288.47366475979976,288.5375212942473,288.56561766186906,288.5744678277638,288.6081455858261,288.604688738311,288.6802824131091,288.7121573528871,288.70430963495994
critic_score_losses,138834.78766211538,138802.83623938423,146780.75235631966,111279.05578965339,123852.09851019841,258892.68624354005,103317.34993649989,179671.2839010295,164401.99844102078,133296.96112747584,148657.49758203048,167123.65894940993,105413.49945202243,112379.17900433474,145764.62091558438,144681.54326403057,143027.97666311282,194464.60114015636,139703.02683776803,116909.97543746486,150926.6169247353,158155.96161256114,129652.76773251462,151900.13670020198,156292.01405118837,118614.48946061681,177534.5416233002,112304.29539472,182245.54025241657,157190.2313460151,209624.07456712984,132889.6296359351,151467.75191110498,215348.62452302105,230585.93358263586,118664.45176709245,143648.12971343243,138289.3327300026,140359.041139255,175668.4558538715,172659.20222187942,185731.12181712978,160416.67209034789,184388.2102637693,117772.78917377649,146965.69847153264,176366.22666530294,185981.71336747476,190134.71245302315,134628.82078669977,124384.29764253294,218134.72353329777,218788.0537455549,179574.38286186886,268051.2967354229,166570.32786231834,157414.62846053383,169330.37678188534,179302.27614606888,166893.73564296874,125879.046152946,188818.55751615332,112101.90138206909,155341.73670477336,155168.9724760704,214641.90299229088,159612.5345269306,224289.10482361322,214920.9858744986,190147.90336461112,201431.78954699053,189455.91263141038,271739.4873522977,215980.47029561273,195338.5866703135,165355.17782773628,161338.27931378916,183482.78871528138,195190.28575208964,154751.0534128203,183385.88510105616,212139.8232078391,164348.6683960144,198530.04080715825,174109.190506783,191703.06388713367,110436.73455889651,131440.75946720643,197703.89044424056,120411.43227672427,193919.47583067903,152150.09795333614,179047.61336040145,170662.23338494936,176524.5944297513,154473.051992099,169852.81508102058,152223.65024552043,148363.6080464484,162402.309941891,145013.6962945322,166740.64850048316,139031.7748646905,177184.71361066384,150733.86529952777,120996.45227665018,222335.58457860706,127951.01533104132,142974.48685128603,167969.81339725677,149783.9239053422,156288.3412333286,228121.97696393146,137446.05374853953,180009.31718711415,146426.95407196283,174185.11966011577,112189.79965262077,227033.13321878028,142768.55664013885,196798.17193576903,166679.20557127823,226474.3949625899,145852.0474723793,162547.85810008986,134214.75610780943,160070.69743312505,124008.5924790827,158829.1223930824,185932.54960835856,156994.28193091688,139041.19128572635,112989.13745797706,160329.72185822617,155165.0833368368,133495.20316814794,158904.7323346666,154326.33375605245,141971.7757973025,181988.91717764194,194392.63196426077,212714.40743881298,111879.97768860943,132256.28130780964,145293.46400640023,149259.3444528207,112791.98726501252,154080.0623429017,151666.02980405814,106115.47396573148,122596.63785022253,141769.1405819255,114677.849894304,113904.04327460032,123441.53020877842,137333.23366087244,129781.82330437032,142320.67361534215,166568.19773347996,147298.264063471,148868.9144591177,185939.608104048,164484.17282828057,149981.9697046273,149173.9201229935,120248.11254645992,155560.62591352474,120256.10911600069,150104.8747271763,123387.07267444713,131081.40175871586,130506.03457408026,120180.76935475398,163925.04221774323,139589.75951594106,113765.54534484696,140868.66055860746,128369.90257254358,118942.59890676271,117082.95112106587,106291.4146549335,133481.9217261643,146284.32322665222,139222.98602812216,123184.02510140887,116844.0431785073,141376.77824282853,139759.33772223225,142285.60268331826,158375.78674277326,130572.57834862817,144619.2047724273,110717.71591217675,177323.7782476175,124415.80001177256,123839.62724817176,143217.69996445262,131359.49299936002,168961.82967358173,142401.14133026951,116625.30537184184,137402.09912011743,138180.1638317818,149968.61331746733,118747.54776898386,118226.85512583879,135313.07776054647,97971.4271596143,112277.02314383164,116071.85182569595,119384.99670074794,112919.24347978905,105204.89250146206,141729.28212001783,95296.05275374012,125174.03180612507,108565.41751411527,98758.70135208135,110871.47220564622,121881.85286381468,134120.93568095606,100625.56160591655,90854.00489942954,113591.29042626377,93314.585894701,93503.65351632892,112291.90051673265,116757.49846354054,103377.3128119256,114060.91688375047,106856.23950332627,113397.11745038716,111765.62887741571,96372.3714375774,99596.82966281293,105639.11321125778,113639.62985918215,103774.8551122072,96071.96339972342,85059.38747493322,84754.20665468663,99318.3863178847,96988.86710488539,108555.49651752558,113304.67977082028,99463.35842621184,84284.32696560583,73694.50725050786,102536.06382500057,92637.10675616728,104865.01052175672,96435.86661604185,101211.95969946389,94491.56215041304,94007.05414267501,91785.00260576952,101712.02461532739,95194.85541952246,94126.19495192116,102825.121947997,75992.53116640683,86344.27450106412,88903.62475662491,98398.04810787695,94939.57386453591,85186.93999164666,89493.98528455551,82090.92791821816,89412.23420973979,83344.92979130647,80820.19379841536,87346.7423378578,87029.68196482392,82919.69740774398,88499.45577295499,79608.02841450264,87513.91325693301,78862.61288991667,72534.01409502313,86404.12135748295,75629.56094142854,77428.3413188446,80664.37015617998,82116.42683426982,75585.11944915232,67553.28372770773,73470.67316207533,74171.82530633661,71136.15775536747,70292.04574908773,72070.26573723418,70870.63637117979,71557.47335958984,71487.23174805216,67340.96326155814,68745.71976679617,72417.18293021808,70468.19290235285,78070.212852675,77218.61167440854,73727.64814983764,70202.96328681706,69019.056118034,77327.93426183228,67787.53450728048,71059.09878972468,78027.15487784507,73955.75993629037,68996.4957935644,69671.39987508974,76989.16360270316,72169.47810848663,74774.69542875615,76256.93456394959,70846.68358764454,73048.176878784,71092.03761756764,72914.01970655839,67261.73742325512,66468.8448103986,72032.17100113633,70446.37398894056,66644.78792430172,69153.87243616796,71703.95259418341,76621.33940700165,73850.13956531174,75422.87884297137,68093.80074583513,70627.08339078737,69506.43325239453,68277.4004155174,67113.2500398666,67413.48405129708,69625.40968009197,69502.15754278061,65105.82266374204,69752.24800262474,68579.76533598988,71497.48607570793,72315.51121343194,66841.91289817399,65056.60841716079,67940.0337349797,71947.7374908279,68638.48159718102,64104.98178125863,67599.33128601276,73638.34915643012,67909.27529287084,65302.88777806564,70376.33489948697,70317.26024195601,69150.20570301269,71387.16064899764,66905.7587176288,66453.8975045693,68921.99468142631,68489.94839875969,72537.99606679649,67630.59123855857,69046.17227565013,66055.91771355274,62780.88202905883,68122.27875651931,64788.98720814648,66168.54658702566,68663.06188899161,66048.38657196451,71157.92466174821,72612.55056896375,74846.5282534565,68750.32043567406,66630.5941700214,68266.85181784398,67129.68470068896,68885.40004781217,66660.42979059121,64044.56861712706,66506.34498460311,65722.21884733738,65304.15980871992,69658.89225816604,64117.716896877406,68776.70760975893,69087.25163514778,64406.15381821886,62474.76982830965,62071.88131370553,64568.472415136566,62759.39575242018,66928.19079296154,69675.01764550692,61446.21108313019,64571.483156769194,66996.38271047563,69191.52343246235,65477.41843069538,63986.951510047984,63219.279906584365,65279.49048561418,67793.47469713652,65553.96425181717,64066.576170985274,64513.338779428566,66121.67495449967,61811.712798337445,62433.17907917951,64258.37630210368,66980.11104652211,63062.11497909449,66143.53135878316,62513.259054939175,60410.831806609036,69776.29426920574,61641.06308268233,65126.646997328906,65072.473984657256,62880.73536490585,61770.40600673936,69277.21817949269,65926.43089187371,63050.67743146971,63663.49765802287,59072.17650571762,67579.35413081177,64722.44214302011,63434.086912268904,63187.888976436516,66182.11759424704,66127.32842791702,65712.0273117325,64936.733702469595,63457.05973607775,61640.422990853636,58824.13002459597,65395.152794583744,64664.147993641,61427.01980641425,62080.64534752513,63788.45877957661,65160.99996539572,62611.14824686657,59774.041059848,63952.316281354644,61757.48020246726,57964.79808829604,60962.47903991531,65760.14593527,62616.5636925985,61608.947685900384,68254.65630656159,66750.93405602186,59967.331272919524,56903.610659919126,61608.83452034531,69667.11129344521,61906.06408220999,66074.72989750766,57611.96352315754,64284.56784871649,63077.26231696708,61925.453614907805,62273.64928977017,66456.08252860652,60728.58685255571,61111.520259465244,61336.66948636788,64109.960288706716,58821.597318214415,66881.37590064282,60482.64401996797,60026.92283991831,65986.23061412493,63787.815863469164,65528.246865637906,63329.94562960828,60135.7634685105,58373.36877562741,57986.53217754845,64201.98583182793,65981.09056589702,60928.44473650907,60876.83253979678,64537.07124164775,66114.39519181306,62906.40924610969,61061.36136411578,61011.86059094234,59915.815267005884,60212.73837081298,58444.50460531257,61153.04391974383,61106.42712818575,62622.71121977689,62092.15777689919,62019.78179992685,63381.98479361604,60528.00184778215,59103.67358838307,59396.17572878959,60727.26198295577,62779.04788551213,60287.77443084933,63400.79596016618,62650.153026443135,64240.83447626399,60809.95603747554,59731.232862158016,57408.10198361855,60672.46736190997,59820.76608903826,57849.65429269297,56796.98425259115,60306.97713599152,55741.757519441126,57371.888517197745,60720.7165690155,57919.1172331364,58204.24292963278,64434.56554485786,61201.59369323767,60806.07749343935,59034.723103142576,55943.87329515012,57240.2704127082,58892.86540023435,59568.79027704465,59834.25496978602,65148.65391957377,61473.46097220153,54638.28810045263,59299.46716516386,57592.20889643278,59198.59511870544,55452.771187651255,55409.52708243678,54045.63126281632,57668.2144759332,60367.03848056498,55906.10680363243,54919.72478800529,57819.27414999572,56758.33750455899,60114.823451289034,55990.37343017504,60703.55637770626,55895.68591483993,62711.88964463274,54812.86040056577,55763.97058874364,59091.35538114402,54352.319950732686,62824.05926536191,59640.19977355181,55873.61018049377,60591.28554321194,60201.24119781915,60157.94196687469,55759.75868698334,62503.1380123771,55289.30091898776,58266.87521388857,60620.250270520424,56267.48871922509,59829.48515319909,55409.429430641474,57007.13593244091,52529.57430102225,54591.791146141615,60975.288143067475,60577.45531576998,55442.6439297043,62934.83888180338,52778.569207629334,57670.42719813469,56952.31944439561,54243.47125008617,57352.823231562594,56151.65012094039,58132.11221862007,56842.25308940806,57048.14541757461,53369.149416819535,57301.63464150497,52633.156816112205,55532.26149848655,56828.133550588165,58818.714773385014,62595.69140166822,53285.176475618806,56330.9772606851,55818.99008760655,58953.89411044762,55930.915359616985,54829.711997766906,55783.2862826865,54412.76630485322,54038.348410525,55972.68634042809,52317.28247422733,57218.41615948762,55830.390694280635,55456.67236219059,55743.90449777747,53716.67880568241,56314.871589140195,55692.71573153009,51961.28056651141,57180.063459056204,55127.91037050837,55757.160612392654,55378.39919558915,55751.993275828994,55040.605856915165,56973.3708004426,56650.281729890485,54847.709422660264,57265.88552910288,52794.86958225467,54055.7023970981,55656.26113366581,52661.42167238739,51977.51428445243,55521.14608867515,57280.92271202399,54769.02393704577,52754.991575524306,53689.86050226696,59264.17672071832,51342.357078864086,57885.93349552815,53603.2932813583,51539.32752223006,52466.028275610704,53466.877349199196,51107.969619667216,55292.76465829413,51353.30617267734,50490.61236978066,55268.44208978217,54515.94568666189,55581.57081362818,51853.810540917664,52774.28657228742,56354.38285068182,54649.47273666231,52321.002391152746,54232.499169111514,52565.62331069085,55471.8179163588,52801.48958015602,55087.818189975456,52083.12240558954,50140.70876239005,53625.876468154864,50683.38382089045,55838.510013566265,52516.960048299,53776.213913163716,58065.2983493904,51759.734214806405,55304.38794040497,53947.21487163306,56005.307852532555,50028.33693159156,52541.35770125999,51419.50760999387,53866.3538366316,52753.51117397135,52421.74940296202,56889.33362602347,50520.24019235347,54874.28613736034,56829.0583539166,54490.82286553424,53120.52762016825,47400.893330893035,55672.01568232274,50751.949603775465,51984.7633064707,50352.51327178789,53192.2525610951,48731.00854689443,49596.19127977946,50813.65512152718,51404.183619520016,53661.3073368487,48184.341134400835,49077.06390219257,50188.4917782658,53136.70314105795,55267.33153398292,50468.04917552881,51677.609578428324,54392.86082477634,54614.41732766541,53914.632306248575,53218.169698145524,51577.810251903386,51232.48517822925,51201.176317787416,51807.53797570704,49607.301297772334,52688.748430222724,54286.834176899145,52294.74633712267,50340.36074770554,50304.69518283138,50266.471992492596,47117.199331438445,48943.77978351255,49527.08140770888,53317.583516763516,52300.146230778264,53233.550800527824,51593.9470734799,51553.78874013776,51836.52149806206,50523.884857705234,49229.01779201814,52109.89667550841,52520.92069135449,50295.44906000209,50378.19780484435,52335.1364236181,48114.468952263436,50255.555132435926,53426.19405388826,50176.60963786399,53022.036935553035,50098.784680643876,50171.517442416014,49721.12562674914,52231.6929901925,52838.9537565401,47743.81755902468,53078.41740411073,47216.44804372923,51705.40588014975,52304.10176624594,49722.2747037537,51582.18437244784,51900.85162093298,51533.86156485271,51135.77322187422,54694.59211620427,46399.704814318444,52312.40680614509,51317.07646858517,50326.20907278205,47868.32514226954,48381.77349609878,50227.93364566238,53165.75780664547,45857.48976598747,55950.3369033012,48875.5642483476,53949.323146058654,50371.961166675035,46310.57944976242,48480.75036474593,52180.701117319586,53111.38135082797,47387.51251302587,49665.59793752101,48548.673424116154,48037.19188290482,48802.66973382093,46002.306193450786,49344.135328884,54606.99203564837,46505.58301994705,44682.460957921605,50796.6089735301,50779.28120717212,50418.61912101758,53915.40547048832,46000.11860906013,52405.00980866596,51544.08919239731,48663.048976537284,48966.3687862959,48902.845832649204,48767.074277736094,46386.989685566055,46659.868623527575,52257.77670653846,52211.035971520585,49108.133804713616,50256.03270611549,48938.13437771794,46441.833237562685,48559.80707986582,53629.48912180012,47872.28196936145,49412.912082152834,47868.90934234122,43283.07076153298,44423.86059428096,47415.97318347826,46165.72110291689,47052.21216713942,46719.925373863785,46085.49645553464,47568.61518261407,49083.40774908886,49049.57736483349,44743.43289890746,48698.69311981452,51821.38547478507,50485.63141428473,49200.565245077225,48662.89992687424,46248.04208156167,51012.06969853017,47843.75530885655,43639.90876646215,47172.99911807306,47153.648518555034,46506.62322263601,47125.08140996898,44756.32557042996,45826.026864305284,48245.173115406025,50721.05922436438,50807.22044103549,51463.44114835405,45977.787599301424,45042.39828875276,45903.04886042623,43912.99006968783,46644.27409950516,45205.25279283767,44653.95330732123,46665.32916528758,48782.106291577584,44594.750688943,47788.52767125969,45325.60200594137,48967.0239292892,47393.74747655986,44046.3319548039,52883.33698712806,45589.99331616721,42671.688983360895,46327.62936035718,44601.487494271,52528.03680070083,46879.954475149294,45293.11408248041,45562.23081121956,46737.615825558685,50109.884699162045,44553.80990974397,50429.7238164717,47501.21878371721,45645.14341607503,45918.74212419434,50714.79728747276,44359.410877134724,46724.73731665387,46686.96806949819,45440.95549837494,42450.665703097075,43009.683845855514,45054.038887354254,44733.79237314773,47501.42804187015,49894.295328253174,45251.60446939467,47351.30359621462,47545.67167910797,40512.054414554616,43958.19061600279,49134.549381534285,46516.91013172342,45369.94072897719,46247.85966403434,47436.08218092937,46295.75963367225,45851.433811513474,46415.408063540286,43728.982448012706,42567.228230999106,49421.27265015425,45999.60000056614,47176.24658412486,50574.34470384006,46013.01001491302,45605.02930271013,48572.31660172055,45821.00248587922,49849.021656395125,50769.97867111691,45156.86630967141,42658.975460152134,43914.96424900251,44177.276868558896,48075.573170392374,46805.66760561685,45669.868665518195,44710.14210257908,43727.00397793169,44583.96943567108,43217.12577290485,44224.62895488796,42722.027494668,43850.32589774595,44415.909882498454,47086.09392458895,44045.85517034479,45331.06495604175,43414.34642814491,47331.29807773304,44266.32583925891,40184.196885605386,43915.24809200573,47816.62095189217,43857.3556714955,43232.85816043833,46182.059537191046,44354.02999484691,45211.1279800637,41219.489930503725,44549.196864984384,40736.134877335644,43007.12623808306,45439.896667533656,43836.7927777275,43798.86532361127,45249.795317194046,43730.238026246996,43409.7028401307,42209.12998250984,41892.39490056252,47226.02853232743,44779.974019608606,43854.50592261557,39787.956203328096,48174.360186855134,43171.701843579656,41694.02021223489,43397.625812614744,43969.74933411743,44246.92491897004,43044.43526250524,47824.31922259632,43171.572888607596,42689.80551411997,39099.115541617466,46506.362017622305,42309.11650863198,43766.12709704082,44030.460738727525,46397.77343692927,44270.292415454875,43351.57566566383,43402.42257507033,42274.447233617655,41250.05698271459,41086.74240195937,44472.07278576587,43534.05643386577,42924.29725067457,41769.38574368162,54457.448773930526,44903.26369182287,43908.4807213787,41330.4471401179,45107.40191714355,44469.74071455071,38548.90746460785,42072.72539806759,43795.78544513498,42591.539441956906,42267.77590820273,40836.5180197337,43957.54530972053,46925.84422646817,45094.091414656206,39570.235920251864,45355.73951714277,42090.91220403013,40624.37943451443,43194.010412421834,45873.68502084668,47635.40848239105,41941.252930991504,45147.87328632073,49025.32161305837,38743.45592478019,38842.819565923426,45667.37993933605,41235.28446614808,44116.54123823604,46176.948019343916,42008.368782497746,43856.001774372926,44813.13447415617,43683.77511044741,40830.27176509523,45451.92511664645,40726.62970942118,43016.62692218701,40975.14737790068,43561.75491518006,42084.75499773113,44457.1060017174,36014.62125610069,41544.91263545271,43596.15097730097,43705.12808454302,43461.808048879306,42565.156834997084,41740.66245096656,40218.84430621368,43074.81951111237,43052.38471740707,43312.2082045248,45065.960466168246,41511.22459672152,41479.60678589756,43777.52470887984,41416.90643049142,43163.16892156217,39664.09750007557,43378.50435466256,39914.39305052529,42181.80308222803,42739.46486592861,39299.31623227748,40508.126395307576,43904.844921246455,39675.74747045387,39202.435731968995,39455.74161412894,41413.121024144224,41675.7707853058,44269.27478616622,41384.19176306925,40996.055749230414,40971.57919320297,47151.767269766526,42643.456143886215,40037.55573198756,42008.62744172128,42887.724099024716,38570.652084361776,42819.151221986605,44263.98213832879,40470.65293533651,41298.35903840989,43005.66674999714,42966.377328248695,41202.75041559535,41468.59568618005,43227.55746251494,41425.68789766236,41979.03500391003,40916.03284275401,41177.94862009234,41915.091419001226,40182.72973078759,43585.67274145643,39864.2518057552,42127.330398871505,45170.68413841779,43180.55072708045,43375.830492791334,39569.0453679897,39153.200862232276,40558.24281837252,42538.27844932778,38536.04487975095,38244.683152580714,42182.91267664655,41570.431445641334,46212.71172784188,40094.62566684681,42656.865923128746,40047.36989972774,43174.11361269497,39221.94559926616,44623.37998030542,41089.19241488262,45974.71181428108,39331.87645626279,46360.67843233612,40727.286218554116,35170.14186798912,41528.08570583077,40090.9171183696,41485.887505972714,38641.414402457354,41153.46967121185,40680.121536470615,43125.1701059425,37440.682947930676,41622.12283361055,42817.67210426104,44330.896611771735,38723.52717746126,39821.02969938663,42965.47637719253,48333.147993415834,40471.67286418533,41931.91184233347,45144.73757660319,45818.66303419343,37189.889100342814,36744.946258796,39925.144626876456,36869.173557156646,39611.71476054281,43031.050628781704,40693.20951817685,38413.404055217536,37562.105619684226,41166.04727323184,42000.709061674286,38871.99996579408,38565.915794526394,39016.51618847331,41043.559555028296,41300.021155147304,36009.550773638875,38985.36401491045,36223.107469316004,37550.05540439451,41445.37780636991,39999.43393903176,41392.261627712,39338.95525415131,35810.82257188469,36191.277028864075,40874.59389807081,40152.32489924903,39358.29523253932,39556.88209001604,38146.38250426612,37578.76754770592,39778.679725073926,39746.78048574167,36958.013057116324,39410.14444459304,39357.07704690863,36986.45397346308,39345.71629836861,38767.37406598364,37130.396847863165,39556.54132113353,36777.777850113904,39795.02311050832,38964.68820564148,41738.720825388424,38320.240500402455,34274.51772183622,39395.77763306197,37433.26958289953,42182.21328452743,39595.98485931653,40419.471291643844,37892.55508408529,42517.62375620137,44888.58725288541,36747.2318137673,36184.09261882609,37849.488161342495,40186.81284093083,36109.259941312004,36083.03564744999,47071.07117677262,40739.987510286344,40999.394324888046,39277.37599291368,38144.011899173085,38678.562499249594,40050.46719315131,36443.313021749185,38455.19248315107,35404.07007988422,37186.60799063766,39648.43361552609,39342.04976510824,38894.36309112138,39294.78627816745,37608.95073474691,38695.279717454476,40079.01281275187,40054.919470004636,40066.49361597434,41750.174159195194,38308.29117425431,38344.421363093345,37155.283704177484,38507.17350937531,37074.28887301082,38466.49799240814,38445.49593010934,45458.877833949715,34360.352735888555,40322.42258062072,38616.695645065796,38031.26200591882,38009.166706997625,34490.588279564676,39347.54907643864,37395.66929111766,36019.38968765628,36375.73088098161,35992.20827082279,37604.638846128946,37712.37018011652,42266.49905782724,38674.20035108573,38604.35112672018,38211.05849933653,39046.78219982607,42341.2319835429,41401.024737150925,38563.980307436264,39787.14519468309,34925.54922561346,35772.57690876011,35113.39470199583,36136.85487102575,36809.14980277234,38437.065420062514,39530.252291516714,37852.108965913096,35937.909660295925,35643.88130621225,35089.17818438707,36669.85376556027,36973.69413271281,38526.15638590371,39614.604843145804,37387.6098486276,37373.68573156833,36383.36275668208,33871.700965009535,36896.75991427889,35551.88440033886,37016.72419663949,40578.55994477713,37831.19819746421,35656.45166130596,36709.74558203983,36416.77943545326,35321.61303014439,37174.463152872864,37962.110998043354,39319.638166391414,36610.70226209591,36518.080610948484,37583.97766615909,38137.39554939099,36446.51539810342,35354.569148089235,35456.800998466984,39944.02574637783,34481.809177657204,36567.90911258718,41743.372572372245,39846.90673964048,38191.67560876305,34187.00283207288,36389.674452083214,35207.9316648286,40799.676653360744,37523.62071757372,33331.30108039582,36198.609506111585,39468.67422896621,34037.96186588471,35061.35448306618,35565.61656801679,35812.65008072002,36054.72818047242,34706.04459590727,39633.945228956814,36814.26236739273,38015.13202465235,37843.90211647169,35941.34516149908,37534.027501288365,34947.30983919717,34574.65065915288,36103.16288601498,39525.53134118173,35521.88603722874,35039.22640312763,36480.6319712654,38464.77909113978,38414.89707607513,37565.01461583257,33294.020515929056,37241.98696366819,36959.95793325317,35597.07945200687,35586.7376415809,38008.34848531505,39092.00103290692,38104.20765142305,37124.25152590717,34951.84445006586,33623.75033745909,38418.156502939135,37313.01595216198,36877.43766031742,33285.32804295842,36963.83604643788,35061.34087194819,34778.8472656741,34754.225678277224,38241.403923459045,35503.26522441436,32614.54757459446,38988.28646259355,34646.009453065504,34887.88482494655,37528.013567724745,31447.994629513843,34769.28678894873,34858.86014418697,33017.57583898178,36141.64328515953,36690.13761180489,33470.770809331385,33187.19497121534,37873.31580257998,35283.82840312413,35958.41166610284,35760.004273533996,36268.37069952982,39109.074430538516,36759.44715643711,31033.198604449455,35813.904336065105,33015.73811289692,40123.910991620076,37777.64077131039,40996.651870332214,34142.97950255472,34515.7180428401,38253.67770203182,36835.779794013,37362.874935394415,36994.550877585054,37597.02484605522,33859.96755864535,40590.61980415545,33479.508706261004,35480.430551562175,38749.93876299212,34729.81429764052,34014.48410459632,36150.75605658522,33495.65336373177,35835.67466231854,38392.71492059298,33950.95923513433,33935.97466037523,32883.67794009466,34947.504082457184,37608.688628801676,41833.7845747203,31795.246554738053,37007.30337411706,33026.251916656016,33516.772110423444,32215.22543396314,34782.282221606234,37967.337201524184,34466.51596445982,32413.742821033393,33894.98423305339,37869.55412523723,38838.005230818424,34906.77858903522,33451.300309941966,35972.559060532774,35652.13123523003,34338.27922035694,35613.721991201164,35330.5250596691,35138.59338572017,31928.03672308839,31658.118434007443,35046.006951244395,33142.0496524327,33886.74623355805,33341.896901548644,33058.092570722525,32559.46800265544,33787.42689138611,35076.41561435392,34003.64772037878,33732.150673396995,35546.728362130554,35522.103956745224,33680.16826680058,36561.56426347806,36305.36622331231,37601.48354768358,32570.32382698357,36758.16665340892,34893.41572568559,35471.14487918297,34572.336691529184,34813.374651525075,30957.419216098835,34834.40630411992,33975.75459359336,32956.918336681774,31641.03681948835,32381.919189677352,34174.488359507974,35739.22031242593,36794.73301855654,32822.34010338894,34352.13348088264,31263.014511180507,31246.997338297686,35336.189510331475,32456.221392007796,32436.819615888413,36405.696184233326,32912.73576921657,32896.23055331049,33643.65070564239,36524.786692760994,34675.228860259434,35675.07805308664,32780.74162757624,36705.47760987831,33006.12412189592,35471.123035609104,31021.332084299487,35592.02241922421,32554.915584733637,33548.109206980014,34987.41400275973,33917.29079221893,31526.604677845684,30589.29224500681,36962.87457400353,32968.968041750384,34105.12914306778,32546.631371274594,33702.97036445258,32760.979615226654,29031.840386251923,36127.822934787786,31452.950748258878,35839.51590137357,33974.65765343289,32415.134717185738,31382.824370258077,31481.00075908385,34674.425843093515,33874.58760828174,33600.84078855294,32296.486483196884,33552.62412588699,33587.497402053436,33770.192014762,36429.97512211544,30789.535483651332,30652.689459755595,32696.209084449198,33188.821139125954,30767.441938627417,33925.44000155767,35212.41476082889,31339.704919916992,31832.798227908577,32319.928896221878,31817.224627198902,32607.567610276095,31363.444082912265,32574.287673694667,33298.71414178376,30759.685889683587,36159.923657624764,32762.241969397797,32176.4968307989,30517.817627867546,32315.41707608101,34829.239727442065,31232.430121874273,32225.398069254472,35054.742428455545,34239.01581549769,29197.379364675155,33164.54796993349,30874.558032816625,31866.44257754472,30600.00219521832,33500.160493864896,31039.211261781973,35140.27649744655,29309.80406106861,31248.133157554705,31980.24736233357,31217.961481544637,36654.54183995668,34506.5216195199,29410.95872220828,38383.19294867183,31644.862943578875,30138.998651671547,33131.26195464187,30110.76961550699,30349.39747848512,33356.022427746175,29833.175635011175,30803.1847181971,32797.03486476857,32889.46214888653,34968.28524514455,32955.41853143365,32744.398578721906,31211.30204547428,35833.039480598934,31668.24409205118,30903.05868260435,31379.640794530427,32628.383465043626,34159.5197819672,34139.710722919735,33347.323855406496,34820.82195421893,33823.899900980556,34849.29096432194,30984.607986088915,33241.57587833085,26104.042564565876,31435.678555734426,31179.852144055407,32933.520535300486,30409.164393703628,34190.85988264874,32800.50760729302,33127.71877034138,31594.720226823218,33679.25417036389,33603.09513665385,31545.22626396203,28589.34700867832,31750.695182677373,32484.434084151715,31207.87430560363,32194.656077658183,30928.251161659973,32919.9508540594,31136.978486553417,33135.97960464925,30351.553995416718,32581.25150538392,31051.778938892912,35135.895720947956,30765.192333484887,31239.733321026655,32983.272151082536,33493.23725542564,31700.31524200485,28268.20616873716,32679.160469994313,30173.548421457752,34185.769972020134,29461.827523148455,33380.935128929654,29854.822829459208,31071.258843247848,29095.097282541334,31089.499495842614,29998.6763792923,30494.593943860353,29989.09116551302,28521.095002989216,31190.41881135524,30928.751112247886,29932.610741931017,32029.08160756817,33706.634269690854,32116.79395176002,32099.654572657597,29848.21386207741,30327.236871432633,28155.52744052622,30561.792451897712,31285.344115211352,30040.32709478027,31514.698641985113,30014.77838177962,32246.156869971837,31223.86246352943,29003.366047478783,32059.05311658299,28735.760443447045,27778.830483311616,33428.55998211294,32641.871901362843,32368.983034517172,28659.68037029992,32231.88450553601,29854.944650978214,34807.1253374346,31234.781668767533,30278.979129747502,31999.910534333696,30482.24740997902,31261.294112821455,28321.992473726896,29207.25932287199,30410.69419074412,29174.386019115173,30627.973080864915,29388.772127555596,27715.12310725822,32851.475912621885,32063.881621193595,31057.45433046873,29560.06346653235,32518.587974495014,28321.3743294937,31113.231136717506,31745.47768396504,30947.30645109251,32694.780838016402,33257.81949395325,32152.193752051866,31636.096746646534,31867.756880048015,30601.362724429233,29124.673922049362,29592.982571016313,32317.306269634017,29952.28657155683,31824.936257712503,30771.702647304464,32008.87757532706,30984.23288063444,30465.53576438883,28276.72393045048,31178.3772865107,29927.95278377795,30397.720083949924,31623.47274471479,27960.60292789338,31838.518056382818,32075.63534738775,29427.341772324413,27437.095799664625,31038.146076389865,30280.598793819412,31528.478461363076,28871.220437813114,29740.92690041602,30487.725847227575,30942.162832950307,29212.767533236027,31913.767750837513,28646.98338825106,28218.95490168514,33573.12280100378,27150.895901136642,29861.28943169007,25891.816172369792,31528.038181781176,30301.394084211282,29798.884690303217,30764.638299268663,27621.870750974897,29762.138212453323,27128.342821219903,29247.837070148315,30580.259828493054,30682.094258075733,28927.492009439393,29925.195691814322,31886.165738709118,26805.917498736904,29153.39089319702,31348.45621316377,31587.93791384884,29416.152367544346,32068.1910642079,33434.41788034079,30308.057683319206,26034.830691857107,29063.213028216665,32266.66315380549,36087.37684056637,27583.822028928742,28752.023401473663,26618.123054525706,30405.963480656505,29460.632945328547,29147.933565358322,31748.67638145427,27695.257612842128,26524.776389474555,28858.638308098936,29810.18144508236,26029.274980092814,27159.773057010156,28327.180374649866,30490.12184756747,30211.28217323286,27642.81970637495,25416.777053760896,28510.305639565828,30031.917000391462,28729.05085422381,25972.717765045687,28971.13182690605,31123.216307349467,28188.374802725317,25388.170206053932,29839.62856799767,29834.949914396537,28613.482604270725,27651.23039841854,29057.26969155268,28090.02694317227,31042.6145460736,27832.756637073446,28531.00267004836,28275.255067641127,29211.140897095367,24576.185766301074,24787.560429175763,31126.59433768731,36229.40258844609,30846.226133585573,26535.443613680265,26987.56984132906,29330.272466640723,26263.949571380497,30284.73884371432,28361.365274391406,28794.634781242337,29733.529362472174,27798.017831149275,28726.51498300353,34126.20185233356,29886.022964560387,29161.846016688603,30111.074380775488,29196.64317572584,26271.298959447427,30321.93087753929,31791.514267644015,27931.373435963877,29539.404704406563,28560.54206171543,28780.58986362846,25287.346473672504,30033.87059275161,28726.413313166697,27524.080687523332,26809.662453487497,26354.248841689932,29859.805146314724,28163.903087964376,30322.37122580388,26963.643461778443,28602.489202701843,27889.476140438157,30776.8635415077,28097.56636581703,31962.436055079284,26426.410094120245,25602.64654912508,26634.213939797777,27324.18942975355,30674.90509548812,27061.89677187447,29656.773076522404,32371.04597693243,28421.336392406723,27696.979451250558,28148.83662587665,28792.800199728514,28128.2362581097,27746.489838199446,27220.166234724693,29540.901549264727,28888.72360328033,28548.71960483859,27635.274004138046,28749.688006211592,27087.985736918818,26163.094285608426,29443.684769908643,27778.329078202165,27530.052391356458,29325.139674871567,27010.506974813987,27236.86372423055,27454.420683146996,29337.26410886737,28118.59773146614,28576.98750698795,27197.961042090577,26668.41528484581,28772.392060645747,25543.08990931545,24642.410171367766,26404.20129572113,25930.46505693092,27064.697284547998,24782.39290214389,28527.154337721873,27965.276780752163,27843.15374498465,28419.158664867686,25656.63455237209,28157.354214978106,24870.02079076975,28494.297711831645,24951.196670010933,26397.827964572036,28340.205742646343,26175.717246007618,27613.455791872766,28792.483671282756,27797.128031348737,28048.64145509485,27322.789466833532,26621.565105236772,29191.566401957993,26585.54164594305,26807.858051489922,25422.48132184479,27016.793102493317,26076.518007855124,23185.50789581946,26375.275625098668,26731.836568562954,29094.73456799353,27445.733942651197,28099.926037156984,23929.30264195475,25089.153212208552,27904.162879526415,29479.016963568516,25271.533052021994,27095.932734442045,28506.27698458424,27785.69567002562,26498.177288805895,27287.39537837482,25666.220440151992,29154.127720679357,24076.733575689082,26995.565210086388,26517.331939791908,29092.80044710356,27652.83610045811,25894.520628007725,23360.665375444205,26934.075765997684,26720.97556684667,27706.403219275784,27360.370187700137,29005.58106325516,25725.876809265643,26393.449145979543,24445.68557112202,26586.163060342577,27029.695918694666,26085.92444094531,29436.08111066182,27432.796333104037,26722.094871115365,27637.493531630826,24569.35867576429,26895.199876890987,28756.963534323804,29465.146301609315,27322.437508523035,25247.514903669344,25453.070165417277,29400.530319301724,27955.528511021017,31788.955514485977,25614.669419580023,27909.62345494201,26732.828690792663,26038.66675939596,27424.600975806236,24021.29979712743,26935.06280647956,26911.121592928408,25983.839553412803,24400.24560628504,28981.27382862089,24168.618440286966,26842.56433261702,26372.6358357208,27340.27384711981,27044.59077611266,26378.899647297058,26579.556862369976,26579.962411209435,23882.33015094679,27494.07292055506,29858.114988763613,27362.742626251664,26311.73035346885,26047.120115470407,25830.54037105975,24692.342688149296,27205.48344797315,26696.059678057536,28071.111124111474,27349.239757225798,26183.72839787652,25177.582286513614,25946.15796261588,25484.62979528961,27298.130202365086,27513.369128166356,26795.684660559193,28658.511990622006,26075.53130188302,26746.529294038522,26734.03786578506,24243.04719686006,25340.448952031056,23128.86026733279,23763.195979157234,25743.935123426203,26185.672263584973,23959.715628720824,24143.637999908762,26845.050787225602,25474.246161125728,25283.01428317853,25676.722538477068,27739.787330400162,26564.22748786599,25676.633341925535,23633.895231543618,26289.74417489075,25141.199563813785,27644.88958763432,24668.07854208463,25594.025624860024,25076.467046549762,24830.366646420858,27718.065358423162,26608.824136996256,23692.27749592207,23247.088809230623,24408.869790778415,25423.767600916104,26553.451220536776,24512.687922123583,24125.701918479856,25157.677160316016,26959.224867155503,22300.558732542177,25337.66427447349,23341.195231873495,27364.0660349892,26657.734370181824,22972.246204506504,30712.861291591074,23236.404496910352,25507.707945235783,22846.191953749072,27380.87837902991,26832.929895505084,25454.57739727732,26976.64492410689,26331.52855163204,28619.27190564308,28157.008360494678,24482.132903096146,26960.13517302484,25796.342057807065,26927.654784266793,24869.307983744216,25974.288670631267,24480.03740452481,26859.11942387232,25701.19203679372,22681.45906553919,25225.032636482196,25711.38712916656,22374.836570205305,25636.032836179176,25166.700343252385,24048.690458523793,26887.870287597038,24457.43692889645,24662.5887481383,26911.102243437384,24676.69903351044,29156.32050381833,24972.784264959017,24610.618874335487,27238.86350238975,24161.76101068332,25941.576787081493,28130.04921460787,25742.274516531274,23913.423239992277,27569.172957510782,24552.404832633394,24098.030985865953,20979.473099950144,25868.80189253234,24074.49406893582,24296.40802248239,22967.146500707597,25373.249634576918,26042.121769802216,25138.868647529718,24712.02491012081,23213.756399097387,25558.41592942564,24648.072389539677,23989.660423457528,21613.094000511715,26174.40440774557,26383.65552320044,24573.926021779225,23464.45074025474,27491.915055636087,26924.819054514093,29942.903210561384,24409.472014034855,23631.74632655782,23810.771451522083,22938.42262369447,27162.836063846866,27031.93469421407,23749.781588817696,23519.793834913333,27325.29942780537,23924.50468887463,26829.0345215477,21551.529104395486,25493.19993913613,24738.65712308847,21507.792912268447,23442.286231121823,24043.567758216224,24047.415951686842,28858.459632348728,32345.70967654196,24684.17048968451,25344.905781545967,24886.72062791957,25098.1013932634,26906.723230272153,23163.79539072392,23094.680914073597,25956.088767348447,27792.27218501097,20884.886885232332,22070.69020741375,24558.248697941042,25888.825065330868,24083.458084306552,23414.605993009627,25773.44463261825,27997.641049037302,25585.735798851034,23587.406774463725,24443.103242518348,24205.876985274906,24187.36911877044,23733.08017846006,22635.716942512656,23922.22782499227,26137.31414742767,22388.696251385776,24825.8105769154,25640.11823072969,24067.53612383592,23834.91118663825,24700.224493628168,25583.36451558306,25719.186024732404,22299.480232732232,24640.360593425954,23746.665240201517,22658.099693877022,23507.577531625764,21769.02794550584,20151.611460452335,22009.08603245227,20150.029040386704,24073.106033086515,24998.59797829238,24591.265973463283,25563.01536898121,21733.636350619752,24732.45377407142,24491.158346897173,23903.18510848563,23302.083479331155,27836.091596321,25235.403513738598,22261.732218492984,23568.580020801714,22081.177875887857,21449.641521545334,22737.414847014526,20950.589647180506,23967.216895526228,22874.030695962447,22161.798880770148,22635.483940846832,23911.915398994035,24110.32794852449,24755.795046614498,20100.910018569048,24293.15171794084,25456.184220250947,22550.348308519282,25147.96217598242,25578.691482560247,23896.287066628487,24256.39789044307,23550.56801614738,24638.5187619447,24409.020116842585,24615.39859213688,22246.296975272304,21790.99290492255,20949.5783988546,25583.992342922123,25655.22703058839,23646.163758193932,18652.357144193476,21112.505710274585,26281.21262388293,22533.596682844214,22947.6991202521,23581.196097247506,23820.083164150772,24642.603623475123,25081.485342239863,23531.891633167903,21240.118887600383,25050.063934222344,23064.9020049794,22198.864887231244,23247.811525574987,21986.805771038184,24136.656875758355,22577.873451814652,21314.65178876348,21094.480039686325,20543.586415691105,25813.977029415026,24243.663465240134,23802.112504186593,21669.981490563576,23137.408834951995,22957.436173019712,26709.375359135523,21645.605729033596,22962.841872830442,24189.54623682232,23742.63759888023,23733.830508492283,19776.408109863845,22975.236118854853,22076.755582439568,21196.300697374685,22716.91164288995,21672.286313194825,21752.693844746722,26330.987903477017,25416.74406700575,21308.082462150123,21297.607794023475,24054.33640922172,23824.68854067791,20736.955026827774,21908.63369932455,24896.66114780573,22287.102760128848,19426.802862437045,21426.953934006233,22462.87385751291,22663.736818043613,21188.953141846778,24363.015405187478,20748.034437226514,24791.767482203617,21773.13610937635,21539.87191493102,24082.5156373234,23427.143680064935,20529.05450621123,20878.70248190032,20674.61960661295,25388.51964706183,23590.104729018374,27043.459568664413,21567.07597647338,23348.49235516671,22491.343244713837,24649.02327196886,22264.07708656582,24408.241840663955,22445.93877150918,21653.40936777482,23929.35191594668,23915.509689010352,23417.413414684463,20951.45135184667,22180.822633805103,21128.455766789106,25642.128923483306,22484.08178999353,22342.27104157232,22331.468606679126,24032.809436482115,25842.160802405706,23563.711926001357,21639.4544462173,20357.4358022485,22470.276199983862,23534.484791764677,22050.36961715191,20578.777201672594,22214.25605288785,19434.474309430905,20747.26628870564,21751.910467763948,23228.91397993799,20510.309868899505,24522.883138472756,23863.661902630363,22568.637622191276,22130.37333975065,23624.83557033666,22116.579003000363,21686.259562743973,23370.700328400166,22084.145656366298,23352.559389847716,21658.316571532843,22258.76870329543,20818.717686030395,19209.09369439428,23747.883883251325,22038.019701759273,21422.904410141302,20985.69799514287,25163.381723515726,21381.103778932942,19750.26716489652,22837.302625879383,23893.328817109526,18558.120352392292,20317.449768656123,23963.948026356284,22343.83732393944,20670.427457331134,21271.904706233345,23365.635619850502,21045.565562294043,24084.227058922246,24777.597819818442,21683.26036491029,22271.602014757293,21433.99462737194,22899.342607328515,20740.325839073954,23105.852216429084,21828.98773062183,22664.094588246295,22148.605668979206,21382.816958010615,24162.270721351477,22239.332743490326,23306.285759202397,22306.88637770917,20364.814929951768,23953.07693034787,22865.962633293697,23060.59751709623,21174.945640072092,21342.865159200595,22795.086481721606,24882.36635456437,22142.061220792526,23524.424096968258,21283.116467543485,21898.07257955068,23172.194620090526,27177.078999234516,21449.228560659045,22265.80790574436,21630.100414762648,23305.03318560864,22439.673677027728,21596.592732740217,22639.95671274505,23053.28047842713,20951.334417595397,24554.1985120849,22379.31011766616,22146.87055824475,23406.557587896325,21698.499299510135,21338.978915777272,23191.644885132846,18870.402508147206,20042.78949457508,20672.590448405786,19631.246975516005,23779.269359370297,21437.97454487968,20209.015573490262,22043.92264079263,26812.204075674985,20980.079593736406,20763.332682167827,21989.881053405843,22191.22367439584,21143.899120092676,19850.803390481164,22371.917506419162,24082.633798302322,21727.85651966959,23195.238130444577,21948.63066237812,19277.158439567986,22205.30436284094,19918.81142866304,20036.334229358603,20840.355304812358,19625.549345342184,21813.663627878894,23998.23640151301,22259.248548708605,20399.224439403748,20992.017085436586,22229.85211535203,21181.98719567109,19361.236858457094,17810.67446502644,23684.716025810514,23234.802412106495,23556.595312577734,21935.133016662858,24707.71707088347,21281.611324719488,21675.374033394597,25337.891946973163,20828.87281642144,22056.156571577056,22045.093349025625,20429.669740688387,20997.080407395002,20784.90334022866,20443.007483451598,23057.085588999813,22194.31513066341,21151.835013070715,24778.282359648012,23257.451181655444,21537.65694988181,21943.52792722801,20893.792031713456,19676.2958422212,19473.72769497806,19070.436252055686,19850.803701370278,21051.950980805843,18656.496216905853,20223.94192050942,23555.756982234947,18636.705790877713,21423.375171442724,21004.22969472397,24168.645258255958,20780.3207370185,20562.711927785786,18389.930317757575,21191.454485130602,23103.271972004062,21549.689888037243,22168.518742655015,18918.74116572224,22771.382398079306,21908.36527138052,21066.733124745264,21056.40752674255,20643.51235154401,20832.220300870296,20418.25365292659,21427.616920580458,19881.631425304746,19585.083385541082,21202.329448835728,20152.542088503393,21787.953080332092,21770.92083878271,21481.921759187095,20824.407754577813,20727.269512386207,20939.540521393315,20308.37705887897,18908.924101921297,19875.06891274557,21079.637218130516,21073.67879430426,21265.726172183535,20640.373686334977,21654.292030743793,19619.168455389303,22053.677377266926,22894.065591680443,21203.46284164535,19582.68887531528,21188.108184652057,21722.028341427966,19565.296533156783,22835.971512278906,17809.141831727437,22188.2779680847,23882.188400063114,20911.772595375678,18016.732435869,22381.046268870297,20908.73457552792,20289.602671844066,19105.598765851228,19077.386461730577,21063.47371505534,19837.49631122639,21654.773913859946,21027.54660961209,22920.361826050874,20804.68112351707,16377.543399607046,18420.16977013585,23095.776590052723,19961.296072281046,22214.182263618357,22391.759516055696,20846.91634342338,21766.2676982876,19928.20167397442,19719.088567109236,21954.99287442458,21730.32275099529,19096.896887782117,17554.851379034884,20297.157076133528,21263.563015154647,22760.251648354097,17327.167273167066,20411.541450818844,20236.908140585456,23061.37993428781,20594.936339579308,19980.137490661335,22855.19594663556,18583.890523337777,20956.408464624637,20136.41049784811,22108.80827452217,23630.9685486403,25157.861491041276,22369.79585758225,17836.57354491901,20391.658067051216,19680.404321266768,20685.462992721223,20897.52554075691,20493.516174146946,18253.019282952995,22131.83425433369,18722.051679825792,19481.409759783935,19699.617045535848,19451.735222559408,19045.09939054818,19423.293713439976,20811.886931426085,19800.031064557854,17110.69095847005,22445.975209705277,20374.212304785327,22028.787001093817,22421.448052928594,20547.98902054923,20938.84568276782,20116.787723118974,17962.54365280219,21654.274051800763,17938.912003158468,18153.52119372775,21283.18112043106,20857.897027471783,22923.882550643408,20483.43297802988,19619.01808895777,18633.61802967531,18234.130944740915,20174.165790352705,19565.396357578473,18013.64062928393,20354.533589799517,19747.820209316225,20211.51223768343,20894.749930860376,20314.230320481605,18919.170167015327,20310.003363779786,22498.437018873276,21343.582900393663,19585.081629043023,20837.249667793174,17922.39991571917,20859.50679775947,19253.79605971385,20110.78432677444,19031.79251408508,18873.664042038177,23895.0538928621,20189.864523141572,20774.34258107009,18775.054961482805,20766.70048871125,17851.580237170685,19940.77731774896,20307.055457671944,21106.379522792628,20897.06303831597,18700.912366920194,18690.070922510742,20294.55664812151,19851.36939761933,20842.305783577696,20232.638038773624,21649.088687411073,18439.530649824675,19796.741920668817,17473.957562219413,22074.869523682315,21385.88854481467,18198.79198573251,19763.07539772348,17836.121683923586,20763.19739424925,19336.513099634467,19723.60447595732,20115.034438177885,18347.36477766446,20564.21999260632,21927.76535118756,18903.01850901637,16854.059551524013,17748.355517123917,19670.60131341119,19730.17860271341,18107.62061219499,20066.816827985902,20649.389008116657,17336.10743445399,18660.96911846437,18481.336377111224,21027.201505359913,19223.711343499202,20407.72216737765,17854.605051427396,22877.959484063238,19181.943175252465,21999.758318511336,19348.926591049913,17990.122076351414,18551.361173546487,16673.918498313342,21338.44502819666,20093.30656341587,19293.670144549586,17562.589034609042,19678.27867481276,18896.496588954167,19148.430585268823,20459.09614150539,16430.5911212252,19448.244745402284,20245.69901244211,16881.47455347933,21874.298436119003,17882.90388341677,17308.750827677093,18428.40251870255,18605.251025460624,19573.427309491533,20766.761224005157,17147.310528129197,18184.375004191046,19727.495157186833,18942.154183136976,17423.043351892233,17061.56700384916,18351.19745153298,21317.686945019275,17949.702512800435,19298.87064082112,17996.90322279186,18887.773569139965,18878.114057270708,24892.07579347548,19835.965182089134,17326.296838202834,22838.94716699072,17490.90285979255,23507.80771846137,18225.89836066244,19573.88411848479,18974.512470905673,18405.091471507763,18769.57221756024,18374.043790134136,18940.827914588594,20099.471375758294,19705.705841651554,18719.20632688006,17951.16897632717,19110.163092134637,18464.295691855546,17581.456354239683,19110.743590992657,18018.017410076576,20095.88157968481,17021.717172854493,19879.42544242047,16480.229176759625,19160.07522414047,20272.870212383983,19075.777649930442,18683.503075760447,21054.96149376425,19042.06166242931,17138.755391482584,19252.61392355763,22313.461565947535,20836.238141063426,19468.85748105201,16934.16950291309,16557.88693599537,18992.302004839457,20574.83838765209,19697.632678555623,21369.49158576447,17805.305880494,20127.77199057753,20934.08779342653,19714.89213309717,19909.61938017899,17956.10943502011,16650.93944758811,17566.48438158589,20101.629079244092,19076.79812428912,15897.780325937887,20173.48213436135,20631.749532024736,17884.291565367395,16669.48267669436,18241.364580408714,18803.228392938596,18219.940156444205,19395.01411768038,17081.244085949784,17816.059479085805,17838.72712909792,20326.88485556586,18348.923841341548,20098.937884702977,23320.4199650398,17963.784627749577,18323.985063411943,18683.47052265777,19269.01413378322,19459.68300735632,17651.072545056963,19273.218209255294,16745.357322019765,20466.45359838912,17931.851274484514,18288.451461130157,18284.78782040271,16976.282627357432,17156.527517877556,15709.210056210959,19814.085599280006,19249.40170109607,18661.749168112114,12112.648802147398,18456.242004149397,18841.08671772079,20619.46519649637,18682.37116541267,19522.49068994436,19025.634462510763,19387.43714004101,18410.15921844143,18021.10514210478,17643.5697394792,18976.41755835182,20550.393756698,16018.933047140416,20134.92147322543,18939.56989845884,20112.70548436332,22076.845713051207,19314.924946283987,18516.85101035795,17197.579515046957,18109.65703090041,18102.043399690232,18865.37513339319,19643.99383456917,18505.07405796719,16594.97334588945,18720.85497320828,18067.54723938462,19539.787841713296,16749.64668152015,17860.00606603758,18230.34850753998,20778.435122195406,18032.944966346746,19573.659337964233,16171.628499253562,18198.490609772336,16181.006772143239,17792.32367384914,17407.919647105304,14578.076276277858,19916.98732940441,17821.614783641457,17381.404552855314,17006.815354660375,19091.50909084309,19294.719807495178,17546.30646819891,18482.806731949833,16242.735864625916,18847.421759677658,17696.406092209218,17308.02199957811,17114.515413888686,16563.81297900926,18042.182405801435,19387.511912612164,17838.410645151627,16328.17564837633,20760.19256836168,15620.641449674697,18553.91819972728,16931.11984177103,15236.88065138813,18140.263125679634,16821.097883716797,16268.552809872988,17730.137544767444,17351.818239499426,19057.584303325344,17899.838400161356,17893.20802357581,17135.6194503927,21422.091093908304,17900.59151151031,19226.418368412287,17491.139947457137,16374.672682380628,17460.92477533794,18972.172453911335,16342.573804890137,17063.97204909333,18610.932151857083,15609.331624606237,17043.480224981773,17047.01139893085,13911.817070482673,19092.19058374625,16830.651404002892,16240.914921471815,21137.790159280583,17184.72955468995,16629.176395071347,16802.79645356939,16400.979471943665,17707.001487586385,17533.611469476677,18656.089392546866,17157.666992409995,15816.73339699725,20023.735923904514,16949.984192613287,15503.647543796607,15671.874009178124,17348.34413882058,17173.213493188043,18218.134211320285,16179.396538622655,18369.48236733972,18074.97411795442,16530.40081537884,17815.03261224473,16329.763437472504,17416.04511564895,16488.13976553505,17582.88378662972,15268.830418563142,17560.870040901857,16921.380993284874,16804.53640937859,17724.423292246098,17929.880241520135,16961.24395083763,16408.169000520433,16036.023391780627,16573.571973012527,17493.302534810005,16568.686148212888,18244.80798112189,17033.566295226028,16376.183496544547,16804.474198953358,19185.393816497457,17643.340194608256,16173.207725152977,15984.741943125344,14644.188695910907,16693.378011912733,17986.984498324273,18930.871695393285,18152.08149238806,15590.82178376517,17775.879632399352,16729.77848396284,18343.77052047359,16198.495517097772,17952.390032968076,18541.38946883002,16999.44432953268,15210.548612104078,17536.578061850778,17089.23344427921,21096.51425853923,16606.557537496992,16054.56794898491,16949.292406725872,17333.781833008106,16966.70010086235,20189.090931287217,20874.471225142348,17097.48611798699,16545.948607686816,14779.65216694821,16362.00729799063,15142.365960982532,16597.99764402727,15985.47873048305,17470.698334939014,15613.90167468888,17793.96085981251,17779.402021422156,17207.439596498592,15568.620436327616,18309.498902326508,17541.117914560095,17913.572303514524,19444.459414865814,16643.981946899286,19043.28648966299,14473.92485956631,17134.76118406475,13946.397457332016,18603.024430949084,18212.473728956895,19488.47260007064,14937.53178108571,15804.577919988267,17063.310038822587,15795.10889561339,15609.559383272626,17229.12504441821,15954.1734178543,18538.885743750478,20037.65828759587,15750.95186206889,15744.913976663755,16638.492428574376,14281.671102812086,15454.263626673848,19092.605960106477,15611.973967497172,17576.93209997731,21628.471557638506,16459.988900711236,17551.85035032576,17925.55592543237,16980.43275597194,17343.140640771286,18273.97121830172,18458.748961672565,15175.263736565821,20153.817305892815,18832.025727831522,18281.79716056161,17503.953767132993,16927.741974773347,18763.946497258803,15304.748801557596,15573.624765748427,16350.412820009919,17069.353967019146,18370.28791054208,18584.599532711116,13385.037111021567,17627.189536964255,18699.437803869085,19639.416645998954,17200.679548000244,15920.395425278173,15127.151898926068,15758.788866787521,16442.611829259426,14957.157728597806,15708.370758797926,16237.062585980711,16402.341746974325,15504.263699801615,16746.12158099047,16558.262780050536,15931.697406101262,18023.632067909955,16660.290888888852,19368.39167585189,15445.916108501411,17432.55692678581,14664.276214100528,15085.165468003723,17211.84211008947,17048.525543275846,16498.24220393093,13882.51355089147,16136.641937526,16531.696284895235,18348.50862907176,18298.37410884815,17089.803652327137,15107.034407347492,14256.795093480556,13775.862360854655,15066.895099584146,15209.622781300553,16275.160408461968,15724.628222983556,16979.162849645472,16064.057069501017,16780.257683959047,16409.938026488056,15516.100088281793,15197.6695394201,16951.25089973108,15948.16696969159,18632.17821270276,19601.400040723474,17724.814638661017,15478.652142546958,16543.759577116438,17956.958638757522,18210.63848566692,14925.17689514876,14747.977322185163,15604.015923674167,15598.67396462795,16124.107007377168,15934.087449725552,15279.148840921629,16115.371669739225,17381.47644219809,15738.842517384233,14683.627284330656,17724.30621397172,15272.778434901673,16970.68834706533,16420.051338594665,16961.279086379735,15880.11127668155,17505.45003009888,15331.339789346808,17839.64808088387,18444.726603888466,18510.25356096556,16207.594842334596,15559.184996269856,16926.006409910682,15653.834892877781,16358.709342552003,17080.64126788841,17074.684905015667,14413.276822611082,14402.628230075205,16501.10568616999,14971.515525951796,14209.169642918123,16287.686124592114,14523.365005562975,16628.456432202824,19015.509044769133,18105.63799323255,16611.39199993084,15008.420103315331,16436.637441313233,15001.288832418948,15379.436858051931,18454.073849834487,15867.000078577054,17693.366213917103,16956.982179154093,14161.537863258043,17682.3469628589,18063.675667903175,16942.826698537418,16561.77857131561,16733.768586701444,14439.523607546893,17968.301050656035,16064.186593387096,16342.00297291715,14922.095891468689,15596.782149804114,16319.465682454816,15951.411298778352,19115.05761727129,16653.22357121462,13857.634030127316,15559.290450788367,17742.16183532938,14585.056669714562,16071.748762872154,17921.81072798941,16067.681109525518,14663.161519128607,16059.391021677484,14316.461437797989,18073.878475220205,17780.2719383203,15284.4410938763,17119.98954544679,13782.483798935335,14791.761822094402,14445.265810515806,16911.175339924295,15319.437737421256,15285.731062070932,13585.686076268246,16151.561087376802,16861.735024581896,17189.197362322346,22389.056332091477,15232.567532556179,17384.89272309008,17430.624025898454,16580.50139207694,16268.9813568109,15727.124931166878,14334.052141611628,17158.689897000764,17651.406965004175,17965.857727456863,14471.315554163999,15689.044538434136,17304.289689993875,14155.076394477004,15863.797804371641,17608.567318553232,18350.138742050694,16356.824983085575,17642.652424184125,16893.855851114702,14843.727834931697,16881.655077323037,15968.414570349563,17788.651524505436,16328.09971753688,18144.381811434378,16468.234191230924,15037.970821121788,15027.012938020238,16265.356770554372,15197.4070694539,15555.753758170107,16074.726003637772,16797.32874728082,14501.311930310167,15885.878137089123,16104.178395791556,14685.296759614246,14886.839941467419,15697.699894032854,13998.098559783935,16585.340785103614,13818.613089908524,16753.519378118574,14794.046287280791,16555.534655731914,14436.856027892542,11844.283045482578,17773.742711733226,15272.642095170326,17057.135128970356,15085.036549704808,14812.451274260271,14284.913890382175,15060.336311448344,15400.346494452237,14355.49999757635,15209.336550974813,15911.14976720058,16081.766471193256,16799.453134914966,14978.786276438817,15579.49040423484,15197.249086587171,14675.3018987556,14497.910836159293,13325.306298057641,17518.39290159585,15868.687183509177,16409.950893053665,17492.7474621025,13126.945844710455,16552.304904355162,14631.36192875647,14947.01154650219,14793.991235117706,15279.614580667216,13906.4375125562,16323.636944191281,14063.839708062671,17033.85895682731,12938.422052463638,14372.527136752442,17932.24312255819,13724.422501365016,13258.962873712257,15569.858146592498,15773.366730426336,14860.125604630177,18379.78370156769,16262.10947878794,16440.77275306023,14842.224416263594,16060.617541607702,13998.812827001979,15518.336881684205,13578.549266289041,14987.38460354165,14465.406436361453,12491.4022353793,16019.600915088004,13124.616327982934,12484.413052603331,14973.963511316775,14108.705405382358,19855.88003463935,13606.419683290438,14606.801111420182,16639.723978906623,14936.179921687895,14250.755912608445,17259.34056115682,14757.360076834017,15149.60734576236,14915.589460471429,15080.048865983374,13555.026808192199,14388.457351751767,16490.679303912635,17772.53861961159,15230.50782780003,14362.629046958298,15983.739775050748,12237.330729121673,14860.00019891437,16619.945596252186,15185.353104642521,15876.914306996388,14648.01335317319,16580.533170330957,16392.0590456522,15146.003457077531,16379.766082570439,15837.322066301362,15651.59859361244,13924.30881407072,14416.905564211294,13482.432588757687,15259.156105451826,15962.245238762815,16853.122815823383,15762.221516284268,14227.96757616688,16284.69106157134,15389.598884418228,12711.553174764553,13514.832888975749,15188.79410854566,15005.424173327518,15188.005958457676,15690.494280837298,12989.308959904802,15869.845686756124,13965.694086346857,15500.637609227753,13814.71978320677,15855.24860196181,13631.310068593364,15149.582094846446,15932.147079564256,13937.019235576412,15831.110779331417,15102.240180013636,13929.029618566281,14945.111641598693,14268.632967873298,14938.448536016846,13750.958841349357,14238.901171953728,16682.82265974267,16320.70489842277,15760.445545971363,15928.066123756345,15568.201909857928,13852.49936819861,11951.840486916628,13506.606467867907,14847.032207883734,16249.856999564989,13000.38190252901,16422.07067693674,14641.247538574622,14804.366381194364,14969.986972245282,14453.947699825616,11121.915609513582,13932.536028734206,16356.556657031148,13916.784316834359,16846.61741267443,16150.02519804991,14241.173502264863,12747.742368718687,14945.981144979929,15248.042482157824,13712.059169027527,15582.426326147117,13717.903570186534,14046.341599643505,17381.595561735598,15917.405069345503,19024.53925509053,11698.103475243637,15463.49029218089,13665.084663370772,16428.44666370335,16060.656767334047,16064.115287397886,13988.690394520212,13512.522680155902,15411.60949749682,15332.032515781959,13956.77598722154,15137.251804624722,13609.152770291686,16189.167031128,14097.58372339111,13928.44855497148,15026.41084624585,15285.301598717144,14933.123794072353,12617.919337341515,12443.065730313268,11455.379163371468,15432.198209342938,14402.260939913956,17795.84226918095,15243.891050924596,17658.91089932912,12884.617909675815,13037.810599661441,15213.814258696357,13517.496244071674,12699.91637394398,14164.694421624881,13653.40662458912,13510.836774611904,11825.921940506021,13137.607526054873,13299.776926760822,15828.95274393718,13435.960351394833,13171.865128576783,13772.513028784606,13009.144520490687,15117.277581867926,14594.8961819219,13588.593664729455,13327.88618644123,15281.647512829839,16703.815764710635,15620.115489675187,15795.577935550507,13076.514175945824,15793.605226750851,15081.473615825951,12925.200830715596,14079.137729103975,14903.814409431752,14054.44020852016,14389.186619562393,14221.693749242155,12902.017203103867,13545.785494362479,12410.961930253452,13037.460388552807,15560.647960526994,13350.21618893699,14343.641445609888,15015.195556783105,13006.022058124114,13646.997185979804,13472.203547466852,13797.043420577571,12339.83928536874,13780.585846445392,13773.510123548444,13462.621838694988,14436.703382671443,14430.616513415524,15235.107497594561,12771.260659957972,14923.63950864373,13569.43360876879,12913.682192503096,13891.081866965991,12744.129203996232,13876.921579306423,13052.08940837266,12308.976899947877,14369.025957147585,12100.789052670008,14029.413712978841,13692.537069068027,13355.403819954,12075.886752532499,15881.39121394755,13994.48557829005,13853.77672319156,14653.467644705883,14311.423175179507,13150.15958198611,12390.974884474275,14479.04020549045,13659.180783723885,14808.053486699811,13963.181261295862,13166.798220253231,14973.24877106712,12801.629930147192,18466.106479505834,14153.31254982934,12635.225920304214,13280.449623289967,10366.601948812153,12951.478662458852,13926.232780213359,13261.943649140268,13584.938367444249,14074.927605276021,14908.476923659167,15770.73152853803,11953.508843724037,16112.14296741797,13693.722705843846,14352.855724630801,15513.15782171151,13034.348644691892,13350.410387064345,19707.163192949265,13533.39298012637,14502.855513837972,13008.342903219735,13654.09314533592,13979.5478155345,14479.394313266914,15334.750395569186,14465.00671384587,13957.314157859972,14294.079129486423,15091.58680141224,16036.61692956753,15922.795485893883,14094.338447794195,14603.563830520072,13451.279032103292,13249.662331606743,14235.633125609465,15429.579662610453,19021.261935483202,13084.318025844344,12406.397952030153,13589.23150138917,14178.984001632167,13181.80286404119,13994.511828293318,12226.867372696828,13974.379129987798,13970.183192140557,10393.226915727546,15864.965031201602,13635.605057858376,12777.068475876975,14469.2377268065,13805.743832610528,14361.25828949561,13449.937855248334,15855.367965603373,14139.164557975977,12634.891075581018,14940.937872804556,12524.85312138238,14411.697481988434,15786.994098619532,13071.252995951785,13720.592999770037,14213.781871381163,13380.718742828876,14909.966720810213,14543.743800060456,13062.17882348992,12391.040803583648,12686.65360569206,13812.271978115876,11885.771263431847,12976.965812461915,14006.545552657626,12968.995271188545,15836.307281462008,14954.680705565099,15292.490105084644,14644.122997801216,14093.954232482864,15115.682086329774,12780.091766482352,14082.695175816825,14244.74569552341,12764.154037674805,12003.573479207475,12917.454704083662,12124.323507011424,13721.946533021972,10318.562713115922,13386.71129221613,12734.181133769795,13175.262604951886,13377.72017627518,14195.586723784876,13356.831299936714,14178.137862641426,14174.290404421094,14165.55015522068,12851.55583682871,13825.155191727828,13651.705166196469,12199.84975471632,10605.704318695505,13136.158507935545,14450.274836738405,14450.470999517262,13271.109664677466,12462.339040804429,13103.283016829091,14931.561434595622,12142.253944173648,13235.450458911318,13233.086968718351,11810.363273355115,12422.452736081541,13377.487569696792,12889.250786902203,13863.766795103007,11933.356393564794,12390.089450530842,13184.204033774751,13221.643045480998,13673.624667869168,13830.555151002773,12847.713445019674,13162.026256295732,15533.17839242715,12683.618278460372,13323.640949643586,14664.630502342436,15164.011948995896,14469.565317980385,12499.362313637652,13458.92151278736,14917.4405838613,14135.496444328255,12327.678043607595,13609.024872480899,11851.45357776741,13764.589276072034,11749.26112100535,12463.924465637496,11758.351301405817,13419.416889663014,11080.835651447145,14759.102836212802,11712.030691347101,13251.256754169926,13415.976789226135,12138.024830233966,13083.463815428362,13406.570099623541,12592.720664127799,11352.289318898456,12113.508104434515,11492.623730579498,14716.40280717911,13372.338008848199,12094.279261619557,10841.984452213674,12873.422885356262,13514.943660765332,13666.025724106406,14881.449975947555,12058.27319553939,12680.519872456387,12833.469187314793,12043.530779582861,11735.885454495543,13475.038275691248,18284.157576676003,13301.769488774928,12813.701327366321,12649.04517183648,14114.354098786764,12164.790042482553,13493.504909722882,11689.358796973089,12936.08570189061,13744.21222299466,14404.546169365058,12435.267172883592,13396.885822263803,12904.639866495885,12272.243315329408,13286.961832308158,10473.392805173182,13442.631572100741,12562.32639712876,11023.778368415451,13049.930815703523,11310.256590207837,13999.655864621995,15718.217896176797,14164.722223373154,13014.811642080356,13180.007636124323,15011.18134961535,13492.43030943283,11586.001521232833,12349.090802741994,11881.845106895349,12501.568837887567,13416.353879466573,14621.957163825955,14108.891880437672,13110.873979482205,12944.769612897577,13255.649341922059,13743.943400293101,11730.705148239727,14397.046044506971,11961.040175097318,9750.577787287808,12732.379271311445,14272.750622216208,13039.449114399033,12396.227166554056,13845.207533600505,11476.584036749657,12715.320601081818,12073.519713095908,11647.981396166086,11190.207922819993,11492.276717409293,12673.08586479904,12038.811457481279,11613.532853955474,12660.002194627641,14125.657368472896,11567.965915611838,10963.367577323694,12799.172629463757,13089.929693601218,13119.43048255169,12954.17390520076,14097.449174626043,11385.15602486844,13586.201204995996,12767.746837337394,11970.551522756092,14679.963362875369,13391.487464073722,12582.795348939391,10344.787580316677,14051.045017553237,12272.39385225248,12119.796257648619,14042.703636477318,12576.918180570674,13053.096473831407,11037.108036095511,16214.447338772809,11035.075413472554,13037.513240874985,12394.277770188899,12388.003684306337,13937.001365359083,10557.764606998544,11439.00474908862,12512.590110302453,13801.269315221374,14477.951229672371,15853.063362958595,13293.000334120352,11707.661117276373,11397.198938988757,13140.964889636656,13925.17956742586,16855.5776091494,11916.459493770613,10487.761264409362,14906.439670109816,13896.068727778935,12597.543512391654,13558.184092162275,10967.380321447958,12741.82286686301,12111.700609408681,11952.393137120644,14036.392685133234,12729.792874656938,13677.333423863818,12719.881358458648,20969.311083595432,11320.906828999468,13186.867326943238,14004.761927376889,11011.786338315422,14776.081897643056,12406.145971817345,12056.550518519203,13647.923765716705,11431.727350498873,13641.355359742392,11578.864822818454,11425.696341337738,13300.237055028865,12332.251342564916,13456.387063424221,12019.586515920992,10804.918138862527,13441.536574240596,12366.662219517493,12629.918719956087,11538.907872728343,11839.804653696898,11534.520647838257,10069.091870141576,11906.888142430964,11229.540651377834,11679.217879969958,12137.523822840978,12769.219887092415,14249.786211720297,13424.417812505002,11977.290813425032,10048.777286546854,14059.443215060008,15147.61366072924,11492.5820816448,11946.513200485824,11638.74434405055,11786.87824262332,12876.051989912146,10534.597926646606,11770.239073796494,11810.332446896298,10419.82871898968,11630.309874642959,13820.340702718895,13498.899812881416,12666.689908180431,12531.98919918665,11883.495020674163,12495.036343760115,11406.511921902702,13282.56409054367,12124.679415491824,13338.232631184972,13883.720055485534,12466.562479984043,11837.591109115005,11533.343958492833,11825.215189343913,13400.613458511523,11500.551975644126,11203.270215899614,13877.719534328977,11191.127321033164,13368.370846489115,11255.646650015336,10727.42249143808,11312.957701313366,12223.449380841115,12538.211061784461,12219.86723112861,11447.03009255399,14462.256451707506,12515.494967083705,12040.255792581975,11882.983564608166,13349.476500528117,9479.841571026254,11427.290864597722,13303.61285896652,12341.649721744694,14573.813612689903,14294.520149210666,10970.33367854351,12487.758153110295,13412.902327476866,12171.234163470734,12480.07798040185,11999.581569465103,12627.191845984706,10933.469677196268,10630.769498394724,10921.633754272474,9357.843387262192,11057.470001912849,11498.563543075044,13217.25706903441,12103.002351674704,12408.207152508428,13383.561037564374,9733.582683873761,16352.876501894809,11381.510628761345,11172.488114731043,12076.391987039744,11458.509464301993,13333.553692601492,10565.088448498143,12210.22635693275,11591.128399271396,12203.633181481984,11624.958246782478,12409.998360536767,10975.525172281259,10537.993856869212,9530.401871733799,13447.544652275445,15614.251079593752,11869.248170557072,13276.34127469289,12486.977579297109,11841.637691758573,11085.892029042861,12297.641188693506,12296.292620919861,14746.262902852513,12446.423319159723,13393.591708538279,12133.026078125959,11670.74960628419,12129.594447912421,12617.362162682834,11353.383937771265,12915.314822091454,13252.759538016348,11698.024583395014,12102.94965302451,14373.285631151957,11038.86938426287,13517.800597419717,10864.843840915586,12383.428499195192,13230.868046244712,12544.397528812548,10435.155092566129,10445.224957476104,10569.759353439777,11929.322991377649,14002.137705941313,13329.199172581702,14323.448230429143,11745.471825236156,13513.86935941148,12036.905378449635,11727.835698379997,11006.632235954154,10104.072756202548,13320.60302862256,13677.52947260834,12999.764036919727,12834.307482699622,12510.642360606069,11576.748149664858,12503.497129700956,9452.661291333368,11721.95584888257,10680.406102538973,12192.425132549835,10464.239786845115,11723.946517139973,11316.070477213429,11400.114929790065,13271.968278601638,11540.010237721379,11094.67854841942,12468.084421550155,11525.710580005318,13667.842450864253,12443.95687033415,11212.887249534378,11098.51013478005,12769.19120686665,11350.46971306754,10030.100452099035,10595.157908905518,11477.636521180344,11023.105782569135,10430.376035168883,11159.118071464543,10712.175888077487,11227.36286388252,13359.762549224955,11057.021796146551,9721.578303003977,10430.667108679403,12160.236390843227,10438.158062303422,13497.32369813503,10006.86938160952,12358.829737604145,12959.213781590397,11877.99819727883,10239.493406204523,11282.289512216435,11264.431670091322,10378.642497504678,10084.461056661397,11696.348935710845,9650.954408762058,12775.949468349929,10060.542001801396,10361.506458297761,12446.960416612294,13076.99063462763,10926.285059237343,12607.835772035984,10321.960595432822,11650.453063438677,10606.037445148375,11947.94752589582,10593.371551693268,9467.087618419524,12491.955459346991,13003.51235631492,11731.939792188386,12993.718224776232,11625.516138587545,13071.909836208157,13475.26299896665,12111.814487697291,13676.680695078017,10659.272285719038,11306.259444217643,10745.963732681026,11154.184524430473,11759.808095484801,11595.889072846237,10546.929994183969,11581.075335238245,14642.116609372595,12496.738762188761,10786.134322848104,11874.691002726424,10849.355854012289,12496.287097993125,9296.288207785372,11115.759505358146,11267.352448417545,9397.741316825939,9806.507745112629,11396.851415113833,10834.2495710404,11743.001837813756,13104.196786289685,10494.294877089373,11069.815795342509,10918.38240186949,13234.523948481881,11201.171290072072,10033.389089750197,9887.225405418953,11660.844102423855,12746.306926161285,12416.946267797488,10165.232137866593,10902.232156314942,10884.749269010013,10447.387900437021,10470.510926513092,9600.175232305653,12254.276761298863,10302.786067345967,10879.843112942648,12244.351955782078,12230.11536370656,10731.705411583584,12548.497111711631,10002.16232849003,11625.813325711526,13526.02841186952,12107.400474498823,14402.798756253496,12694.510102844633,11912.388218473152,10700.408628614734,10986.46847123221,12040.422407785694,9025.643876082746,11881.688358826807,11291.905151705307,9572.071139472017,14393.183716140904,10091.305255751024,9807.156893977151,11400.206467671878,11389.732799262476,11150.355410135437,10951.623748198495,10239.763735489216,14807.518787980494,10195.539977558248,8561.207574046603,11657.0361374523,10179.883070225598,10315.042114821716,10461.963747660666,11188.742490447703,10741.71105519347,11183.46288929344,12555.633037582595,10451.728393335361,11783.84034567402,11931.133662077656,12487.63752037119,9865.793157062606,12558.975713403137,9513.595868013794,10890.710096583454,10158.843008355158,11632.25140685162,10736.436483010972,10295.752731737752,11469.89728778803,10150.478919780582,12869.365949235555,13913.871748285459,10891.29582506152,12153.01248954232,13137.919408594164,11370.666925663867,10682.8433039079,10106.950632803515,12033.325598598893,10528.23865404402,10519.495295386818,11552.675063833001,10657.863491958697,10517.913130740411,9522.01633425085,7676.692623792568,11096.29352933301,11394.022817997826,12001.03135754064,11240.510268025886,10357.656372998148,11077.33419403274,11982.520971819959,11519.005989257112,10771.83782413954,10047.672465723283,11817.76266641303,11351.584333959341,11501.023146147758,11023.581727163457,11836.38331002969,11493.313006400462,11638.084747338286,12086.423248127605,9189.149727759475,10587.38929111702,11779.134085532562,9734.004247503899,11016.321446305681,11222.290195112177,11952.316186147258,10393.57288220743,9584.74171268722,13013.344378903557,10998.668841761277,10701.890379599025,10841.670434182299,10982.944610259372,9406.294701656681,10381.75629481211,9394.60417766439,12345.522968710255,11603.168964932065,10233.727019916434,11735.338624716844,12623.419958089955,8586.818365570442,11111.22672746818,10798.354042753537,9583.484811570974,12154.572541620562,10937.205747113792,10494.078012686443,10058.323186026564,9776.247188433877,10623.60975013755,10760.58984089732,10037.29390639275,13780.988693115843,9470.677557182085,11487.136831361824,11037.35855306194,10784.611443524613,11483.90833221455,7637.060322275988,9055.752746935337,10144.660011362515,11764.957186823374,9571.474351461515,10849.911066493883,9424.889798396642,9557.262969265053,11735.755035210272,12195.167406850811,10543.519651593611,9141.191621182817,14425.997112357776,12693.928554201679,8483.17729721988,12549.971022433761,10159.557154970265,11888.539072072383,13429.833688306779,11882.658484629965,11572.624649306885,11879.620997009757,11417.288789044349,10384.745834841726,10966.718694131116,10961.386701880936,10225.4629043897,12151.286174124063,10497.764720828085,10220.318042268356,11826.059090022127,9492.323970772775,10340.578962762129,10478.695043343123,9907.882381475056,11057.232303652921,9207.95178165199,10757.468375102593,8538.571447335506,13101.464131613338,10450.90263833799,10297.62268365524,9866.446214253694,11016.989248680848,15015.312545297147,9301.769987005324,10563.650051847442,11914.502245892245,9766.002935031196,9983.499918633044,10845.53077232766,10707.58941205719,10984.808346428923,9975.745703245897,10121.045998257076,9976.738804385683,10541.287744785932,13435.690573916856,11884.663677580887,10391.168666695488,13357.776294932164,11418.196893630939,13250.856926200819,12485.758151922293,9939.477591580066,9277.435519419056,9516.765883199552,9240.738990471094,10351.409581689728,13184.787309257794,12768.234163128545,9632.780584401706,10910.646612971606,11502.471195667538,13225.350677694107,11342.284396380679,14225.198972631579,8268.110247124074,10733.233267219151,9182.787282510657,10739.324889947591,9875.931853827507,9586.575834834446,10005.455175497742,10009.20783011989,9719.88487343249,10569.121315988215,11006.724805009926,10148.525576467437,11305.270216107912,11760.480328163594,9992.209464459522,8757.691633557417,12524.879312429284,9698.250229066593,9865.54459399977,9282.787890422876,10691.587525794592,10394.371365777353,8102.40019211093,10096.948047224245,11557.218866996798,11398.769146699562,10079.003842163924,11405.071345933111,9127.779705680741,8965.151191288904,11528.713067652747,10919.401552999387,10200.935591727028,11505.31552912934,9077.078607155901,10749.082160038388,10166.160879824447,10599.115807637289,10448.61326604812,10463.169971700323,12129.549693786117,12235.755468870768,10866.14136849482,11310.00188684331,9576.834308871747,10707.402605531228,9704.90205875009,11604.948211870138,10260.9689312547,9978.452681426708,10257.49842533631,9830.026417077413,9414.255937531094,8471.945250882007,10819.408346836122,13761.893932376099,10334.950722817568,9402.259318679044,11410.17717744078,10984.042914562646,10376.30329429853,10811.384766441071,10656.343057212338,10252.345123531886,9653.65055326259,10647.870520536073,9504.396850303428,10198.1502529086,10913.356290627531,10398.56190128434,10760.432727985033,9617.68020015874,10607.499545102832,10604.044718016285,11638.884415502262,11187.273501514774,10304.817202723,10012.97679724796,10269.110438645475,10007.510796195385,11014.859053154396,9308.743930213772,9445.287743396362,10870.686470060527,10724.090406997968,9583.686646321597,9577.032473711439,9191.805280754294,9702.907363928958,11718.716912095808,8144.689792958486,10262.18798987674,9838.158196112334,9835.43013270558,10688.003838349621,10838.19107628309,9689.399196266373,10392.4334208912,10120.685313953163,10529.784136591628,11877.212003183064,8340.464908244912,10097.316326079506,10089.587396300929,10951.909708420375,9382.982513450148,11086.800725162244,10786.374677945649,10492.86973605238,9786.432412933878,11021.082271969282,9627.839886969141,11512.84020405799,12119.63485968014,11650.9023021322,9470.266489042173,9341.313937971136,12089.930650081284,11660.560822235577,11158.833091077428,10287.610710389472,10030.513132549617,10427.191996157087,10567.743473781113,9527.181713028614,8496.289400801006,10410.964091420725,9018.325790139452,11135.988217968503,10545.372818824111,11428.25612760164,11419.497237275482,9956.004415487312,9824.865515967611,10675.09062751992,10968.32004511913,9676.426495946,11561.081930991086,10520.02110359081,10389.717297483285,10507.516184513572,9931.626611447533,9096.707920180199,10342.88608119511,9223.915776852722,10484.946684367116,10806.239752409334,9089.001993344082,10484.415918372111,10075.936875940957,9910.011674868381,9907.927690355975,13049.687852106443,9100.273597002117,10608.419929559925,9064.684950408475,10946.336291760475,9885.044876872242,10898.815079882343,10467.04970381905,9343.608341223278,12269.334246718847,9471.948241301963,11726.550803922652,9600.436966256131,10154.033473309883,10258.579359266783,10432.82995946365,10288.045415046097,10571.242755206931,10709.581971635049,10127.803462556269,9535.002479228056,10987.321414465498,9282.755556297867,8875.565278628412,9004.60043893678,7830.4087063615925,9671.278061960671,7701.555995305605,10086.806151499031,9805.497559144902,10223.880436579348,9938.296358208003,10947.05663508842,12644.306748117842,9652.145718568245,9786.709884342283,9233.246685969087,10489.006462613215,8696.977368999913,10201.176296433081,10202.81887525524,9233.226002078143,9103.199037538785,10497.484338147686,9374.607673949815,10075.29607360968,9276.252561011866,9780.241873689412,10204.17593801319,11782.51671590718,10788.08625652853,10066.183796483252,9540.611872506362,10245.77026287242,8330.840799601208,10051.221026374033,11062.405501381038,9529.529145014509,9764.853035356922,9905.929087234743,10772.997356473952,10044.101952820707,9073.008075549522,12383.21007767788,9340.88670159583,8815.369854406817,10027.821009431438,10027.055635467943,9600.604766435677,11032.695357883533,16970.39787308512,12554.496535073773,11077.480384300285,12382.191106452477,10424.424452714926,11934.558159335202,9298.244976808755,9017.680252491653,11437.904268071305,9697.87175033784,7774.35276561658,10685.351519011543,9960.312961037038,11713.868959987612,11711.338114153757,11107.976053071352,9524.70196349207,11650.479195586424,10084.246295963016,9544.577519543736,9938.805870531743,10365.242340185237,10370.36416852944,10515.295784700926,9523.985634763536,11396.280667465247,10236.502500806835,11694.099941164739,6998.796538666616,9787.178496081375,11124.78904377205,9507.952612270541,8303.601223273141,9221.61423769614,10479.471765750068,10189.466491970008,9079.302364329309,9347.635055888815,9067.924889184282,9884.028577978172,8924.362943544014,9742.686790674132,10885.172842700627,10160.692570774061,9319.672403870132,10725.52330460595,12244.526895237428,8910.057347993672,8910.496713122193,11171.831077220133,9173.611913395867,10717.921576630899,10290.120881998137,9456.065333361612,9314.878475652797,11167.990068545414,9446.276046362516,10698.662183692122,10725.311818266764,9719.347626609471,7994.590806169658,10133.434086690018,10020.629304036074,10414.846898541768,11147.638195942167,10144.694563213827,9977.262885875612,8098.96735207508,9280.064689230729,9881.441030807533,10683.084976278018,9406.607018848432,8601.93201718324,9958.834372070989,9394.565309609698,10820.104967879824,8583.569534406251,10221.959292111767,10071.934392024792,10066.459530791364,9917.256131011,8427.033073781986,9770.695101580372,9623.03263565072,9896.797335106647,9475.907366165147,10864.875817163735,12221.92192614942,10029.453430863603,13386.378239536447,10175.933480224778,9604.171507759245,8397.787699583914,10884.25181888737,11323.903949116248,8646.122017430336,10038.098312492551,9580.154195816463,10850.544233561695,9422.353527145433,7845.267363852031,9691.246517324691,9418.238392309036,10422.067732695064,9420.230743780192,9025.612451430732,11885.780380250442,9280.652019289824,11996.678526897422,9694.763268157889,8877.048127922764,9550.033669268212,9409.938260215231,9538.234176690925,8469.604944215638,9129.533994218124,9668.211198329163,8495.23707481098,14570.577433110251,9385.115568848825,7936.794054710909,8322.213153781759,11671.525235956178,9241.349251485648,9644.523975754399,7796.083445791565,8427.960933530187,9490.694489527126,9626.080572490313,9210.16865555906,9902.601543420202,10183.06260015591,9481.682904114372,8670.43167363637,9344.814482694359,8409.597852554098,8930.433322095208,7059.708774445113,9196.434916311922,9884.987180578273,8786.506091719704,8514.256752955818,9583.635075997592,7865.377609412973,9588.35203563856,9857.17058264293,8226.18600168895,8483.510772390502,9146.914098267318,9143.911813449547,8738.362790893058,8384.717281388048,9134.224000512842,8600.873327411986,9818.648094330485,7955.207955898516,10809.636028377878,10373.687410697194,8585.295741270847,8219.371054078933,10225.93684302582,9415.661127235266,7685.309056718446,9922.90828126447,8174.453232476303,9912.218493978571,10190.679582989487,10046.205762077352,9079.561724881522,10645.430105440906,8288.696094461919,10040.48556494327,10465.78610016645,9476.654096412618,10191.77396256004,9607.845537787307,10739.299828689222,7634.636006884435,13332.199006556333,10151.40711445702,9045.179447034468,9877.628351309859,8640.23306142765,9169.242998084948,10568.525194528871,9295.810383685299,9020.546787941104,8491.242018129955,10791.770707807202,7352.166955701731,8871.485147115824,8732.77302075072,9065.613651438138,8489.433022628655,11155.930952538309,9260.873870966554,8459.84807911803,8216.57511676489,8459.770083287409,8984.140313453758,9660.106399381713,9656.720504671068,8973.04282971975,8569.82507585573,8566.207734041973,8693.887632852628,8559.719942140277,10052.512800445907,9490.583862235142,10187.969326813274,9482.438689930872,8804.451907286064,9479.073146887464,9210.41601130034,9485.362036503211,7813.217189767339,10503.92524349162,9481.764359976598,9069.483071057326,9747.138729483502,7760.703671313745,7388.411171623845,9181.837480599837,9729.495862998547,8132.39770355659,9733.125329860699,8913.009358128496,9593.319735350005,9419.73955836218,8381.983405628842,10001.447921160028,10280.486705270097,8881.052354386145,9436.800034306083,9851.188398870921,8921.906282906059,7956.6048614683905,9024.656047386092,10702.795531990078,9288.372446165313,9293.215747571963,11728.989155861547,7957.318710363642,8592.522896217115,9426.963871747943,9946.290317506051,8340.32401214416,8714.963053764326,9387.126957178933,9932.763922385415,8969.557516808847,9508.30776604445,8704.86677456313,8530.031150277417,8708.355305635789,7672.282805131118,11363.757281561911,7292.248400658969,8662.375285777978,9347.397613398327,9209.225794249904,8187.960422816497,10331.283688046851,7831.879710294841,8413.5150903506,8667.629059712115,9468.532417297714,8395.962979137455,8269.24976323748,9451.085475058453,9731.21015313637,9321.101521190452,9770.696441971682,9572.438750483125,9158.000934548369,6653.29860435099,8101.776487000886,7848.074886927952,8354.152002013536,7229.585893307529,10979.009139496324,9822.144521632257,8334.037968377026,10225.793543549025,8844.426641118127,8577.227445471119,8968.640830762295,9103.734907790695,10045.523364256027,9238.892915490535,8055.369421745345,8436.235582183648,8173.664180597687,8955.80512979985,8047.414436857543,8954.70215222636,7830.8957168265115,8826.738814917275,8542.221853640012,8669.847038897708,9369.92250831123,9748.881241339763,8152.524645093253,7596.798239478977,9635.865794295822,9527.255197570297,9756.535966844765,8938.070508381992,8168.427217842669,9066.050256798962,10041.50621941739,8304.982606038413,9068.130977210943,8385.898783790479,7766.489892547755,9582.079648339306,8256.134528117213,6892.800822167118,8761.254344832008,7856.311737536982,7606.483084035191,9018.715434501477,9287.00397263287,8230.674834416926,8231.711539224862,8873.788933643893,8733.361168472544,8867.38466235423,8468.016512395292,9846.426752293368,8866.859130204719,10096.356830627203,9125.265007483657,9669.836946052566,9802.345420590851,9936.3215757924,9388.142654074452,7691.5954027497055,9388.828202261497,12745.974904230576,8199.87511139382,8198.555582282052,11248.112535849623,8451.073098799057,7114.367083022429,7684.421601255436,7930.853723170703,7799.538422573704,8691.472417935098,9912.10822774729,8554.419933693252,10043.754420054807,9206.493945454604,7528.462430924875,8276.80838894548,7520.68073565589,8657.046077484203,9329.919143463727,9990.315064729944,8136.619690678255,9951.83311892938,6672.776552098298,9044.48445261284,10573.126043845965,10359.195484728585,11826.937443479099,9037.227662837648,9442.213941965723,7743.656287531957,7632.225869279784,8364.7098688045,9290.67554944444,9155.705411554693,8246.29094062805,9012.230199860232,9016.460492526376,7362.019503091229,7475.980419741654,9290.132571048447,8875.24391007453,8090.475637396055,12125.304811132328,8905.78449509199,9265.024025787341,8860.589050748136,8593.005297815429,8585.394837468353,8318.499178088423,10798.343396638436,8060.363961867308,9652.325607049463,11962.167668690385,7829.725087852885,8312.597677232068,7930.883705887459,9508.752533862289,10011.537423675369,10203.59790261627,8554.813967199774,8549.035661005664,8549.033414867074,9072.645963742087,9208.643748667919,8936.113637050801,9071.075971373451,7524.353161589876,10353.428762486625,8665.279858273516,8402.290786351743,11095.111876176697,8018.121508566981,8528.426084669618,8799.669478689495,8393.424687279603,8648.127286758156,8513.580858278536,7374.443621089118,8900.40947573437,8899.964183550355,7866.910918904338,9570.26931215188,9158.041091007874,7241.435003954768,8227.100224849935,7974.5346188973745,8748.998188391588,9445.967072077461,9560.974575218652,7853.876112942134,8763.15084565695,7976.259535520269,8262.154753657636,8237.853655275461,8366.598890138257,8893.473819623057,8252.737305969951,8771.181854658471,7227.668285248079,7588.267556023409,7980.7691685048085,8436.531946418658,8846.575506429466,7948.55639790187,9259.483946625402,8589.24823507284,8452.25990959135,8841.198499615095,9632.995014286256,8052.495710251731,8956.682077045043,9221.175251583745,8549.335248419015,8413.694461748904,10182.179135004302,8417.987005487685,7536.882090418388,8288.381310804203,10475.00902987321,9088.737289261559,7174.714246566567,9491.635406702004,8522.201217037384,12037.980992373083,9216.482506912786,8813.219856911282,7912.806525978408,8815.027039977414,8031.684615633888,9067.231512526296,11672.331769852028,7892.456934290117,7404.519541027561,5862.077625313367,8002.504968738497,8132.095815394967,8030.623767519588,8510.240326799649,7741.602281258514,9031.014729746621,7988.844386646991,9012.634834471197,8235.18574342737,7117.915069256956,9857.397131876889,8227.6067130889,8738.685857792172,7222.40432300069,7711.714902350445,8996.818039970462,7215.6789725701055,8991.444172290554,7827.220104256111,11520.488892128233,9531.869553237751,7455.235398446398,8208.926565311167,8337.44844777367,8731.296716471204,7266.295375417724,8730.464657380018,8593.506602815323,9275.369845665342,7453.842007271967,9661.509071615212,8228.207517723518,8573.30023330943,8705.448129435134,8051.524984027901,10061.490179221235,8689.967881189297,9088.415508971202,9487.00200210688,8029.093318207816,9202.760655225815,8415.089395349316,8673.448302640016,8934.22517569719,8025.414156909756,8016.078543044962,9323.751564019707,8779.656845226384,9315.913258937126,7512.504389216376,8908.587497658798,8512.801905280478,7500.554588254757,7760.1868278072625,8637.315950620123,7746.253223214917,8498.322698237313,9034.659901737974,8485.907111081102,8097.26135699977,9686.326779297528,7226.513716966887,8866.433908641533,7595.573708656866,7120.605835251955,7096.964342535944,6853.561701437558,8712.529753978926,7940.373392516508,8845.948350506336,7204.78311040982,8443.921138651658,10213.143329048917,8696.72595261437,7548.209627680494,7599.297876631856,8951.427161932144,7302.717365344692,10133.184169553086,8317.9004159602,7694.406126240605,8553.706272099942,7423.849932141118,9111.122710604077,8168.43294355916,9490.908813686417,12919.455568825282,8854.639606164608,7785.85378765602,9619.25098510741,8801.721133766043,6271.82720192724,8928.909415127819,7706.637756154425,5812.742586982547,8519.39876563133,10299.625278752497,8262.488211964377,7658.113177071385,8391.840110755204,7027.835814295082,7507.540810689127,8134.175792032196,10503.003957999892,8199.504155992627,8769.841685174239,8903.253288112668,7743.019410399358,7365.894692777997,9290.964975036775,9014.546918452359,7845.486028855684,7597.500669164675,10103.131302637008,7713.205180180285,7956.687710884485,8461.685878750553,9122.955200518732,7695.536135606063,8983.913251101454,8322.347223703566,9103.845635429241,7437.057770931859,8144.442819005243,9252.363001979516,8551.427345574783,8142.440890294795,8961.140283390181,8977.838262711466,7431.086731145839,8825.786805159254,7180.279937665021,7664.06050794763,7174.9582456873695,8421.17190731964,8797.984729522506,6506.081891946418,8022.644421343939,9612.4911475212,7787.615569950798,8922.874005839756,6916.560176077148,8015.030424052927,6797.784004007995,9865.87789310924,7263.298743216567,7135.641909261207,7741.957753936077,9859.665042927874,9165.477120854432,6316.352996805979,9291.532701484843,9287.1880267021,8619.279154216236
critic_expected_return_losses,88234.65580806196,92301.00158952184,88179.86337401596,90240.58342303034,86797.31819858856,95562.7686387276,85152.13966853566,96318.39123781271,95482.88148002962,93657.89490060952,101781.68581206394,99502.48561134523,99510.40469026628,101163.97412706248,92445.36808765357,105410.44065161135,105236.96681657877,97796.8085244645,106571.32055021268,102193.463641822,95497.81678667308,94962.51743481468,95030.04192461412,79826.23406826418,91672.76219717135,98444.26360484646,97407.83564678807,95225.57554691684,94629.48948787314,111631.8503207746,114081.52915761282,115763.0639329712,114537.36204097413,112404.15252244503,118294.94235969447,107693.8877794852,94582.15085165756,90587.94131235556,116089.76936911404,103756.21230784517,111330.20159570844,99133.47747799236,101912.28881002204,93770.020252893,91916.8543209276,103866.66806762452,99826.48868391606,111334.73347741824,106895.25497229413,115922.53561884859,96653.22629758452,119759.47147323248,116395.02528188624,118064.45230220357,110649.21172385981,111334.99529906706,103945.33899463582,102653.71792012217,110153.7815732523,109517.47458025672,108955.52511833611,109079.12056928758,97116.10921541635,112145.7809678699,129634.68934747728,119621.70537385144,92571.28995706441,132441.70306752675,95493.81658049792,97539.60877570616,102208.26602659452,101584.08295005943,104933.92305026732,106928.19748666296,106837.75404370658,104156.08426331649,97171.39956651822,88015.83258329012,94081.39767838427,85955.57746541584,96062.89215111398,94010.05460758254,108029.03199387234,97375.11756508914,89981.62981196046,102188.87922247672,74170.4134320248,93006.61947383556,102834.14969524514,84463.00644409243,103737.9535185113,84041.4574577333,78447.85967654796,85063.42458099648,82730.8079407973,83370.49552371675,85272.72982740925,76623.25826719141,87313.54963469518,108397.36056429468,68973.04926032886,76716.29987795463,70976.89485136092,83710.62875457937,74391.77441047477,76550.76094954489,79082.54608238926,82310.24047025717,81995.85863185744,86880.65956628998,83118.28225762934,75256.20185189515,70229.92665940861,78120.45694350354,75027.13021986092,84532.4957580964,75047.12406319109,68648.20215927713,86041.66566267273,51719.900994810865,65964.8287431589,70445.17932843015,63851.55498612012,61446.58307069638,71126.28658465856,75306.47582375049,60311.50127814009,57909.013616781485,68550.096605082,77357.92007162017,54704.18954046926,58707.30229005308,64679.64648160963,51512.18380307737,58011.84708485807,45539.074026602764,59594.81245961268,55556.052215943455,69560.20313671295,60419.50908407524,60140.24843826927,66115.06636927753,50149.22508546296,43223.66296678045,63560.60232288508,44029.926905074484,47912.71783229023,44778.18709669701,44279.24160959774,40939.16463457818,45967.5680307891,48162.049126924976,47587.13708896007,45355.97971935118,42662.645402570844,46057.33163794357,41525.751828103996,44298.11579658938,44043.11033269052,45771.55519628549,39721.89489727559,39994.40133539044,41425.47705066233,39575.64903727885,38065.93842272898,42368.54539689999,40255.45894386219,34348.05528361179,38862.70537862002,38743.29268715699,38814.22194507338,36077.32993973295,37717.23007443159,34168.09168907565,41645.63841468096,37755.77019186196,33961.20868565214,30569.550839085437,33166.61339518955,30654.478587103593,29422.0857292627,35261.537237240605,35467.58347391305,29237.22325341057,28531.695718660296,33841.03070372408,29406.921407372087,36820.98421930738,26354.337166900455,31555.000324917553,27157.30080514736,26104.018378224126,29227.660969169967,25234.925255246817,28576.907727305388,29224.86958153673,25008.291200960968,28310.966802753577,29621.95208149362,27934.7679077081,28003.724905717525,28077.693221084406,24558.64554942737,23389.709612115017,22775.59189046095,22352.86092959542,23885.700900076125,15722.585721618805,17822.992835480796,16367.454319645334,17941.73833288871,21620.428899957973,13253.312765419758,21450.996045370408,14762.742010869844,13992.33515527206,16419.578326162125,11601.125926275668,15186.738611657614,16387.387265266967,12931.803271264385,13953.013184400836,12030.139212669297,13683.711694800004,8648.510917692138,6909.149851418972,10642.444699615908,10234.065098002975,7831.290917215641,7137.299689216909,4923.72282696112,6570.693558643426,5115.807724095143,4992.806938324332,4610.543153614573,4551.4320112139885,5619.364310591395,4540.240566151414,5434.735459870954,5913.685551031977,4458.447610733026,5871.082036941005,5364.364859575711,5745.321404279638,3600.1939873729407,3595.7041421916724,7393.782988983719,7418.88189781657,3329.767575501545,6209.471817281392,4605.245394479334,3498.573247723194,2936.0978828777984,1992.5512231307625,1738.3503271722823,2344.7337591662467,2143.2883336379323,2711.7774396513764,3937.448064655604,1036.6692387230364,1058.9990794723365,2355.605378141177,526.2031904360803,2257.100632712972,3082.350835230268,1094.099798687879,776.0068984858747,741.8763176190315,729.7089725835293,461.0576591639352,309.2603380576531,401.6079555027752,313.2265104555063,1049.18208519913,230.87374769256203,102.24005261363048,21.890084781671373,0.9016824189324407,29.732784571682856,8.842693993174722,32.56561693676315,229.55403321017653,3.011543828304412,223.20214313609054,329.4209782165337,592.7657230900618,601.0289867099577,607.1197365629663,369.6903331750522,606.4072470117733,403.25005072424875,630.6426363976789,637.0536003529621,587.8898681990075,592.3311485205492,655.2786002568058,663.5322002698017,669.2328871193369,679.1056553095541,685.0544944382817,449.5269329533652,695.3545286816795,697.8903272168225,712.0366811625813,714.2234685309057,722.5445320505437,371.91077632068135,571.0213740820145,742.1232831326721,674.3400847970094,466.03439868737877,763.6360674432912,771.6099180132572,526.5014330805703,595.2204011715245,791.0043373145267,797.0811870570495,805.0328313751259,809.048660706491,815.8290660269867,628.0177050606251,730.4649986004071,836.8774883040717,788.5495322005652,794.3113590520617,765.0584951414148,787.2677600004013,428.7992210611332,880.4868174762512,712.1099761921961,888.5518343055477,901.713693310775,908.6861911103076,604.601826287372,707.8590299046027,931.7025167975748,931.025654730577,945.9942135761718,952.6371962924297,961.5533261803661,851.5946916551393,548.8855882924781,980.7091814596782,508.0550160626747,844.1178717024635,757.5874960226729,1009.6135476913983,763.8741885965661,932.4015142411939,597.2196648190647,1039.9440070299338,670.9499960759899,1057.4161674352874,931.9663667764848,942.8923916745935,530.2083771649873,1078.094691336815,1091.6843131768733,1099.4320407605967,1109.7502597185983,1114.9249253858895,1123.0111055580978,1129.4592727902977,1135.406379793475,1146.5726061091138,1153.4689025871971,1162.5043535611626,1172.471158661156,885.7396280644066,1188.3919452297973,1196.3820032625665,1205.3132166375804,1209.7892637732473,665.4621109789312,1224.8936795460525,1229.3755480749974,1241.2707174721775,1243.4440745460242,1255.234078084862,1264.5899074942236,1272.4666097715788,1280.294838793008,1287.6301936406803,1295.4175229302405,1306.5279049429246,1314.905776262927,1305.3844906846577,1327.0510446790483,1334.356758152594,1000.9013618562828,1337.1527169891467,1124.593950499099,1151.6789717903291,1374.9686798422083,1385.2389623804104,1086.2661183500877,1404.5678990006807,1411.0358324651327,1418.611917070066,1149.4251841745488,1113.8664916639495,1446.0725619531797,1453.2363307298695,1460.3275675541004,534.3643693024641,1476.809749338622,1479.613037764591,1492.5275655409205,1485.5428972802454,1512.182785366656,1273.9323183037845,1487.715736598516,1535.0846870050711,1534.9064583144461,1349.2136500839356,1561.5361374401919,1557.4012999575184,1581.6893688593186,1588.8652395781382,1597.0444228302272,1611.4726166890428,1617.9235270285026,1417.5915841326891,1634.256807904182,1640.4229922826805,1505.7112226104562,1497.7578422068593,1671.2530585622362,1375.2290534951096,1692.516745080553,1701.2916531072967,1682.9314878688717,1622.1788965761657,1629.5655461675492,1701.7456542080533,1431.7787394810166,1148.875739272098,1701.0513425399702,1769.8033595131874,1778.1499024208233,1789.2693615834935,1757.5136499248913,1807.9512215866514,1814.5939243404766,1821.811386002725,1833.3357821989223,1831.0716291690119,1849.685503258143,1600.9023040129116,1867.6481883362728,1801.5917155704503,1324.8679889000987,1741.9506606827888,1902.4676628925984,1900.1603414401006,1920.5281372116556,1019.943056551292,1930.1010041467678,1951.6458067645788,1546.4005729015296,1786.1332580134804,1654.9031570126358,1989.254553070924,1884.3497600877836,1645.9094165299473,2015.6764566494378,2009.5188188061352,2032.1881056307504,2043.0051069965436,2048.5416507536793,2064.9369886558975,2060.7786486587665,2080.907307504268,2094.330040349376,2100.9904833843975,2111.3785008515006,2119.45488779011,2125.3990269962615,2133.206374901719,2141.970230950799,1953.420216394622,1537.8450382771478,2125.222585375285,2182.478529591169,1800.0518683261585,2202.3047033175108,2197.776916281112,1780.2588783833216,2200.407238029623,2142.9074558786833,2242.909642152495,2251.852778706787,2263.1059144473243,2272.084308707367,1852.2842903106712,2285.0185447323042,2298.9278982061733,2309.32966614836,2316.692137048849,2324.736637111932,2334.9957951582237,2300.1889298818096,2356.9757110388086,2363.975605739079,2374.148544138915,2382.029788429678,1154.9513288727524,2332.9781494838476,2405.860738473999,2391.1794662905654,2425.839957196359,1550.0373116159956,2439.789911562237,2232.1754329121713,2138.7348339137047,2457.6028528846077,2468.3386049380288,2486.2192463231295,2495.699629012701,2464.366760464605,2521.6738302736953,2530.3310737134375,2509.844586059819,2548.0983762444102,2556.3925627484173,2566.8804860181276,2569.4342605163015,2580.268544816592,2450.3030999382777,1613.762014811352,2572.6742435139736,2623.04682982554,2636.6898712664015,1507.7018630713435,2658.0122243740866,2547.8558027177437,2328.788493092948,2681.143872130413,2692.8864784238795,2703.470535119753,2421.2774019921453,2706.982315863953,2733.806994134933,2743.7485563470127,2757.164651214289,2445.3289052659457,2779.9521148004064,2786.149457657672,2801.096738346616,2805.173443141901,2815.651397305976,2829.240561299643,2834.7538238942057,2852.4823271513715,2859.9525398178544,2866.294641767396,2879.4281597004206,2888.7137971759466,2851.5939421615376,2892.1525489712785,2921.3635802635595,2923.5543931079887,2936.0477496360695,2949.4221209430366,2919.0579691750304,2970.8499422779137,2972.616241301955,2990.085756522649,2920.24835872155,2747.3449069780063,3025.3132465145945,3036.2977724073817,3042.4347743767394,3059.0927740039415,3050.1501502595615,3071.8149018580466,3081.3123697775454,2781.8898196484743,2716.2765388309085,3111.2760196939907,3122.443582982341,3106.979559659004,3137.791340644541,3143.5885985810582,3157.657304133708,3164.2837766734756,3176.3771238732957,3189.652254997299,2727.595844650658,2765.9375295172786,3164.0098150795416,2778.77535095278,2942.098831539309,2999.575871186273,3094.1843310278173,3268.4709357079423,3279.218152930219,3289.6471100396407,3300.764651417186,3314.413976167085,3323.3531828743203,3338.6596103323395,3349.152929379344,3359.0034340087936,3265.407613568187,3380.86328012024,3090.3598425806194,3226.2172909302194,3413.839965100031,3430.260182378587,3440.5238425376447,3161.243030975117,3461.0002023985126,1903.4350672206665,3462.377456581586,3481.1182830049065,2927.34573409324,3078.8975505824797,3492.354450968686,3532.558636893972,3544.568430680563,2954.2396456443303,3567.184103214227,3576.8393849289714,3592.968910256161,2732.4600987650015,3462.3105460187894,3627.5604256058455,3129.7226446001227,2501.4817325335953,3659.866907215304,3676.303869966722,2827.6252295943723,3275.6875883085286,3703.834911219951,3697.3747978082356,3722.7856816184153,3341.3401262646153,3346.680579549555,3717.3381235252564,3743.6445471241022,3522.484281395347,3748.7954249784616,3569.813428448898,3528.8448632082436,3808.7890609117426,3762.7455705740394,3829.5107180987234,3842.1161421279303,3850.9535921152037,3864.7851040515707,3874.982012239804,3059.9384700395835,3894.2114014347485,3663.9184461371333,3916.732648468097,3926.620927317122,3944.3968467882155,3533.945113309296,3453.0926714473276,3980.158094212804,3983.2797482178066,3998.0596854586734,3901.116042170297,3989.042768660658,4021.4877282086004,4035.195734760924,3699.3291495920057,4029.6307540050616,4066.35641226793,4068.4296730162173,3727.5601387263555,3596.9317562688084,4004.6278685492125,4128.479019400176,3333.447375872165,4145.379096907005,4149.697215849494,4026.300963718871,4177.275606902608,4191.33667782273,4200.7271171943285,4216.707207771534,3429.367920842078,4236.764913762824,4251.306451659732,4265.4213443599965,4268.759470184707,4284.3195590644345,4297.053655319491,3303.2662116457677,4324.869972997052,3531.84140923512,4183.100638612074,3712.382495054059,4340.622083387996,4371.3252067632975,4382.945196278297,4394.922511743827,4401.2381519441915,4162.641747408963,4417.6544653910205,4428.067744028346,4414.34461946719,4453.886333448292,4464.63482848922,4372.601439103484,4483.8313843066,4494.483852332919,4505.918454764772,4514.759534826762,4308.818960310081,4220.551038415322,4555.312588759882,4567.798334929929,4579.917894024959,4586.068500642708,4598.05147198491,4609.63353009202,4619.515813137905,4629.121633192971,4376.277805026062,4215.421328023903,4592.587450452169,4663.705316808024,3691.7687602004153,4684.355828833477,4621.892619127311,4715.871825718295,4725.3039935615,4739.08652835625,4749.226144640329,4726.866839644259,4648.653789104585,4781.641456991838,4359.966766048613,4800.947905088772,4819.933067798999,4341.746242549749,4843.689637104651,4857.833706751963,4411.365092769758,4881.499990938499,4882.427693132799,4896.380276896145,4920.396549452245,4714.177304399001,4937.202897946958,4854.169345926964,4963.501346566032,4974.267930497369,4825.0496098356825,4321.182485256387,4326.103106138126,3367.5174012580746,4254.408366125029,2923.1485584133684,4640.420761893536,5052.2062124489585,5059.995801301795,5066.495088136683,4845.173097419449,4999.779323854267,4998.11654247396,5115.102287811232,5083.493699322529,5140.526569075767,5104.67409894489,5159.397266769856,5169.1447040781495,5187.027657999407,3854.1380697812465,5204.313562745225,5208.156228197418,4508.921945884847,4115.467431888414,5248.12453583955,5265.840568338427,4221.526286868303,4440.9304786292905,5296.934447912453,5307.455532753739,5310.468731940308,4895.993563758649,4638.955411630449,5145.163590331641,5357.906000027823,5378.021707451657,5393.029995934126,5367.024197780641,4758.505781279506,5096.157427046524,5342.260992157272,5445.48394414552,3927.765473631725,4737.82806929164,5474.163237841291,4927.315927667869,5489.293658202155,5504.80107944993,5307.944592332969,5527.115925762991,5537.261083580849,5388.279245219789,5554.921461570849,5571.115122202219,5584.5708537663795,5595.989935175701,5602.79359791125,5608.936085526385,3680.021671911159,5643.494673209225,5650.956446936026,4008.6457847707825,5604.049652812189,5680.481908969633,5591.414628289347,5520.709673396641,5151.5032756245755,5714.346820852964,5726.5619398768895,5724.297361158795,5231.561143795963,5752.257054572882,4865.36058580385,5674.298975865836,5749.11492429133,5224.725837692289,5805.917333293916,5816.750191633567,5832.517253424283,5793.778566085448,5639.239724339741,5866.2431789294005,5848.829354893801,5886.052489881335,5902.117309783278,5870.28231098663,5923.574531961557,5931.414640162627,5946.588017910237,5954.0478649914785,5542.965698400354,5606.12613863652,5368.070618334314,5923.830027166918,6006.8183689200405,5964.485716391933,6036.417482009235,6027.756629083467,6052.699583624152,6064.497300050109,5632.1948549989775,6096.8335502119,6104.131144112859,4890.496509723091,6135.58859865764,6144.656600060165,6155.284097289412,5381.192823593587,6176.377756986103,5600.172421190769,6126.427940770216,6219.886639770747,5118.465325534431,5436.286014702395,6251.847748741502,6145.8350950017275,6246.78805870157,6166.076211266664,6290.211798931075,6289.067134346642,5655.921677800974,4956.525177571014,6272.217091145838,6313.246717142224,6215.505719233627,6358.467462638879,6314.386745071641,6383.002436787948,5734.433973488933,6404.311428677296,6014.513614141475,6414.714762848565,6409.599936327036,6379.931952496132,6462.287517518239,6478.804125880696,5859.804255936818,5825.311391489055,6496.856557677786,5514.946588691559,6529.467208569819,5629.597614634304,5668.264099782504,5679.212726009392,6063.024111680055,6462.481877396468,6475.69990746841,6603.017842391521,4020.961719149143,6586.690813561459,6608.7922188769935,6644.020080552816,6657.424741696325,6612.841965728448,5808.427233445601,6692.301992540418,6209.456828828594,6722.586928080748,6742.522528140134,6750.9321781431945,5644.651007720959,6766.673186297466,6068.789572439638,6586.8603043286,6786.917361827906,6725.097052505573,6815.719302716553,6438.452014354507,6838.58884354788,6854.488708192,6140.982968751722,6879.300564484936,6830.246269310669,6903.884010194705,6910.943672906129,6165.970183085084,6611.833159120132,6950.528412912856,6840.962584481924,6981.897344971453,6993.048013353802,7003.203963975082,7015.413760041084,7026.337128834208,7041.221092732306,7048.919211581038,7061.820657530298,7069.552871909954,6227.560904997574,6359.249919240818,6748.530459117636,7126.945621518826,7134.635391861373,7142.615757134219,6915.5740158283725,7167.499879418083,5276.830719597739,7176.271938122725,6788.840559995256,6331.050418841036,6130.066690500422,7216.989570158955,7229.958517251201,7245.237021336746,7253.173814317191,7265.670446782573,7243.109164065723,7227.27466695834,7292.898050920892,7240.956620684559,7292.086468355578,7311.661972429722,7320.5837295819,7316.78034183503,4954.606224254716,7359.590013219663,5989.577178507149,7380.143689796473,7398.4132581781205,7414.303610632983,7361.0992613228345,7149.794422726544,7447.035579848302,7458.918371024344,7472.533496035373,7468.259566873052,7502.538210342166,6826.527552554889,7525.991797604992,7525.293802946093,6965.417566197742,7463.548835418395,7559.374329593434,7102.927962381962,7399.9408246476005,7428.9927884364715,7610.7240158397935,7627.050452722621,6012.708623157157,7519.707159912083,7598.802116560332,7568.190571414351,7666.080685225201,7682.973846517875,7591.018723262953,6646.920001982899,6572.695308497873,7028.336769742631,7435.478477340351,5772.152077051571,6611.1612881452065,7762.558297870849,7773.267150664764,7778.833973641252,7791.649107063864,7707.891889694641,7258.326287070423,7764.742960862605,7780.89980713945,6569.35799797257,6789.460739480296,7245.350605692144,7841.151815162077,7821.083630411383,7860.650396430966,7847.99127002473,7883.141217286646,7872.8266083854305,7877.329255389606,7920.8525650797965,7772.896408448559,7950.98014896149,7962.129756504444,7961.523893924336,7819.572339441752,7974.548544526642,7996.080458106177,8006.92762011999,8017.857199755842,8019.544317852365,6379.796360029871,6883.038388847383,7084.225108734522,7303.46061425446,8039.955461874049,8090.494127713633,8101.7958721356135,7838.266443271251,8103.288039123082,7646.788314331082,8159.117314107955,8180.636823356132,8186.9792355588015,8195.14130760118,8210.27566666816,8208.0772456228,8224.898981000963,8238.11566551614,8251.43639957976,8255.886550159337,7926.905553679975,8284.819679428421,8302.077245158012,7968.872537572407,8322.024950057768,8294.96879703975,8341.262693471592,8352.110483648921,8312.369188908548,8323.445074566876,8022.011960007418,8027.890391927841,7581.990940733211,7776.44950283553,8415.38609183542,7669.934767970493,7614.411253556337,7459.577815952266,7048.246909967253,6840.5492189642455,8474.775294990344,7956.803587975576,8499.65410047959,8506.369403617931,8520.612367514677,8535.812234275758,6729.927216062283,8354.51716347598,8282.968991178428,8537.177038685637,8600.070932604503,8029.407111642776,7945.534166116266,8624.083165781973,7293.698471746659,8128.173850160141,5678.836514856131,8658.954362000462,8552.040662902182,8686.321686063213,8690.36932612481,8705.63658828296,8092.329528340704,8726.28032525009,8592.749978561727,8753.751034906754,8746.188942652769,8775.370677714905,6931.913004057937,7749.4844528754675,8212.805545196468,8816.691969051182,8688.525451713727,6339.691316410241,8777.404135912338,7577.852987434176,7806.302580976633,8882.235406173362,8880.619052586919,6772.89881873302,8900.437974768842,7238.837043610098,8915.588583924455,8929.366603761298,8940.111260443087,8954.36555183874,8966.216881005856,8986.618591507166,9000.796944399244,9001.316303350726,9014.7292401738,8931.972249020435,8962.850936425775,9058.279727095602,9063.460099376576,9081.154254892526,9091.13589757169,9106.561738014843,9124.985430378043,9134.016682598514,8417.343459292571,8400.036859056147,9163.57355428905,9107.092659029287,8371.516729691104,9196.290406810189,8034.985398755425,9211.086926683802,8814.63174467005,9185.08604955675,9239.958469571706,9255.342066739848,9265.00518657514,9282.09764282709,8579.750696694424,8572.665457070922,8368.462790114856,9322.866502495459,9314.987043964491,9347.480887081696,9355.577640258687,9368.467041050677,9362.820539175143,9394.828570612053,9406.409166922936,9409.353546145954,8854.835095715453,9408.425382139481,9459.23785266023,9465.410757801625,9477.629667022555,9481.890471535966,7652.9148617407745,8380.551541988987,9508.394829468849,9520.157081405761,9503.452246105096,9452.791395453776,8994.01917853667,9572.099745228026,7647.440832429074,9598.470493574772,9611.314211785026,9622.145427706917,9632.322049603508,9642.231717331044,9657.569448604654,9663.943020093911,8824.15224018404,8722.054419186195,9700.220793572578,9155.221603467298,9729.167799127174,9673.528190497245,9375.993169862404,9763.798408129864,9773.196082999017,9782.937633998834,9794.846504815412,9652.046399591254,9768.792975120161,9691.085967555764,9810.152003466561,9415.125213710304,9868.075374468923,9757.714673493081,9888.682611965864,9899.335467677494,8259.961028973534,9364.219744987437,9943.269359491822,9173.354677364352,9616.013040084039,9627.128196361504,9990.946173659522,10007.380404560536,10013.947908152622,8509.633174973953,9979.342631795269,10039.570026776013,9164.062157366418,8890.822086521326,7360.975540513441,8558.451109701822,8668.843808103562,8592.515341979679,8855.799940162984,8521.466050477306,8166.118930816652,10121.911342317533,8402.16006666287,10040.354192537023,10156.080854928116,10066.082115406462,10105.05955892228,10163.329484745582,10187.090408480586,8983.895748436618,10203.919095969834,10210.682233627866,10224.831364465896,10237.090944073949,10251.251462404758,10001.953128590916,10284.220299760447,10299.449179472356,10303.217992501905,10310.529513429314,9663.352173860318,10204.226295297285,8870.36194795048,10274.195613856578,9751.774451806976,9183.795187104934,10358.21246497095,10274.899541463408,10131.066918644794,10385.729245997636,9857.91723075662,10317.763513768421,10433.839775711102,10039.020058029118,9426.427622369,10063.821119183562,10238.368138530364,10486.573852511598,10465.009620105742,10525.278453218,8358.81548712201,10564.075176632306,10569.2350457906,9391.778328844604,9342.802810368285,9594.990541241572,10603.264830862077,9719.546434840588,8052.915823546192,10241.072911628326,9272.34365247657,10414.09693819518,10630.129507250977,10648.174543877432,10664.145696655583,10670.613354598912,10483.107156157366,10636.48187293963,10279.470555941569,10293.3827624207,10736.730613897442,10168.3648964235,10410.604931734684,10696.599441837237,8394.764153639106,10788.4132390985,10806.631392552588,10704.51343229654,10810.00623824317,10816.843060697454,9275.923741987495,10872.170345087143,10781.72258058358,9676.121923446544,9210.411770715134,10925.098419673088,10937.415646648558,10945.106217915274,10964.21011473095,9924.884501055112,10978.310077706976,10984.054488399328,10994.775721763248,11009.19903004567,10679.926898351712,11028.236021788818,11042.0116666903,11052.688225110096,11071.666670214847,11074.044991427843,8875.449671390737,11098.578121933115,11115.936348471494,11129.2940773907,11139.583106894073,11149.150824842583,9818.775046753242,11179.534821355237,11190.098993124247,11213.601009569773,11214.961472108063,11075.852713982467,11105.931603638668,9788.009082250703,10359.850571673163,11160.233950558646,11254.041913952931,10825.570361827906,11266.81550421407,11164.935241228111,11305.226121319944,9756.445408289124,11303.202421881835,9763.14288847113,10957.911575252565,10992.739794062178,11298.791192833047,11252.81754100113,11380.684569810943,11030.393255952273,11096.043595227979,10400.7958269859,10272.557826020182,9099.121047335128,10339.326286513191,11440.044668529334,11168.515956859223,11452.37330182026,11497.328083111546,11363.342529917038,11519.29233572323,10819.711255449398,10427.23477502502,11400.303103125372,10093.537276025745,9132.392241568534,11224.640568742612,11427.146773207593,11568.81655791345,10890.058154353756,11595.35262050838,10709.121897951474,10857.852508896389,11624.700934400818,11635.527176563768,11501.2548896405,11665.079695211762,9671.954101908348,11678.266813177544,11695.894324561968,11703.457067227482,11718.523539308573,11730.288518349666,11742.635425507602,11337.044294701127,11582.459209195575,11763.874480494747,10575.513148363703,10255.242722320334,10860.88713249119,11823.751700627161,11757.28771858347,11131.86769193454,11853.599107539072,11848.43436220456,11875.76259056248,11885.510656645896,11842.843958667421,11904.616421870158,11857.699976229153,11896.691064194285,11941.771688748555,11467.33105720032,11976.55852754781,11979.119459232254,11983.978075521722,11961.960140424912,12033.620662302921,12046.300692331986,11994.88608320069,11804.52152280114,11077.578191476468,12084.107977938394,12103.675133015211,11054.518293201203,12131.89816877637,12132.666825271745,12001.520199190265,11205.85927215944,11878.891305285726,12175.216442210358,12188.474123448595,12195.014731692487,11662.135507641424,12218.73675207142,11335.65290023595,12236.848726600678,12248.096481038066,12256.084771978418,12268.902832968923,12281.553347094334,12291.210548063344,10683.013407316164,12300.22197862542,12326.385788978783,12349.197275731936,12359.189349552806,12371.166612980418,9929.918607659522,12392.92878845987,12403.060186700402,11910.279063810827,11944.744523001988,12427.588816139969,12463.91555632983,12326.33002997856,12490.76087416078,12493.301361366613,12426.783868746345,12311.370615202422,12513.084916453545,11105.496047428222,12477.358784712813,12556.757717067048,11808.044707882118,12465.576382355322,12586.013857426597,9202.395830679476,11216.04098966151,12613.335641118358,12619.23262162745,11950.670700572215,12644.860926735648,12646.214260772947,12671.66678714528,12670.650173173839,12683.561959119292,12692.88190910582,12335.719551307504,12112.7472564614,12214.266355470587,12745.386158972884,10944.027056021223,12762.767702002564,12775.775245375566,12792.51196467937,11384.958161498957,12818.353996302441,10823.862291473326,12775.802390838622,12704.30266654068,12844.933289598626,11806.57648279868,12790.04064732766,12883.011795932203,12899.911169414636,12902.835713728848,12425.17544302697,12921.294373349714,12918.883550208786,12579.471372834472,12887.610964526677,12921.536803690886,12579.489117214756,12955.511161907363,12972.819886431855,12964.121673504615,10092.22964034096,12951.82167948231,12924.147418991963,12971.944989560661,12232.103795302377,12981.178468866843,12958.604048490808,13011.575179774924,11362.405684117035,13033.962291496417,13042.143403829012,13048.598878889588,13059.486513240548,12156.94274973472,11660.814389339956,13105.028498584534,13103.398377331265,12647.890564499417,13137.536896364809,12667.097855050011,12685.458152025596,8783.472180949202,12391.662024299008,12088.188456947819,12321.443004849016,13200.56118081039,13216.927948472035,13219.254362837644,13224.054460144134,13237.80097934804,13149.577724195888,12526.545116882979,12321.870173877074,13207.346655677286,11323.869070707535,12011.98406172675,13299.534425654125,13309.750869993177,13332.59437305062,13338.766527917376,13348.41377982534,13363.177833771315,13373.640395234848,13385.897690881258,13398.302648260993,12613.579280145846,11289.964996533907,13432.931565230518,11944.106429401116,13458.47040826626,13473.716042774859,13367.615128985086,13490.408646309963,12117.556452819763,13506.15972170368,13511.423894484124,13364.116125826393,12175.764888796688,13546.363367394311,13550.67899616617,13524.338926070777,13572.670554720526,13583.124566851857,13592.59700777577,13613.354366858146,13630.670278815449,13640.326540543401,13214.910186013043,13660.445807611752,13660.558129989837,13687.264143225837,13706.148304252485,13275.209433215301,13170.958547475771,13214.871884760654,13763.35090358641,13769.172009125437,13784.818478216166,13804.650852759682,13808.319292445643,13812.081224744295,13742.249008465886,13835.706277703244,11314.015077213024,13864.534949932273,13031.084721952993,13880.581530974932,13885.182660533039,13897.110645854178,13906.710430619636,13884.916140827885,13787.368879213762,13951.198965095622,13960.463904837956,13972.057140499775,12860.657327480287,13992.690178209828,13999.04464780764,12556.742038407952,13512.947029855719,14037.596887486236,14048.931873070947,14056.861903139865,11714.198459585263,14061.72807953414,13481.53161313138,14088.265454521268,14092.929431745464,14102.49919677125,13581.091978347418,13590.311359290625,14129.57356642457,14137.906067502969,10669.739075321975,13877.154314714071,14161.312935080996,14184.763980601625,14194.972972722064,14206.815657113693,14210.51500909422,13182.29114263236,14220.387440036107,12741.743054592482,14122.229817192325,14266.09364092045,14283.565964962614,14295.732293746989,13271.409413274556,14280.50534428722,14332.776038242004,14344.8045688625,14355.820141811975,14365.229041906881,14375.160190502349,14375.926030928955,14394.655131423939,14410.145315711523,14411.159495891712,14425.138399238162,14084.203478056765,14450.446913428234,14373.207108244878,14454.400536059364,14486.355311344343,14498.690238609783,12575.340425939132,14520.96027293078,14365.678935444921,14379.362999279352,14553.571111998515,14560.87905697729,14572.37613961346,14580.618906168444,14491.831954824576,14100.879794055627,14606.920037044376,14617.541494402345,14631.674995674826,14647.496310073113,14653.061405811563,14669.559124178431,14679.611751596243,14694.582972043198,14707.93368908112,14710.129848179638,14704.830804067711,14743.705536812671,14081.428108680348,14748.617332280312,14766.01479348786,14776.206384526638,14670.243146238643,14741.034179163764,14811.094815570104,13314.081566849838,14617.770832222895,14841.27663689418,14853.79176192287,14729.873324509854,14485.82284753901,12072.459311828357,14737.194946806309,14848.208583256051,14867.746964504044,12243.550465703283,13709.224653000907,14859.289276026615,14599.338701304003,14957.602912332864,14968.656596684123,14314.477685781258,14988.939357390587,14174.283940955269,15013.332410121311,13527.4879078507,13630.366596856256,14950.204847944437,15043.787478348971,15056.682268631415,15069.605791973165,15077.488266416367,15041.806863410951,15094.250086487473,13931.835008242795,15102.628663973148,15105.344503886992,12929.245221861194,15132.06637852971,13496.369484717492,15159.246868168793,14270.026929133186,15185.049226563378,15207.550239618968,15183.791300098062,15234.659269512695,14790.538362575167,15250.980013403501,15255.69785133484,15269.79445945927,14796.111108718065,15283.913422373284,15132.579880790556,15308.691312021123,15322.689845447765,14184.43805253265,13399.743548890963,15231.586156344227,15349.291428427503,15298.636096020655,14385.284407481717,15327.306284377344,15362.942669967853,15401.467637261769,15411.0279740422,15253.745783765318,15436.407571824366,15197.558268330667,14539.609489176964,15459.017139749407,14866.74787626881,15483.896077190504,15458.256685374598,15499.371574275665,15161.470606283201,15522.601260026231,14858.900839441128,15540.255938758595,15194.396339010113,15575.085598337664,12497.722512021339,15597.373400884255,15598.867476910991,15606.938816410538,15629.227696018395,15630.94859290552,15645.271228959506,15635.247979509544,15668.457283031616,15689.522567436818,15702.025909601656,15717.207310569423,13283.125071688874,13486.948762854774,15752.595067930282,15770.522212032012,13821.472630760947,15625.279754606761,15795.799214813644,15814.110092432125,15779.225950837781,15831.085408826655,15841.9686737285,15856.40154905925,15861.910432178161,14821.908563884115,15582.629993745455,15909.097522852457,15898.069254461918,15916.257070759655,15953.273662393203,15960.627265246852,15973.719859493889,15098.23065873046,15042.412883805368,14980.503321908871,15119.483146108434,16010.63397722963,15467.481172596148,16038.868458079258,13129.024626521361,16056.402348490155,16061.709499321409,16076.228411395905,14479.5742233049,16102.277257216563,16120.057608559837,16125.024347431043,16135.406269145295,16151.201495922387,14588.186568470648,16078.539694945444,16097.655841737433,11459.427444276183,16187.854668312657,15025.956047837637,16208.874394236487,16182.56437116821,16237.772481823666,16243.711281394777,16245.17857445112,16259.959532499073,16253.215747137008,16263.260207634297,15515.360749928053,16260.46371555949,16308.8890085443,16321.482721718787,16339.21163494615,16354.477359157714,16368.017825662424,16339.016902684874,15799.293117536674,16401.3325992639,16376.42402488723,16380.165584100398,16416.57704675037,16429.415518731148,16442.597037689986,16447.265983892743,16405.770523759875,16446.69202994781,14120.058157840194,15171.16983396853,16078.747072773102,16506.13630428553,15667.493624474839,14719.980735962763,16491.380088655027,16421.603142038373,16548.083122883792,16415.930240025344,16561.259784375008,15667.269278093267,15148.880734326693,16589.55719056957,15502.598329776496,16246.953231919511,14925.200586486106,16636.967002656856,16643.87769855577,15526.056295978942,16662.022050836513,16676.78682973693,16682.464955168813,15821.438900672194,16703.874985454102,16703.362242039115,16691.60314821607,16732.592508991314,16604.597664947534,16743.55789089023,15903.890915073249,16778.783389318418,16777.849865994,16782.683927008726,16786.063526138423,16792.87419579992,16587.45114367209,16815.4912674632,16823.89937980223,16235.297518219711,16847.323526499375,16570.075626457357,16874.211481171602,16888.110856693107,16896.44393683722,16709.310972407002,16900.195100629335,14951.551135510359,16613.393608055543,16854.617880455047,16941.867829860734,16954.678623218388,16959.33313096421,16973.29514975956,16907.0429117088,17003.29292084732,17018.87844094209,17036.442801584824,16016.184533023998,17069.227158893842,17079.217262394952,17092.834344617804,16970.27801598336,17125.90136403454,17145.702434301234,17157.739564958494,15965.587515756019,17166.008291579074,17182.150836125744,16564.054712670535,17213.43820242857,14871.22949140183,17235.005134622712,17249.493253527628,17255.91148265114,17259.967749603813,17260.993761224887,17263.380183116067,17279.518889934916,17195.822401686008,17304.658369646346,17086.585322607854,17298.137499676322,17324.550469360565,17353.74905001678,17360.66653295727,15777.382196459406,17377.92148684993,16046.92507984936,17379.45157179059,17379.123639922167,17381.563314736897,17391.961746497276,14978.849853903224,17310.131472442692,17410.14575781104,16330.227206463478,17430.17378121764,17442.141544233564,17435.61787470145,17471.908173932214,17204.887842955726,17507.497209024026,17514.550901661656,16917.863288725977,17522.13533657976,17528.711311106974,17548.432528502603,16747.480589877934,16227.521215510646,17595.05267676189,17603.245565695175,17618.335882242933,17628.476724307224,16580.684584955598,17648.66125135992,17657.69970270541,17670.96863315657,17689.039209213115,17700.613276418662,16956.169491858465,17720.224822378736,17726.327420479814,17725.10714625481,17696.65272512601,17744.83366610241,17758.392547914176,17766.858987911604,15385.88410712683,17782.7980979859,17803.43421364405,17815.66481163206,17834.46762914445,17838.31076498281,16689.245634013354,17870.23337378721,17889.450822664752,17257.577486852442,17919.23153008992,17921.043118673468,17931.42906755219,17870.44876656747,17956.26573013416,17964.72465279349,17970.90491237665,16021.58076214422,17942.907964460097,18011.362113475512,18013.962374814637,18028.761698070295,18038.396589349733,18061.31711649158,18068.73383134152,17984.193909788894,17567.061418366426,16935.093294108996,18059.644278150594,18021.8280929907,18047.662991709833,16984.356023254582,17576.363222573025,17418.7752303454,17798.83920507756,17360.85568349204,18182.149400410093,18096.69716040662,18163.300736450958,18213.725889134483,17889.639652128666,18236.382382602063,18255.342669047615,18189.112164121743,16545.049952767444,18293.839633849173,18243.227040644055,16274.698690671994,18285.24014066912,18328.238834979944,18348.889139381048,18364.657006694517,18339.714063895502,16888.025549930702,18399.936080163792,18414.201531718405,18432.742984631845,18402.012788652337,14957.740808198167,18338.987626952316,18459.159076407388,18354.39056350266,18465.40051986479,18474.5067447605,15472.692048783461,14384.604271456048,17969.377992617465,18467.43002231366,18509.639862048665,18521.192721741958,17907.61480752375,18536.015333752373,18240.110728330783,17369.08383781516,18216.59076197919,16258.063363630603,17006.586503762468,17268.44251669101,17567.02451878133,18468.934125139243,17368.672446330955,18619.22154977316,18616.42876084419,18642.050553406403,18663.38648961976,18680.248278979816,18683.76943947257,18594.110211802075,18723.77388842129,16785.97989396355,16483.107495295186,18634.133107908572,18740.15377995348,18774.645130625322,18781.389174059885,18288.087555066977,17262.916682325435,18816.650303611415,18840.099821355172,18861.73835913614,18867.664868428565,18887.493898048746,18893.1994934153,18856.49323478443,18927.77616352655,18934.19257506871,18909.590621037907,18956.422062598947,18953.005426849275,18965.0552639238,15064.598620026423,18975.49221413101,18984.434337451436,18993.078707522935,19003.7082779824,18632.80053431801,18966.030487801974,19028.668048581647,19043.23658279328,19058.597254937136,18939.143844662125,15885.499766948411,19086.199229393256,19100.93205492736,19116.06383129706,19129.566117546892,17967.600022753755,18426.62388244433,19166.64242565959,19169.282664424412,19187.96354974869,19202.764814999882,19219.256084194625,19234.01802821771,19252.939989039347,19260.219430186917,19279.321014181474,19285.16552630502,17200.550549632313,19315.676124594782,19326.356972859125,19338.718677378714,19352.897155867788,19364.99426799108,17548.83992692267,19368.139101349236,19209.80780414755,19352.129600081174,19428.93197854271,19438.04711432477,19275.139917598797,18580.699397822606,19442.918015511616,18755.322482597414,18624.36826521317,19483.275845901997,15643.305821902875,14773.369591244867,19505.482492446637,19521.481766001634,19538.7919990956,19474.166664232638,17232.70849219014,16954.032162362622,17343.365492069075,19403.34957305208,19580.0401368739,19572.62511429439,19577.966010648484,19552.87102396038,19373.153175562093,19614.012885554977,19624.18928924365,19496.864256902205,19647.61537090966,19211.581241571766,19682.862970478203,19698.743094644702,19700.347827292975,19424.047336265838,18132.716976720687,19189.66099632335,19747.29760872561,19764.70034679222,16891.14963459394,19749.5480526232,19794.936071011267,19803.620802427773,19810.839653958163,19664.188496832,19813.89967335572,19720.245713051147,19861.6729627636,18657.787669027155,19896.512261607175,19906.51112115834,19771.797971948527,19902.667974210133,19947.04163656237,19941.971839910697,19621.489842407995,19919.510854859094,19946.780668098516,19745.62511302766,20005.81745934358,20011.62385918936,19978.53670704099,20033.89865325318,20030.350910112924,19273.712299807645,20074.38153284962,20060.27350657059,20057.66389378251,20100.362344473073,20049.049594468976,18997.473247214715,20060.102890744467,19078.822467824324,20160.645125938398,20163.548044441628,20163.829486823986,20177.226114087083,19682.24229035167,18753.092659345388,20187.356361508002,19521.64121594013,20210.05309901885,20218.360073309184,20226.488843773164,20224.848758984805,19876.80679583341,20174.906960586144,20221.683587235402,20169.936851746563,19857.288944685377,20273.65465424368,20304.757657878523,20198.73373763182,20313.855679996832,20324.085601897335,20334.004276227955,20343.992005632066,20270.620793123602,20336.252623266166,20372.887287827343,20376.54750247771,20379.144047333943,18403.05998125712,20410.697473846503,20421.700166125607,20430.502544122493,19898.241469849847,19125.979305260425,20467.984783937958,20467.20998898863,20491.664308661137,19685.327272641225,20511.52720735283,20477.211879449187,20332.110006477153,20534.4995035528,19251.51003162467,20561.880212711567,19594.433767871822,17532.62220862536,20585.249707036433,20585.98607560479,20598.078776768543,20414.86990603725,20615.762709233346,20629.469655259803,20329.16089496533,19044.22556186064,20664.82712470605,19591.58166874615,20665.04143123331,20681.29656633391,20692.92815934028,20714.209065313575,19417.929700288812,20603.032674822494,20739.496875925142,20759.32843990975,17346.97893240861,20789.946619293994,20800.690180359663,20649.333657332678,20809.658815829265,20817.417285539035,19601.06993390027,20833.86561748043,20852.7570736642,20776.984157507628,20868.8224746687,18908.913789691345,20840.36262546236,20902.87043431706,20917.73563493139,20278.646546627766,20919.257162136713,20738.814677396313,20936.739988702888,20947.605381254754,20959.090501416293,20972.01227548493,20979.193438731716,20989.20391190043,20986.578877113185,17124.86169392656,21001.732542553294,21011.356116795956,19212.857960757403,21024.198269766166,21014.080232662516,21039.319109103784,17820.420357553372,21055.520716369563,21064.31215474958,21070.7235411654,19812.984444684596,21083.129066865855,21098.48279256938,19450.693408696025,21136.791354257148,21151.204327803945,21164.16367985844,21182.136402521395,21184.799201449197,18565.034798344976,18121.935404457476,21167.292894387698,21207.163801140254,21003.645440986365,21216.70762222419,21080.616395326095,20614.535421361124,21229.350034606694,21237.743842273787,17339.689449851492,21259.522164901566,20627.351710530547,21238.67561209634,20612.930942421182,21017.04388321772,21050.271493452212,21243.81043944442,21083.574441435467,21102.42593349818,21040.246857725197,21299.395918866667,21317.29374153769,20776.615060134594,20803.87543692917,18007.280220649027,21359.167441024703,21367.553773787364,21367.10213250234,21230.89627632305,21399.785702195706,21419.293344810078,21085.491735535397,21446.520939321355,21456.08690301011,21459.765971354027,21467.831705803128,21481.59055554388,21486.35190837453,21506.52036226847,21515.193094774255,21536.263328280766,21556.48155703933,21565.602756997654,19059.358566818737,21555.565000568608,21575.89135781961,21587.54556475521,21562.346151909853,21601.298257650535,21615.528942292167,21618.4646068839,21623.18968999934,21296.010357394818,19289.186733827726,21664.920064586702,21540.32954131314,21691.6280629509,21700.398551221126,21706.95055503622,20904.75244682863,19458.211827830102,21743.24192414544,21744.39505330567,21760.216606419166,21732.636350412347,21766.882921479602,21686.478892657215,21716.60454161877,21802.564446705437,20985.726266201644,21343.946522997874,21658.724426604662,20088.209940820223,21841.739624205453,21843.371935472085,21239.92388285808,21870.87839559737,21877.068073170634,21378.29747199137,21895.67135710089,21914.71663758542,21876.203767139436,20586.27103796296,21955.119258613926,19883.985805039923,21985.249638649773,22006.252558248274,21810.164731546567,22028.52389476062,22043.844287789907,22054.907196958564,22021.253549804595,22065.801409003776,22073.788987549524,22007.41044367367,22104.19144080045,22115.9695003632,22117.554070800765,22131.336874812107,22118.694483978055,22145.45736379665,22156.72975428594,22171.943650154586,22181.471293876602,22186.480219398312,22197.90175967317,22207.228651671987,20906.39230365556,22225.548421096795,22235.90574679114,22249.55692395904,22247.160029951407,22261.646594188744,21963.02558417059,22290.591957576184,22289.14777971704,22303.97814692968,22306.783271458,22287.706640869095,20878.706529266896,21986.935995565193,22352.671686055946,22362.193129117546,22385.691174074465,22403.266617359965,21701.296016384782,22116.337349013116,22042.08978515191,22297.82037086722,22454.94834280122,22468.808020935357,22385.739825943772,22490.120299598948,22488.13284816832,21487.13239610505,22525.364924405978,21913.892160121744,20932.015342377665,22226.936103516342,22556.056378668047,22547.579829323808,22570.478377512565,22584.900823730426,22604.830112904183,22614.851966664453,22621.024408750538,22635.206591175076,22646.891107497235,22005.457553962704,21736.633349148466,22680.770397583037,22688.416360484553,22699.536205755845,22705.283966138617,22715.428985208055,22357.810580426485,22724.019729972744,22746.322567013947,22742.45848247614,20028.489409517613,19844.268166171027,20987.806213300053,22721.827233252578,22776.067630791287,22792.576663994285,22560.112498835093,22796.068532581656,22826.907187412595,22844.851523153513,22858.250854195634,22874.58130087818,22882.298311094393,20768.814611467693,22901.48183769593,19715.650818720547,21826.518772170035,21799.299268798255,22939.45200080468,22945.0248624956,20666.687624168888,22494.040786370904,22455.223409124203,22116.440653169866,22985.722003740797,22995.02386001713,23011.095005874013,23019.64351121649,23031.76654990836,23009.349319274632,23064.996303181466,23036.163931543793,23078.811626311533,23102.34679780748,20700.33454345306,22597.386850686653,23122.631285590036,23133.862435467225,23155.5442108828,23157.785383728675,23171.404502773406,22655.27101911799,22105.426702428933,20370.82059327877,21013.969597687144,23216.385021280086,23139.73506520658,22006.827569590267,22932.437127104098,23242.016023983255,22348.813879087866,23024.886919194872,22007.872706318252,23243.981364227693,23013.67680407162,23243.831997786405,23221.76215936308,23276.269286196097,22793.025310881872,22950.327283976967,23323.884799230687,23328.50900104394,23330.112281856796,23354.53104469077,22927.04314183652,22351.083230214823,23372.10050582042,23388.209995381865,23405.73928513115,23215.668842771025,23427.650977434856,23210.269463773893,23252.026814940204,23426.58494371613,21502.115627475443,23491.484918173122,22930.679370878108,23457.18823380681,23525.85660058153,23534.250492234816,23551.73723490895,23572.948325160414,21675.71942232799,23586.065490809444,23595.548477116306,23602.01814187253,23532.614286543005,19983.1036110576,23638.983455107536,23648.601942259145,23643.543672521,22808.995579288963,23629.482931258546,23563.049505679286,22255.437880978254,23690.717507829737,23707.024276287164,22583.695921433715,22606.371129031264,23131.236145108905,21855.942137041144,21582.557941219282,23588.973526234193,23797.995419464085,23810.309920343545,23806.17622538914,23772.29080248695,22325.50781614468,23864.695108573324,23880.425587850983,23885.085399794658,23129.196375179647,23906.21867459787,22199.74526782135,23924.58663991972,23943.701027556173,23945.51061642996,23962.514509470224,23496.65454239566,23984.63615033981,23992.84994261694,22888.115614998664,24021.385634184637,24028.373515851705,24021.723049074662,24008.765860082756,24028.646975400385,24056.20531894092,24065.280838221883,24073.808486811544,24077.24550399358,22874.011336319578,24108.320304477857,24103.791719873258,23848.591858487947,24110.826407046552,23838.862163141028,24058.02025591618,24133.380469660086,23901.88113462141,24151.402703527896,24154.97245176179,24046.925695786806,18925.78679965376,24184.2281040223,24182.371634750816,24193.76877460535,24206.862897684165,20929.83021864162,24229.26622499032,24252.69281089356,24262.146020878656,24269.439669229992,24283.52463953071,24285.016220764417,24291.638003007774,24317.624794257707,24324.105323353186,24328.40276829706,24335.517400620654,24331.253375195003,24130.455031580168,24358.116963236098,24359.423939408858,24371.47819839882,24370.856596679376,23954.282070609817,24384.787865531576,24064.874842205933,24407.729821164598,24424.641228489163,24442.552246150542,24452.413790356757,24465.217950573664,23830.799831724176,24485.53371161731,24501.718016931707,24500.364331403354,24493.24861818879,22407.416538725476,22622.199735085203,24534.813079916523,24537.464045930497,24539.30375554026,24482.34452711374,24562.29445066188,23625.301273079513,19058.42662917473,24602.469393711104,24608.251718076717,23065.212868771934,24634.400025838884,22485.69630069871,24658.97786008006,24673.54526838482,23542.164086125962,24673.13417766875,24697.4842562918,23653.45205864812,24723.7406304565,22989.570950534115,24315.58403080701,24322.860088986876,24757.770409258042,24753.08164709963,24604.68858353091,24749.172138073332,24752.42098770626,22965.23164179146,24757.834505066545,24152.056879255804,23339.677446023223,24520.017185686305,23511.861420966245,24327.799685734317,24792.24900192123,24796.42602824653,24818.354920806363,24830.71819893875,24116.382415634474,22451.38339786594,15638.296072307301,24833.651875409763,23781.102165309552,24857.02407388329,24316.316727882535,24334.184179303218,24897.10635652768,24205.07617071532,24923.833714214292,24929.716318134273,24945.326624656635,24021.55512461947,24960.629082404073,24965.490839299993,24974.963967523385,24978.801712763598,24990.00484290109,24974.44844248739,25014.256202592172,24179.610906972226,22796.26976815951,25057.950489162038,25015.01455287026,24956.10137976193,25086.986064083994,25105.062124569726,24732.419986446766,25098.788455944454,25125.87658061897,24931.414821919432,25113.819392811354,25171.44207849853,24226.127909009614,25201.454251040952,22447.528729828373,21734.710702914934,24242.136016744746,23904.69752587732,25242.562174429368,24349.60685001579,25112.948425686773,25237.75086718594,25086.950624774767,22031.140265451788,23443.274706148517,25256.081224971247,25260.386963513276,25253.53516300013,24613.26748572352,25255.737537618876,24097.540946203208,25265.02040581221,25269.11510109128,24943.777105387406,25284.108701700465,25137.00626164318,25295.918686622877,23887.43338210533,24388.679387777538,23938.229438031703,25331.99607658752,25338.10872623936,25346.742873081836,25207.55048644099,25354.17049444797,23266.612318228006,25314.46971996465,25299.032495810923,25396.8010428819,25410.9800578345,24631.901461517355,25415.028486966905,25380.774411838727,25151.95761592271,25467.147279611057,23165.743553427645,25425.263498707318,25490.115754608258,25452.143109737688,23610.556181619686,25425.43968449361,25517.137353260267,22408.41802201087,25531.644872689216,23886.096470224475,25550.014798104585,24603.13018935271,24232.84052327446,25570.370384439888,25224.386453396903,25587.76031480428,25561.85961683599,25619.66614410193,25630.737258422603,25594.140332853454,25631.988175163864,24822.585262830275,25662.9332702356,25667.47028193499,25672.7025833428,25664.275070341584,24216.69645535311,25704.507924273406,25710.668970592244,25730.098445045307,25735.049530223856,25752.27207226412,25762.02716483422,24157.035260141838,25773.841825976175,25784.083111785378,24647.96383724629,25295.128825161628,25817.755567923872,25820.818140878826,24516.06859211924,22887.00251220664,25862.804089828674,25883.931890074746,25896.76286213802,25881.559408576653,25921.598395437206,25926.1222832339,25915.557279110326,25920.80281006163,25952.575710679557,25963.524260258415,21567.670484494534,24935.695785001684,25361.781007796446,25983.905633935996,25999.34165980393,26020.761772284633,25501.73683320861,25672.785752556323,26051.884334546095,22263.61059653414,26063.175688010586,26077.21788787571,26072.850417974256,26036.666354706518,23707.174746228284,26112.9418937651,25755.2415743506,22115.24346187531,26131.26172826153,26136.129369839153,24978.097093540768,25966.21710931402,26177.90361320689,26160.43475870092,26183.047548942122,25250.29268698953,25796.744956815288,26193.33746417597,26193.155249072912,26200.149501684926,26210.961605373832,26158.598772875688,25108.839677968608,26247.330612043592,26246.727076143517,24832.190716652283,25161.354459951213,26260.293482979763,25901.90157446103,26284.78069452117,26304.479125958555,26300.98209514119,26329.300961367877,24503.64672791949,26356.254491941447,26228.73923810159,26374.665635907895,26385.951434519513,26365.71810119066,26408.481748774804,26414.86700576785,26430.062330505385,26435.38065227214,26439.17582285338,26441.551999314226,25490.602031716102,22752.57817568918,26455.485705438743,22322.370872791966,26476.542129418303,26485.088384483082,26484.25982652595,26495.991748856966,25858.990485938393,26514.339874426187,26526.403713291056,26546.470907269282,26556.709300005186,26545.9397402424,26553.19989710436,25183.500586105383,25433.889617037086,26451.922474386156,25773.788275472343,26549.247305427692,26590.975965903544,26584.387298339483,26198.707252239215,26478.943740815128,21210.799148523365,26469.12575296362,26636.57665720719,26653.783863794153,26636.102714181892,24332.3777181169,26693.615378077568,23461.71442353071,26238.54952315649,26700.881750629367,26697.089467164322,26704.11307037051,26674.704543032305,23886.17015695221,26056.506866537024,24014.757625867325,26746.629440145352,26761.96359013709,26779.824793019372,26793.23660846313,26805.97018628695,25281.66360758977,26841.859986823278,26846.94073702861,25019.96814312663,26807.725747864006,26875.399239881604,26879.3730019565,25602.51739123731,26909.364165579475,26937.828832204927,26946.06624181752,22190.318190382353,26948.19394246059,26960.825809810434,26811.44833120253,26973.196537660126,26984.124072183928,26998.0629285186,26998.12313227678,27015.13170600838,22620.787619362127,27030.971677740403,26953.782887629357,27046.773807532893,25945.71619940718,25309.34295547095,27048.968457949006,26980.94959922479,26799.80043207594,23509.16460349949,27042.39454605938,27060.72757529523,27064.430812271767,27078.196045774486,27088.01910759648,27103.70267348996,26055.030387463084,27094.654432674444,24517.519545602478,27127.66041727241,27094.173618869077,24064.51697842334,27047.886257948463,25233.485587690815,27154.82245458257,25188.574273418584,27183.262640524936,27198.902205684346,27219.50472306352,25146.183730781697,27234.132193016503,27192.052751855314,24189.417021972808,26954.72069833269,27266.721406333058,26718.789764138848,25741.407676465573,27253.67540172283,26316.117851416555,27154.390838009836,27320.072595109537,27329.86733810605,27349.77928611219,27356.386612775692,27375.926592451702,27382.805479020673,26649.178700593075,27410.495695302394,27251.958345533174,27420.926875346122,26592.381555071875,27443.08526592787,25340.680878456427,26555.545918218962,26380.776781536002,27459.05471604791,26159.090438602376,27098.76464510514,27460.508241405463,27416.99363250675,25912.739382006635,25390.772183592737,27406.724868408248,27222.43001616415,27410.845655771718,27381.01349836014,27473.82007869659,27515.966748180796,27514.574438303604,27532.80279504527,27547.244042220344,27555.384519329407,26528.039358097565,27574.30972858938,27575.009732645973,27532.0497708654,23241.566427706977,27180.110970742717,27603.152635483708,25417.104907793597,24162.206349972475,27624.984809013004,27636.06370771263,26495.074724332037,25786.224459871013,26647.425345920827,27672.724884245155,27692.93988331781,27700.057456976912,25367.075409184396,27726.21687731215,27657.328434866282,27723.24247368406,27742.311596570587,27749.081970481253,27081.221937862047,27782.42616993082,24309.887051008474,27793.308908080395,27796.485236346318,27802.27753553847,27797.523689185193,26581.483399860223,27822.60679973864,23761.644310130825,27832.36177808734,21701.54303166964,27004.846661438824,27752.73842499495,27850.55712997127,27862.224380025902,27876.428835002494,27888.675184852462,27896.287390335143,27348.521401676186,27913.856038473074,27850.989858544046,27370.159823267168,27947.823249446996,27969.320745718876,27982.442930778463,26603.61314602961,27691.330204241192,28015.195132282883,28020.26649804882,28024.408258744603,28011.104953495513,28034.154945875413,27515.021583170797,27249.43867478244,27778.40237329034,27310.97495828956,28047.19805204089,27693.141989630672,28071.45964517336,28067.44722300665,28065.409992661116,27110.808848839195,28098.40200731777,28099.10987136798,26920.61784539299,26822.667047302864,28134.96000636932,28142.66247066704,26961.023944045017,28164.549406679424,26435.364693423624,28197.133394897683,28202.996722727614,28208.105145083373,28225.78839717697,28233.335589947754,25176.36055020844,28253.95451467407,25970.85285644811,28259.348381203003,28262.697475486937,28270.345068491562,28271.410535969117,28292.106845723545,26081.997627569235,28122.53006526508,28020.96110734651,28315.57230846776,28159.883382408778,28037.139335582426,28309.202397822915,28312.566531250235,28195.883543428085,28360.709336485783,28386.131217444152,28407.861326459846,26113.99163633298,22829.099895945903,28430.954980129343,28320.647325289512,25283.011837165337,27137.843770334937,28469.07865898084,28476.08546753581,28484.887477120945,28500.898985925083,25625.426696752453,27999.69618010952,28530.551736723777,28527.38051907172,28552.41939268304,27158.14185710681,27222.165014238693,27019.592816124437,27872.3540493116,28591.781350947833,28597.83658307914,28604.8899015623,28488.730242886253,28620.771047003396,28630.14325371033,28651.51996885195,28629.788930359206,28681.05936710648,28683.939887627694,28698.289918469614,28713.432379597805,27933.08303222518,28718.197618324237,28707.783272269397,28727.401971197556,26389.56273860222,28727.6692942354,28740.909716346625,28688.06060823995,28709.22935417067,28668.02817195046,28755.02459447929,27796.74455661786,28769.239997035842,28741.355370744855,28788.17411406838,28797.14488492814,28808.52719201531,28818.56340795336,28821.387226760813,27479.878916508864,28854.723857844416,28871.92773989726,28873.163451872057,26574.951596107345,27631.986793481345,28629.236842834856,28919.821472453248,28933.7856154973,27935.340263464146,28947.05311594423,28259.296319541725,28968.23431765622,23346.083432470667,28915.539708652446,28270.534350665625,28963.388072695052,28463.351440607003,28291.94512033371,28996.857399959998,28567.60194551659,29001.317215646268,29029.87314332308,29033.143451867494,29053.341309849944,29025.196526486834,29064.874762275667,29037.71011634351,29085.829937110157,29095.49204294627,29104.25246643806,29109.68728960615,29143.15442662164,29073.571852901052,29150.580904328035,27442.21753987897,28827.62399526146,29078.287793637573,29169.70125289493,28459.228545449703,29186.33722671164,26901.72287421501,29198.63655573895,29201.543665977195,28767.845996604727,29227.82187213955,29203.424456736513,29063.776989717186,29040.11003885887,29250.008982981795,29260.07843173875,29267.603588656275,27607.73801505614,29098.864559050184,28569.064577146404,29208.64180549366,29286.746254436548,24085.41565982874,29290.919473022674,29301.39448485169,26736.791113276115,29321.647541800634,29324.629830722446,29332.348598796645,29330.786436930302,29265.861767738195,29350.5142387929,29362.731556809365,29366.443969835484,29369.766917105866,29377.01227598138,29004.97770887039,28920.33681658565,29345.31068296126,25104.43098698864,29355.35994095714,29428.618080901968,29447.251225675158,29458.45754885065,29204.172980968535,29212.68518305311,28860.062536624624,29508.986277438653,29513.325292757105,29525.48533381782,29530.88698480587,29542.21840627358,28876.26544413043,29571.851663135378,29473.53560947611,29598.682970546775,29603.708356061015,29623.57929354726,29216.697908263974,29600.152781465866,29653.4566131655,29660.733906242167,29659.21479066202,29668.771765677633,29696.873667411786,29710.347706189386,26439.1216665345,29732.191704905796,29724.3794432888,28318.00663520284,29527.786238094228,28626.186120892835,29714.08668919864,29559.165242769745,29740.19999472697,29751.76376164896,28616.973851342966,29778.932449009564,29782.9312346472,27940.267052913954,29790.61399743077,28907.98344024636,29785.139493828476,29804.770458606577,29807.78004772585,29828.133986886198,29694.46448488135,29848.73612670289,29880.04322718871,29894.315237294093,29901.103016030043,29902.794781814315,29863.68744022393,29925.10654892156,29934.234964017196,29280.768253691676,29951.887399076757,28639.958091336623,29982.791888141095,29994.891360161462,30004.73064741868,30006.811326011066,29977.3137005026,30030.05826755511,28826.47399073153,30053.19474233909,27873.000321967244,30080.612399301997,30069.57820367753,29977.58663175455,30038.739975925535,30102.903667746406,30110.01812196848,30126.361789334038,30101.359142869045,29019.435949248036,30147.672137724323,30154.001728142943,28090.616683001972,30022.745075055263,27431.109151506294,29218.76970875089,28990.456048459113,30202.87215975611,30198.12982350535,28628.454262481046,30161.409001905642,29465.754115770564,30138.131838947145,30239.923487949603,28763.52714099309,29528.721778735777,30272.809344940517,30279.118625482937,30189.151933803158,29346.487211546417,30296.262262321005,30302.655751777318,30292.961829176926,29783.863421234346,30168.767431937948,30336.116417154277,30327.17787383603,30342.2926093397,30193.799294881115,28068.200774505087,30374.22566793581,29142.498071018894,30397.107707444684,30400.056307361097,29824.798638143064,30266.125100523157,30443.34064412323,30410.045211998666,28434.703074795896,30480.71504994032,30481.36134229383,30522.611317032824,30088.230478055164,30428.590445700353,30512.66570813735,26025.56212178704,30533.933476686496,30541.510717862096,29760.152193079684,27777.525554552823,29298.037996282532,28913.132979866776,29021.20579543243,30568.998452030053,30536.42476004838,29926.88043613403,28211.239952633805,30084.578320005192,30552.86267676791,30591.29325861586,27919.854823706046,29922.147802243628,30590.59692682218,30594.38962257085,30604.574201059688,30295.101423619766,30633.741697474296,30649.837171160816,30652.21905191902,30659.51456761292,30679.430908984774,30681.9804330198,30700.204320969704,30715.42684758541,30723.565988239192,29293.88586478911,30116.50825623443,30758.70867962958,27610.35005479145,30771.40494279151,30780.293080225227,30042.4742936139,30796.58715947577,30810.64254676896,30816.815486172156,30824.224473908595,30831.454900416553,29180.704588190354,30852.559935230493,30859.25991645793,30106.072912964475,30870.406550644304,30590.719135789714,30874.213162010084,30880.011111519234,30270.3780196675,30276.776931927776,27405.25296848912,30926.08198964816,30887.094676041255,30952.54007730773,29582.89034308832,30957.255966736637,30366.42527816015,29902.94832360254,30068.722391861458,30977.270433379614,30972.66147908507,30931.74031474657,30155.417081360356,30997.96355383902,26102.251739922816,28076.77808399929,30482.179849232165,30252.29021163204,31002.91759214476,31014.456254119603,31027.7516651143,31034.98146968975,31042.128049475803,31055.50709829125,31081.262512181955,31100.38849623776,31095.455671824944,31122.32023252001,30743.235997378215,31143.19156265822,27463.471286890963,31135.595975452175,30685.720779599582,24381.825578417694,30531.772211820065,31172.390498698885,30727.42461370184,31187.05987256599,27773.368490524084,31206.809962898227,31218.233336364592,31227.940924125593,31230.824476413465,31142.772035730155,30460.92983857603,30281.689843256667,30589.470234784007,31276.295829505725,31274.77256388968,29979.975213109334,29308.181921008276,31316.458626144853,31333.117028715704,26314.41414945634,28571.233296807306,31369.920006979246,30244.504451993733,31101.62906346197,31376.564771569407,31425.44455935023,31405.96921352342,31455.631865694926,31461.927888992184,31456.57012607191,30616.47349122457,30422.17305599682,28886.179057426216,31472.111908340405,31458.58503721421,30879.442805295286,31439.266657226737,30004.32680177613,29747.212404594433,31509.355944595416,31534.708263355602,31432.518253782677,31557.115482663492,31578.179777893318,31579.251855707847,31587.45267908433,29918.040540867427,31603.68662654893,28579.286000975226,31613.414799395676,31593.360108330115,31070.11607721528,31678.959591696097,31700.02625922637,31168.45068150772,31726.24083101594,27702.40873571872,31738.706623680104,31760.060589985947,31766.307208133847,31780.830209573436,31577.05724530516,31779.08308305826,31506.31806873804,31783.375416309256,31795.995309613867,31805.36993120386,30869.645818244662,30127.931180508203,31819.467082409734,31822.65702582761,31837.237065557296,31838.677703740042,31846.352866501842,31855.88315162191,31151.795235153582,31860.22447192341,31813.91041162862,31892.48176792175,31905.09326353947,31150.46425160034,31858.91591217759,31923.111067213817,31932.732608920534,31680.224931080877,31688.633919237018,31842.439083407524,31982.39803466114,32004.090981517475,32003.799051444767,32025.292387938163,32036.002577439613,32033.74795427103,32052.71495358049,32046.290565110765,32080.747873725537,32084.427794989584,32082.88703170466,32100.03618192152,32113.513961104647,32116.715542000045,32127.103124948273,31952.76738565984,32152.1149697037,31990.025224193138,30698.468123378196,32164.078913579484,32177.71084761182,32182.36974350638,31599.2404724089,31194.05821335086,32189.214576153092,32197.081003546467,32192.532069904788,32220.055996652143,32228.783620169328,32230.10416542394,32241.090623519944,25275.89813483571,29435.814823132663,32252.858988004584,32263.350153527746,32268.799740156013,32278.52828394669,32183.804310098432,31606.692497262862,31100.200072605287,32302.307715704268,31185.170181117464,32306.626047158417,31434.116464296192,31388.432241392373,30153.107069055997,32306.854303038243,32318.4936916068,32322.247275287336,31199.717852520418,32339.23310623753,32346.884684585013,32357.425190555565,32369.877552709047,32375.455831650586,32378.326843761835,32193.319480972787,32395.754595578193,32408.623092130834,32429.912098236327,27849.320265504288,32437.3108316773,32448.399531908926,32459.215156375813,32461.502302598426,32460.246940516372,32470.49346624693,29832.026631404988,32485.497698464627,31376.82193938361,30960.07800040822,32508.92706151147,32517.747603761734,29323.90754377541,32537.748404830374,32551.19834487423,32564.455509773376,32580.77024883304,32588.037786791265,32592.100638888565,32601.12998176693,32597.521178302573,32508.64895970373,32581.375240957834,30535.954646337068,32638.188438018024,32644.162810213835,32626.197654786058,32384.38919177757,32683.587567935527,32690.418788539133,32687.78542063883,32681.788179489802,32607.512509537173,29397.767732084798,32698.739198086263,31855.192852321725,32727.9351303293,32135.340088411416,32736.31360965167,31466.49000563445,32765.818605631703,32525.665206752532,32785.58794745033,32793.02466257049,32219.52583632504,32820.57458831875,32060.321396845713,32847.86422126881,32818.019566958865,32087.357414600978,32876.42598173892,31929.079547985875,32898.78684002267,31347.567079345252,32920.65811851599,32895.34783133011,32903.85237980626,31925.625202891693,32862.74990774764,32870.26075359215,32868.79431711076,32971.88464028384,32980.912160850094,32920.68079676982,32227.444923058083,31791.581707641355,32342.766412149933,33004.76842330587,33025.82899877043,30487.55754873941,32373.513645476178,33034.60018085484,31356.427974210063,33050.62920186664,33065.49488342586,33076.35966236595,33094.15079491492,30268.395012102905,33113.21200877422,33117.94373747991,31599.826811468898,33117.91348416653,32440.134750790843,33104.039215069584,33130.72267187196,33127.48033009275,33134.04448059713,33134.087815316096,28731.128662538602,33137.60988670799,33158.884336029434,33167.593677168836,33177.8593022904,30392.253046161968,33201.595347536924,33216.29834282006,33232.09834626791,32836.89367353158,30282.269790582508,33212.06375776597,33268.548994348464,32163.071053580898,33287.64087078969,32071.892446113896,32186.519743261022,26696.838281368764,31771.22567023721,33133.395647430254,31613.711788138524,33356.929170813564,33351.7988561544,31475.199574191036,31578.723928525913,33375.983720225384,33375.28375552212,32601.727920852445,33398.36871451353,32707.58510228734,29569.751447424176,33411.51987038317,25034.110317798142,33418.371231754834,33437.00018013399,31021.893703939055,33436.09767709332,28912.572019844283,32937.427498232566,33467.000671412454,33252.65453417651,33486.995838557305,33495.24508263459,33494.76593953652,33497.32019321857,33515.506554332256,33527.7159817064,33527.2579484769,33528.661451190485,33539.76329032015,33248.56467000467,31909.428745164267,33344.165774810725,33562.818331512295,33571.119997435555,33570.30178818321,33261.85033571992,32899.6720602888,33273.59359849677,33583.3346406928,33591.149097266185,33590.37382400976,33587.61211211867,33577.76928972106,33599.40242695322,33599.85902825011,33620.334502164005,32223.676293460336,33641.95213179521,33433.795219564934,33652.06125354162,33660.40072348998,33676.71117680771,31088.94239554036,33688.53501235071,33620.79688691863,33706.60163658649,32131.74568219388,32218.70997503656,33719.42945891249,32965.4594483259,33717.87144000274,33741.07964250377,33778.55678911022,33789.65050310968,33803.088136775405,31817.13319210967,32098.791344444497,30618.802727210892,33825.416149635035,33834.48019670037,33831.9320826744,33855.41198249863,33875.23311844499,33888.158811370915,33881.13120652949,29126.791888378182,33902.257056482726,33926.54699991603,32629.738393595504,33936.70952890265,33951.194270352586,33967.89739642809,33967.81246624256,33973.86956538406,33980.20308994695,31885.89240109959,34005.229216246546,34013.80580745599,34018.193149732964,31216.977616331398,33879.56380418808,34014.235505863784,34029.91384378088,32811.44338477975,30707.134725075106,34038.856331471514,30855.970610599245,34050.98987484021,30871.09015254633,34055.08957011057,34063.675177969635,32020.55009590908,34082.35471783371,34093.20015380034,32136.344888519176,34114.10953431217,34092.882518025566,34135.9896636178,34118.8621494908,33563.18078534511,34135.90816075524,34182.68839813222,31103.230257165036,34184.644274724655,30884.093206461414,34093.344281357386,34195.737772150074,33949.59426480104,34166.50993908563,34243.270812861796,34227.162257455755,34251.179366108765,33263.56587331235,34262.22432710045,34196.55578845242,34179.715572052955,34280.38904665422,34275.97856959697,34306.053990071894,32872.072829152006,32413.189352723184,34302.870704137684,33737.809286741605,33972.18066567591,32224.828707428453,34347.69976461699,34366.86080658224,32178.676242482026,32966.407843730514,32761.686829829014,29087.280156626603,34380.80568849862,34379.86088072324,34386.582961590575,33906.364339987114,34273.73484804714,34395.634812297976,34373.06790407252,34333.09105186026,34431.484803378764,32734.493195537565,34430.6072343868,34472.7988882217,34476.77223604206,34485.97337030189,32710.996661992664,34300.56398425445,34462.15504488576,34443.862125198684,34480.86217527837,34462.98468527162,33253.335602919324,34512.47612599863,34517.74582457385,31045.726636236137,31512.54182846786,33612.101693966055,33182.20862999656,34487.60577125271,34543.65318743093,33602.30332636047,34481.04793909491,34520.43880766594,34294.50151078232,34536.86689137102,34541.71533838188,34292.11831384801,33615.76188032189,34554.51187705328,34544.171276374,34543.35462050106,30395.974404260698,34551.09427056206,33859.64831204767,34585.17069411519,34604.7276216093,34605.25394227955,34594.77755907567,34607.673613108745,34630.02849797067,32243.770023135243,34647.90231268045,34649.65543557326,34588.01255903612,34635.19102448919,34671.789664496115,34680.81479900863,34353.230801290665,33597.29351083055,34463.576706675965,34733.90895314896,34486.36244320682,34750.23096399049,34240.626204391185,34726.380835842894,34661.361358276066,34732.27418524429,34733.37779378594,33333.11299606693,34719.71203034745,34768.7186905106,34724.05106818183,33445.20144929216,34139.829678931426,34061.0236724787,34820.3354983366,34791.23431379992,34822.613026536004,34828.496488625104,34843.42494373565,34862.068450633786,34866.13659593928,34887.71334355355,34374.37338435994,34837.75251726467,34906.612923722205,34921.450263854356,34765.07282766234,34773.43653762601,34932.55070863243,34941.42790185335,34942.137982302345,34958.182502602984,34965.138370077744,34953.2810621183,32723.816661721747,33399.17321530692,32395.676632192906,33673.8890442584,32796.00796256267,32156.274274653955,32544.010578115398,34943.2581990687,35009.61859996718,34845.69953518284,35013.302426735856,34953.34863166386,32172.499545239178,35016.88301674399,35036.097013361636,35049.65579926678,35061.859576243434,35079.02093352431,35087.791565567095,33797.40476284437,33525.920102277436,33135.942261952136,35088.54840125422,34896.959591504565,33820.44269515362,33816.99393275121,34805.98933735627,34883.70464612185,34996.17156868087,35058.92713737179,31857.856796519995,34925.03022962169,35145.793737098924,35167.131577413165,35172.76577238111,34915.40408208118,35198.91095997561,35203.38589480401,35212.83209549301,35188.22457740584,32821.900496871705,35221.83662671518,35222.57781834657,33985.754148014166,35233.20413863141,35231.78394563937,35189.35744460528,35179.32921703895,35231.29931092586,35232.80393456663,34715.005339651885,33501.390597377904,33525.02992568674,35244.07314988332,35266.28620307937,35261.947657920435,35249.14990198384,32574.788406653322,35215.6456285443,33554.37093623132,35287.79735895176,33910.04407441464,35300.85377467755,34032.96874859164,35330.12556619889,35283.61153317187,35337.11597631664,35303.796220750344,35281.678262752124,31361.516723776884,33458.50407294975,35364.40568937878,35378.51708865681,35396.9744107538,35289.15194631821,35378.67624538556,34199.08973559966,32713.250714356363,35431.928427327104,35417.20683460445,33724.407589708055,35461.13324861791,35476.01801861971,34497.24915967671,35486.86187949172,35491.87512964961,35496.266132077195,32704.461130856904,35489.73413517413,35506.4111634106,35518.010644436916,32454.718619131705,35519.34300448488,35514.739031265075,35394.204700047936,34029.86478628081,35500.433631238004,35503.914940549446,35501.464666566666,35511.81636495848,35522.082350268654,33969.2229981622,35242.395989919576,31861.589911137125,35487.33940413758,34440.96019786344,33676.130431049394,34859.98150610639,34715.41923603764,35597.630189297335,35468.64930573993,35615.53589335367,35631.62231325708,35206.13630058383,35644.74964265446,35634.534352518276,35644.46839679609,35402.26923191236,35652.03888239841,35655.95557790921,33939.867441774746,35661.39728866019,35663.68617533312,35686.04565996559,35696.19228134165,35702.521619242085,35703.89480165003,35709.129739257776,35714.35560329281,35731.13882464759,35734.20023540908,33155.45733327734,33650.44945330662,34478.018065914344,35760.660494634845,33320.95181677898,35566.95663923101,35773.96247169106,35781.59473963664,35770.68742743635,35452.45792958576,35693.87094624305,34981.27608094203,31394.6301344737,35790.45684625414,35824.17868345623,35827.63100356092,35831.56196446519,35844.323592170884,35856.02651813884,35665.61711316718,35687.30572418911,35049.25706629172,32822.312533716715,35821.937257281796,35893.2863607109,34580.90700796822,33822.90251779633,35899.0774194996,34903.16629056816,35923.20734256961,35792.885782594756,35935.077758617655,35896.28362006284,35946.07192200169,35956.72600123609,35957.511663368874,35975.206100299794,35992.1801014964,35996.518293312474,29160.67185551757,36011.873679084936,36026.6163017239,35542.050884020675,33723.39155713489,36032.33443490001,36022.36306926983,36024.918362845456,36062.07991167238,36074.4207672105,36084.249908939804,36097.53558586933,36101.3229957222,36111.8588713232,36125.60581044921,36133.69490463534,36123.01843600211,36123.39676851317,33582.106216679764,35297.35432086704,35326.80713874108,32353.906905019496,34745.073157585524,36122.0346139365,34630.07806045604,33797.31540113519,36144.02527284724,34957.453419251804,36150.608674398005,34430.66702865833,35235.95410856657,36163.44469958605,36178.68872768563,34001.183627971695,36207.85123667612,35528.02380823159,36236.35204822399,35790.71032979274,35363.81316967497,36243.29174186461,36242.8058706368,36258.73267529644,36259.84241484333,36266.70983116375,36158.671366745424,34765.77750218421,36295.03211018287,36312.31243377523,36322.18246141029,36331.710025712295,34317.1350433803,36343.48340912057,36354.93272030769,36351.12249332287,36245.90921916863,36367.79498484949,36374.74765046484,36297.02317969243,36390.21622708383,36382.599134955286,36375.867084082965,36380.70264219919,36208.468232015686,35126.28135449961,36403.293215555146,36406.59592059246,31620.0811807481,35146.852335585354,35550.047135514396,36443.57860782294,36451.95787999206,36391.6316488179,36460.24279046012,36464.41949591997,36411.68659059074,32923.3294423102,36503.65788178242,35424.95336776625,36372.168906554434,36538.12650376597,36548.15269745239,36554.30186133009,33551.250079221,36559.90885150503,36581.23255558312,36579.81083715981,35896.56360748465,36573.94775419072,34573.98635306243,36595.966119199795,36588.79024573983,36604.98922542135,35614.826735616276,35601.456613584036,36148.17708600233,36620.8352051124,36621.53035392694,35461.648149840636,36626.87611908002,36647.05365503479,36647.00920041479,36593.94505893981,36651.27773353079,36658.2314914456,36670.91882099029,36532.96092054626,36124.95455129254,36711.196949461875,36723.60654947079,36726.2186670459,36712.29707679253,36689.84665253524,36746.499181559986,34419.37452064423,36780.25917602622,36237.44999209906,36803.86502091067,36791.7088884786,36822.867447411176,36831.30036708306,34125.379849710574,36840.18142362462,35319.3967040758,34078.06607144976,36874.1203202155,36878.19238692626,36883.42106110554,36884.154651997225,36900.125793575404,36905.26303226633,36072.709593860476,36922.72672923773,36918.89222248586,36929.31090738198,36933.730542257144,36932.992823991284,36946.12778591342,36964.42913593201,36292.272932642176,35557.16661889744,36886.412247100656,36946.91880920101,36933.176733780056,36976.320800339556,36979.263965485676,36995.08709150089,36153.576782954384,37005.406825044054,37010.878252956034,37026.72025669123,37042.169130018614,37063.11777913273,31556.43362135203,37073.667778944386,35309.729957276875,37086.25471504228,37092.71542988424,37108.90609225962,37105.99072497095,37111.62421674136,36975.462545478695,36574.91807993964,37053.856110292436,35876.69725662054,37142.86448502686,37143.66186330434,36522.29443001723,37141.21312147089,37142.76430938365,37155.86754569074,37104.646316513295,36847.744419027076,35572.019252176375,34293.34125215209,36243.89879813675,37190.200879808464,37195.50553814516,36889.25750653774,37202.00578229302,37207.80511235496,37218.21994288421,36618.83874541279,37231.97860637524,37230.46391703346,37222.285959554625,37235.07081142649,37249.91713382582,36801.42700543391,37267.52408015737,37289.61199170081,36592.77197480005,37301.48549104067,37290.970657292004,35340.56227451032,37328.72736020979,37334.9260038379,37349.27142447079,37360.30634340427,37327.65934118172,36222.52904222826,37401.46683304078,35640.6750053637,34807.884080813026,37417.35770046867,37363.67791593871,37425.615323853264,37433.81805581487,34013.58618750387,37440.632656493224,37003.52529024523,37455.68035229081,37472.82018163302,37388.39574560184,36158.99207139671,37503.550447976835,37507.888632227274,37489.38121638786,34102.68294010245,37507.80318515588,37506.62481213797,37521.633625141025,37523.7915935636,37331.56750515994,37516.20065503237,37555.24915330937,37570.07281972997,37585.83040579824,37586.569959531844,37590.11850471612,34071.39188834635,37585.7382036173,37591.12350277761,37549.70193884541,37597.31572818444,37601.37520794134,36221.50802218716,37098.78558214479,37631.21378912931,36705.014972667464,34684.269994767244,37645.99213113424,37636.648530834165,37624.02765087039,37619.91724430034,37634.446385806135,37637.57501444923,35426.10280475573,37004.47577170257,37673.375052984535,33941.29737186537,37688.98674925776,37690.58499221517,37701.32836164482,37715.521708097214,37723.94853505306,35974.30121520003,37746.950258088866,37742.32071900445,37130.03465313492,37757.9695970758,37773.13365032493,37791.18544492774,37782.45551208992,37363.77903163347,37447.568389941676,37547.93736953724,37816.79824328729,37821.68690108536,34003.94429346399,37829.033636486194,36845.09523930879,37842.34986475101,36526.679125840354,36472.311634994396,37857.39220112162,37854.228103431575,37842.39173874936,37831.45361658755,37840.9935216497,37832.36470274728,37825.48622977564,37755.43676978228,35834.35446530614,37851.61428688128,33846.72885236177,37843.223891868925,37843.148201586686,37775.43831548173,32823.70409413646,37790.465715659986,37872.176256880484,37375.0897888816,37440.480650075864,37271.00674858353,37589.56068719983,37871.49953417936,37885.99888875863,37893.07674298539,35406.77662671194,37900.19768258907,37872.80520559812,32585.17295982286,37046.99781710076,37931.27513452742,37937.938342032445,29054.296237924096,37489.374054628395,35895.21688550784,37986.76700379929,37980.076431503374,37951.135792862486,35812.908363224655,38006.404378355815,38019.71854978961,34735.62406192729,37896.57329421965,38036.34504462094,38049.24635121211,38071.104385873114,38075.66737800784,38074.155329827874,37496.35486799772,34341.8146312548,38083.63432822962,37695.5762058055,37435.81266199109,37588.608312597455,38083.46907002743,36266.02743454937,37659.32861116069,37670.94750490565,36558.06685154858,38106.7673710836,38002.095435335475,38113.28914843462,37008.36896596559,38116.11032955405,38124.18248775668,38141.6046730077,38150.942975566584,38155.7052025961,38155.962940091646,38162.37741787695,38049.131725810184,38198.77767630631,37315.56350074985,38201.23862303778,38212.91656174621,37974.78606463271,37712.128623629695,37251.49911195654,38228.94863286866,38228.33637746806,38227.426317321435,38232.21779641946,37755.74770986308,37422.37840266697,38237.69647294267,38220.21294522882,38228.65013702616,38239.32428998673,38239.90135965939,36914.60115676227,38237.098910264845,38247.49550834061,36270.91284958507,38264.360380025755,38207.55964597147,38274.53914972326,38277.010019462825,37347.78861966664,38292.37845542102,38289.440080992,38299.27602957137,34350.71371589868,38316.94998486863,38319.84116386677,38319.223547298236,38328.50645011606,38344.15712390173,38335.11096076865,38358.01031261981,38369.421974717494,38384.14244079646,38394.83254301635,38410.20381598276,38413.48614471936,38422.547185763244,38439.27411461498,38450.49830207605,38457.18742228871,36101.50779926036,35723.98369918359,38467.205368849405,35092.30646623688,37598.810817911355,35899.52476214141,38476.00565718066,38491.60075796525,38505.37653294133,38503.13129401663,38450.280535423866,38525.11564258946,38555.064675248504,38565.30313024267,38200.318063116916,38580.5802415991,38573.6298435875,38537.82527332017,38569.598107880614,34902.86106484308,38591.89659084549,38575.34301178214,34069.89803606106,38573.56444455451,38574.05943670001,37502.43755095595,38590.43290530843,38609.31720960289,38600.11122823977,38606.94691990845,38626.5822179211,37623.49676487365,34743.40603792644,38640.75092006628,38644.660883299744,35564.159703214595,35336.071407598545,38655.598553657524,38673.97188012115,38678.538249922145,38689.17485593513,38705.14241709654,38710.93099405322,38719.44973639877,38525.385657428196,38722.68047756664,38723.34741903701,38729.699796058085,38722.65709795225,38728.55037033918,38740.877335622594,38690.62209224509,38747.62451863754,38751.6817626713,38763.51509638454,38782.97799505414,38796.19037065885,38802.765379088625,38786.70156437072,38806.81601364359,38846.098368152896,38848.68504806938,38758.9167041294,38855.665124142026,38864.84065005673,36762.0274976094,38875.64339033082,38877.14728321909,37888.2717564589,38882.42661251637,38910.75379616738,38909.48293228837,38910.28826602466,36982.523378977,38917.69679787919,38857.118894677056,38700.209712005366,38955.33234959303,38732.33690788903,38976.52128260175,38653.87341581945,38990.922474778105,38988.6638795612,34628.8465831854,38989.38149700474,39002.194058307636,39010.53607306854,39012.34111145196,38984.4275038881,39026.404084170674,39044.533179898055,39040.87099208509,34144.335187861616,39063.49468194197,39060.01185567128,35468.6617536597,38158.8385419263,39082.581521330154,38326.76081216287,39101.75538284734,39111.25163225216,39111.32936149827,36286.22003560747,39126.83434290642,39143.25298339942,39155.974620155874,37209.492004464024,39115.21209047323,35494.654496807976,37682.4024964504,37687.58999055729,38041.98078608492,37308.75136321908,39187.17273683975,39200.79287664019,39207.614486416795,39210.36038093182,39222.827054880516,39230.56704268561,39216.75065276161,39244.45491092426,39258.20794203058,39263.82150801932,39271.625283733316,39280.394049904375,39284.45286981877,39287.24483778599,37661.63828334778,35299.41936823166,34519.87100128863,37791.24307875947,39281.76654835524,39289.376727948795,39305.936970295625,39316.30286107299,39323.30978471734,39336.5802207486,39341.39006953662,39330.72684852572,39059.5193919952,39061.585407805396,39335.6804464689,35578.6062215173,39346.93069799356,39359.31516224558,39096.0094093916,37991.59472259478,39373.449374617536,39377.95805453945,39317.482298690564,35323.34835167357,39382.848809988376,39394.421313618805,39353.69090978261,39387.245333871055,39435.55948203164,39437.454130538004,39102.563647695424,36607.71448754332,39468.962953989125,39106.08131897261,39474.19307520251,39475.11242238084,39495.92179589334,39498.2101628805,39508.39551908086,39376.241757457974,37426.09392740916,39368.82328137406,39516.143455201935,39064.51359017517,39546.19981907143,36181.64109421384,36159.2925561036,39560.739229900406,39241.78171087924,39552.24391119293,39436.97339848937,39342.04813606843,39575.133536126305,39589.60093010381,38862.64804752112,39592.389716384314,39625.30079904872,39618.93533784192,39610.864098981736,37289.73255932601,39659.132260743216,39667.12861349991,39662.17130799976,39679.36699239052,39362.2127125429,39688.5433485063,39692.57475939893,39710.58496103958,39717.43227166254,39732.422902047154,39759.449217524816,39432.5689699435,39240.82649395828,39781.70373830208,39780.315817409966,38088.424954598726,39114.973756327534,39782.282525076705,38505.03103366673,38480.020266170184,39762.529886261465,39799.967196444064,39811.07678246219,39720.53448021186,39799.686905255774,39844.53517407833,39852.214362042316,39134.954490651464,39556.67663461197,39418.82372574546,39688.06365477466,39812.02493486297,34344.66083049216,39622.18491300847,39846.16885621159,39813.98818221607,38899.667682941144,39842.53887870397,39795.944816954114,39040.072530525686,39901.43707284621,39866.020021474535,39921.58139073725,39741.14184948139,39927.960110274165,39939.119922844766,38653.747334796826,39578.04467668708,39958.654759677374,39963.46375761132,39959.13858121423,39824.04327048524,39982.25415211262,39998.74406574445,39995.85181002101,40005.30991516361,39950.81737973409,39996.96794946196,40015.90272947334,40017.75459403002,40025.497092542784,40039.75932375674,40052.887803301135,40036.97647685901,40036.29574248786,40035.56079060314,35875.756461555735,40027.09469506872,40030.010226800514,40048.061244245335,40042.16405468906,39964.09543537769,40052.66819642242,40060.555987827516,40073.862573388644,40088.54795318527,40101.54595441449,40100.903630725545,40120.83058785454,40131.013018942474,40127.55772068596,40129.84142891505,40145.53000701502,40162.59119635726,39801.79030910563,39589.94850949161,40167.24395614954,37453.47192083564,40179.61755499543,40187.47518531384,40209.514441043524,36311.72689272505,36001.943704906895,40202.7764196916,40208.63126342096,40200.85938497961,40172.12419003155,40230.85726200625,39685.418941048956,40237.26718943357,39010.09762774599,39925.58074133955,40246.614930560776,36671.177979236425,40249.026829904644,40240.165138167824,40262.434970944836,37653.130365776815,39448.030827982126,37673.92738902531,40292.4740013414,40293.66735312734,40300.9037016956,39945.227746304605,38588.81475798351,40339.89696234806,40257.53385318571,40344.70690193975,37841.230583763914,40288.895632257096,40345.403371645945,35875.12223724976,40355.27700113154,36592.56061192666,40018.37064419552,40383.746739152186,40396.304311333886,40396.309193908,40411.97662715721,38757.469480019114,40416.92683648143,40415.29032799868,40420.87349358806,36942.092131939484,40428.717025116865,40432.44134895499,38928.82729976376,40146.27211743979,40441.14412141399,40423.90689833224,40451.89788658952,40180.01677904904,40473.491569916325,40485.7749296059,40492.97079757997,40493.92061007268,40488.75276662711,40513.000409391876,40516.534276818136,40514.292483236975,40534.468210131956,39814.591991350535,40257.05078065762,38086.9015788871,39064.55715337618,40518.34167793654,40502.29716686161,40526.110589478005,40456.77861560982,40510.61042555927,40510.857968067525,40507.768581473225,40477.6264980873,40485.03743464999,39382.48001823109,40557.490664055316,40389.94142750781,38812.811661899264,38743.78742134386,40588.63387376605,40444.93904117704,39922.446750865114,40607.54606511324,40619.57561217193,39708.10718276064,40639.45326327709,40657.87997496633,40668.7739299619,40569.45433900695,40692.21766874754,39455.17874413759,40682.77931017132,40676.57648767324,40683.55956285924,40686.28845138515,36664.166390328835,40254.438712681804,40675.28380541219,37525.217406930045,37085.423030023594,40678.63095601991,40679.615953917906,40669.5505468467,40675.73364003918,40686.24933973856,40708.24215080523,32994.24331329004,40715.72777165551,37358.61086318765,39559.57426244098,40752.0107188746,40746.23505839798,36380.13324003479,40765.81362604045,40774.67678629055,39308.036823949355,40466.941487024844,36327.5857016487,40801.69045710068,40808.24584570342,39592.826615396814,40818.56612153296,40840.24525482775,40844.661906553294,40462.2202006933,40857.8669980707,40479.4368404081,40869.3214851607,40864.343178366726,35954.98755496108,40877.55356210413,40866.99241696384,40860.207956370374,37449.90729959871,38180.483269492965,37710.2610351688,40858.02419137971,40869.61958331467,38558.10470629561,40870.254970712405,39397.64570271672,40558.03773282515,40913.72338423261,40912.19962183752,40927.23631264846,40939.33998356318,40945.78042328365,40537.367088499865,40970.631070972515,40977.8613907113,40993.30777365723,40974.91895384609,40981.664032519686,40991.597503081364,40456.02056964667,41007.280674032416,41025.12243135443,41037.8129572962,41041.569427277995,41019.19849474025,40722.02403996462,41046.22563385727,39457.20830490559,41017.981447328966,40103.86395109474,39072.332008572834,41078.039323817655,40810.500424292615,41105.350247074384,41110.57273602883,38356.94028659062,41121.17066179558,41137.21182421833,41112.10083324053,41087.96737796037,41008.1549211153,39935.20611155099,41183.34821198676,41179.09452067815,41181.37479929559,41173.06308764759,41197.92376357679,41207.302247160784,41217.73075103057,41222.54013509527,37733.41404187582,41241.47533331612,40928.859434324004,38347.85771800306,41159.970164875,41169.67733886162,41243.26760897846,40217.2849140604,37665.8389837921,39346.79192766061,38549.76063791527,38997.181776625956,41162.628969089885,41245.75471882041,41269.80406491374,41276.9760379591,41184.94279930151,40958.98546626127,38324.133324465685,41235.73303042738,41318.71133317125,36777.09923288471,41313.892209419355,41253.76999469098,41313.22126300426,41311.84897993564,40267.02538368057,41314.484721139524,39675.08236950182,39783.57081115911,41346.10442733196,39384.02776769693,40265.76530396735,41364.19026745868,41353.62612484384,41393.56829173931,41396.11498761453,41394.85014462729,41429.175641086724,41413.52746477755,41429.3213283543,41446.12426591595,41449.70496350614,41454.50285049735,41459.293988339225,41467.87629706614,41490.469085898796,41483.66965985192,39689.41620514135,41462.76230562826,40042.00537119207,38373.94961876913,41508.2607591845,41472.34761676487,41497.775926325885,41512.55317091611,41519.37412212835,41527.663417643715,41532.17437076671,41535.9445065664,38873.12524025187,41451.59144476743,40274.042891306635,41478.23446484976,41529.399301773046,41590.74705994432,41583.15992050657,41584.43164252853,41587.2700964351,38681.93162768051,41608.52762997467,41626.95059731411,41635.057848287994,41637.611741038534,41647.330849244696,41646.333180868685,41668.15272705622,41677.35490167912,41675.08920089941
