n_epochs_elapsed,1,2,3,4,5,6,7,8,9,10,11,12,13,14,15,16,17,18,19,20,21,22,23,24,25,26,27,28,29,30,31,32,33,34,35,36,37,38,39,40,41,42,43,44,45,46,47,48,49,50,51,52,53,54,55,56,57,58,59,60,61,62,63,64,65,66,67,68,69,70,71,72,73,74,75,76,77,78,79,80,81,82,83,84,85,86,87,88,89,90,91,92,93,94,95,96,97,98,99,100,101,102,103,104,105,106,107,108,109,110,111,112,113,114,115,116,117,118,119,120,121,122,123,124,125,126,127,128,129,130,131,132,133,134,135,136,137,138,139,140,141,142,143,144,145,146,147,148,149,150,151,152,153,154,155,156,157,158,159,160,161,162,163,164,165,166,167,168,169,170,171,172,173,174,175,176,177,178,179,180,181,182,183,184,185,186,187,188,189,190,191,192,193,194,195,196,197,198,199,200,201,202,203,204,205,206,207,208,209,210,211,212,213,214,215,216,217,218,219,220,221,222,223,224,225,226,227,228,229,230,231,232,233,234,235,236,237,238,239,240,241,242,243,244,245,246,247,248,249,250,251,252,253,254,255,256,257,258,259,260,261,262,263,264,265,266,267,268,269,270,271,272,273,274,275,276,277,278,279,280,281,282,283,284,285,286,287,288,289,290,291,292,293,294,295,296,297,298,299,300,301,302,303,304,305,306,307,308,309,310,311,312,313,314,315,316,317,318,319,320,321,322,323,324,325,326,327,328,329,330,331,332,333,334,335,336,337,338,339,340,341,342,343,344,345,346,347,348,349,350,351,352,353,354,355,356,357,358,359,360,361,362,363,364,365,366,367,368,369,370,371,372,373,374,375,376,377,378,379,380,381,382,383,384,385,386,387,388,389,390,391,392,393,394,395,396,397,398,399,400,401,402,403,404,405,406,407,408,409,410,411,412,413,414,415,416,417,418,419,420,421,422,423,424,425,426,427,428,429,430,431,432,433,434,435,436,437,438,439,440,441,442,443,444,445,446,447,448,449,450,451,452,453,454,455,456,457,458,459,460,461,462,463,464,465,466,467,468,469,470,471,472,473,474,475,476,477,478,479,480,481,482,483,484,485,486,487,488,489,490,491,492,493,494,495,496,497,498,499,500,501,502,503,504,505,506,507,508,509,510,511,512,513,514,515,516,517,518,519,520,521,522,523,524,525,526,527,528,529,530,531,532,533,534,535,536,537,538,539,540,541,542,543,544,545,546,547,548,549,550,551,552,553,554,555,556,557,558,559,560,561,562,563,564,565,566,567,568,569,570,571,572,573,574,575,576,577,578,579,580,581,582,583,584,585,586,587,588,589,590,591,592,593,594,595,596,597,598,599,600,601,602,603,604,605,606,607,608,609,610,611,612,613,614,615,616,617,618,619,620,621,622,623,624,625,626,627,628,629,630,631,632,633,634,635,636,637,638,639,640,641,642,643,644,645,646,647,648,649,650,651,652,653,654,655,656,657,658,659,660,661,662,663,664,665,666,667,668,669,670,671,672,673,674,675,676,677,678,679,680,681,682,683,684,685,686,687,688,689,690,691,692,693,694,695,696,697,698,699,700,701,702,703,704,705,706,707,708,709,710,711,712,713,714,715,716,717,718,719,720,721,722,723,724,725,726,727,728,729,730,731,732,733,734,735,736,737,738,739,740,741,742,743,744,745,746,747,748,749,750,751,752,753,754,755,756,757,758,759,760,761,762,763,764,765,766,767,768,769,770,771,772,773,774,775,776,777,778,779,780,781,782,783,784,785,786,787,788,789,790,791,792,793,794,795,796,797,798,799,800,801,802,803,804,805,806,807,808,809,810,811,812,813,814,815,816,817,818,819,820,821,822,823,824,825,826,827,828,829,830,831,832,833,834,835,836,837,838,839,840,841,842,843,844,845,846,847,848,849,850,851,852,853,854,855,856,857,858,859,860,861,862,863,864,865,866,867,868,869,870,871,872,873,874,875,876,877,878,879,880,881,882,883,884,885,886,887,888,889,890,891,892,893,894,895,896,897,898,899,900,901,902,903,904,905,906,907,908,909,910,911,912,913,914,915,916,917,918,919,920,921,922,923,924,925,926,927,928,929,930,931,932,933,934,935,936,937,938,939,940,941,942,943,944,945,946,947,948,949,950,951,952,953,954,955,956,957,958,959,960,961,962,963,964,965,966,967,968,969,970,971,972,973,974,975,976,977,978,979,980,981,982,983,984,985,986,987,988,989,990,991,992,993,994,995,996,997,998,999,1000
n_training_episodes_elapsed,50,100,150,200,250,300,350,400,450,500,550,600,650,700,750,800,850,900,950,1000,1050,1100,1150,1200,1250,1300,1350,1400,1450,1500,1550,1600,1650,1700,1750,1800,1850,1900,1950,2000,2050,2100,2150,2200,2250,2300,2350,2400,2450,2500,2550,2600,2650,2700,2750,2800,2850,2900,2950,3000,3050,3100,3150,3200,3250,3300,3350,3400,3450,3500,3550,3600,3650,3700,3750,3800,3850,3900,3950,4000,4050,4100,4150,4200,4250,4300,4350,4400,4450,4500,4550,4600,4650,4700,4750,4800,4850,4900,4950,5000,5050,5100,5150,5200,5250,5300,5350,5400,5450,5500,5550,5600,5650,5700,5750,5800,5850,5900,5950,6000,6050,6100,6150,6200,6250,6300,6350,6400,6450,6500,6550,6600,6650,6700,6750,6800,6850,6900,6950,7000,7050,7100,7150,7200,7250,7300,7350,7400,7450,7500,7550,7600,7650,7700,7750,7800,7850,7900,7950,8000,8050,8100,8150,8200,8250,8300,8350,8400,8450,8500,8550,8600,8650,8700,8750,8800,8850,8900,8950,9000,9050,9100,9150,9200,9250,9300,9350,9400,9450,9500,9550,9600,9650,9700,9750,9800,9850,9900,9950,10000,10050,10100,10150,10200,10250,10300,10350,10400,10450,10500,10550,10600,10650,10700,10750,10800,10850,10900,10950,11000,11050,11100,11150,11200,11250,11300,11350,11400,11450,11500,11550,11600,11650,11700,11750,11800,11850,11900,11950,12000,12050,12100,12150,12200,12250,12300,12350,12400,12450,12500,12550,12600,12650,12700,12750,12800,12850,12900,12950,13000,13050,13100,13150,13200,13250,13300,13350,13400,13450,13500,13550,13600,13650,13700,13750,13800,13850,13900,13950,14000,14050,14100,14150,14200,14250,14300,14350,14400,14450,14500,14550,14600,14650,14700,14750,14800,14850,14900,14950,15000,15050,15100,15150,15200,15250,15300,15350,15400,15450,15500,15550,15600,15650,15700,15750,15800,15850,15900,15950,16000,16050,16100,16150,16200,16250,16300,16350,16400,16450,16500,16550,16600,16650,16700,16750,16800,16850,16900,16950,17000,17050,17100,17150,17200,17250,17300,17350,17400,17450,17500,17550,17600,17650,17700,17750,17800,17850,17900,17950,18000,18050,18100,18150,18200,18250,18300,18350,18400,18450,18500,18550,18600,18650,18700,18750,18800,18850,18900,18950,19000,19050,19100,19150,19200,19250,19300,19350,19400,19450,19500,19550,19600,19650,19700,19750,19800,19850,19900,19950,20000,20050,20100,20150,20200,20250,20300,20350,20400,20450,20500,20550,20600,20650,20700,20750,20800,20850,20900,20950,21000,21050,21100,21150,21200,21250,21300,21350,21400,21450,21500,21550,21600,21650,21700,21750,21800,21850,21900,21950,22000,22050,22100,22150,22200,22250,22300,22350,22400,22450,22500,22550,22600,22650,22700,22750,22800,22850,22900,22950,23000,23050,23100,23150,23200,23250,23300,23350,23400,23450,23500,23550,23600,23650,23700,23750,23800,23850,23900,23950,24000,24050,24100,24150,24200,24250,24300,24350,24400,24450,24500,24550,24600,24650,24700,24750,24800,24850,24900,24950,25000,25050,25100,25150,25200,25250,25300,25350,25400,25450,25500,25550,25600,25650,25700,25750,25800,25850,25900,25950,26000,26050,26100,26150,26200,26250,26300,26350,26400,26450,26500,26550,26600,26650,26700,26750,26800,26850,26900,26950,27000,27050,27100,27150,27200,27250,27300,27350,27400,27450,27500,27550,27600,27650,27700,27750,27800,27850,27900,27950,28000,28050,28100,28150,28200,28250,28300,28350,28400,28450,28500,28550,28600,28650,28700,28750,28800,28850,28900,28950,29000,29050,29100,29150,29200,29250,29300,29350,29400,29450,29500,29550,29600,29650,29700,29750,29800,29850,29900,29950,30000,30050,30100,30150,30200,30250,30300,30350,30400,30450,30500,30550,30600,30650,30700,30750,30800,30850,30900,30950,31000,31050,31100,31150,31200,31250,31300,31350,31400,31450,31500,31550,31600,31650,31700,31750,31800,31850,31900,31950,32000,32050,32100,32150,32200,32250,32300,32350,32400,32450,32500,32550,32600,32650,32700,32750,32800,32850,32900,32950,33000,33050,33100,33150,33200,33250,33300,33350,33400,33450,33500,33550,33600,33650,33700,33750,33800,33850,33900,33950,34000,34050,34100,34150,34200,34250,34300,34350,34400,34450,34500,34550,34600,34650,34700,34750,34800,34850,34900,34950,35000,35050,35100,35150,35200,35250,35300,35350,35400,35450,35500,35550,35600,35650,35700,35750,35800,35850,35900,35950,36000,36050,36100,36150,36200,36250,36300,36350,36400,36450,36500,36550,36600,36650,36700,36750,36800,36850,36900,36950,37000,37050,37100,37150,37200,37250,37300,37350,37400,37450,37500,37550,37600,37650,37700,37750,37800,37850,37900,37950,38000,38050,38100,38150,38200,38250,38300,38350,38400,38450,38500,38550,38600,38650,38700,38750,38800,38850,38900,38950,39000,39050,39100,39150,39200,39250,39300,39350,39400,39450,39500,39550,39600,39650,39700,39750,39800,39850,39900,39950,40000,40050,40100,40150,40200,40250,40300,40350,40400,40450,40500,40550,40600,40650,40700,40750,40800,40850,40900,40950,41000,41050,41100,41150,41200,41250,41300,41350,41400,41450,41500,41550,41600,41650,41700,41750,41800,41850,41900,41950,42000,42050,42100,42150,42200,42250,42300,42350,42400,42450,42500,42550,42600,42650,42700,42750,42800,42850,42900,42950,43000,43050,43100,43150,43200,43250,43300,43350,43400,43450,43500,43550,43600,43650,43700,43750,43800,43850,43900,43950,44000,44050,44100,44150,44200,44250,44300,44350,44400,44450,44500,44550,44600,44650,44700,44750,44800,44850,44900,44950,45000,45050,45100,45150,45200,45250,45300,45350,45400,45450,45500,45550,45600,45650,45700,45750,45800,45850,45900,45950,46000,46050,46100,46150,46200,46250,46300,46350,46400,46450,46500,46550,46600,46650,46700,46750,46800,46850,46900,46950,47000,47050,47100,47150,47200,47250,47300,47350,47400,47450,47500,47550,47600,47650,47700,47750,47800,47850,47900,47950,48000,48050,48100,48150,48200,48250,48300,48350,48400,48450,48500,48550,48600,48650,48700,48750,48800,48850,48900,48950,49000,49050,49100,49150,49200,49250,49300,49350,49400,49450,49500,49550,49600,49650,49700,49750,49800,49850,49900,49950,50000
n_training_steps_elapsed,5000,10000,15000,20000,25000,30000,35000,40000,45000,50000,55000,60000,65000,70000,75000,80000,85000,90000,95000,100000,105000,110000,115000,120000,125000,130000,135000,140000,145000,150000,155000,160000,165000,170000,175000,180000,185000,190000,195000,200000,205000,210000,215000,220000,225000,230000,235000,240000,245000,250000,255000,260000,265000,270000,275000,280000,285000,290000,295000,300000,305000,310000,315000,320000,325000,330000,335000,340000,345000,350000,355000,360000,365000,370000,375000,380000,385000,390000,395000,400000,405000,410000,415000,420000,425000,430000,435000,440000,445000,450000,455000,460000,465000,470000,475000,480000,485000,490000,495000,500000,505000,510000,515000,520000,525000,530000,535000,540000,545000,550000,555000,560000,565000,570000,575000,580000,585000,590000,595000,600000,605000,610000,615000,620000,625000,630000,635000,640000,645000,650000,655000,660000,665000,670000,675000,680000,685000,690000,695000,700000,705000,710000,715000,720000,725000,730000,735000,740000,745000,750000,755000,760000,765000,770000,775000,780000,785000,790000,795000,800000,805000,810000,815000,820000,825000,830000,835000,840000,845000,850000,855000,860000,865000,870000,875000,880000,885000,890000,895000,900000,905000,910000,915000,920000,925000,930000,935000,940000,945000,950000,955000,960000,965000,970000,975000,980000,985000,990000,995000,1000000,1005000,1010000,1015000,1020000,1025000,1030000,1035000,1040000,1045000,1050000,1055000,1060000,1065000,1070000,1075000,1080000,1085000,1090000,1095000,1100000,1105000,1110000,1115000,1120000,1125000,1130000,1135000,1140000,1145000,1150000,1155000,1160000,1165000,1170000,1175000,1180000,1185000,1190000,1195000,1200000,1205000,1210000,1215000,1220000,1225000,1230000,1235000,1240000,1245000,1250000,1255000,1260000,1265000,1270000,1275000,1280000,1285000,1290000,1295000,1300000,1305000,1310000,1315000,1320000,1325000,1330000,1335000,1340000,1345000,1350000,1355000,1360000,1365000,1370000,1375000,1380000,1385000,1390000,1395000,1400000,1405000,1410000,1415000,1420000,1425000,1430000,1435000,1440000,1445000,1450000,1455000,1460000,1465000,1470000,1475000,1480000,1485000,1490000,1495000,1500000,1505000,1510000,1515000,1520000,1525000,1530000,1535000,1540000,1545000,1550000,1555000,1560000,1565000,1570000,1575000,1580000,1585000,1590000,1595000,1600000,1605000,1610000,1615000,1620000,1625000,1630000,1635000,1640000,1645000,1650000,1655000,1660000,1665000,1670000,1675000,1680000,1685000,1690000,1695000,1700000,1705000,1710000,1715000,1720000,1725000,1730000,1735000,1740000,1745000,1750000,1755000,1760000,1765000,1770000,1775000,1780000,1785000,1790000,1795000,1800000,1805000,1810000,1815000,1820000,1825000,1830000,1835000,1840000,1845000,1850000,1855000,1860000,1865000,1870000,1875000,1880000,1885000,1890000,1895000,1900000,1905000,1910000,1915000,1920000,1925000,1930000,1935000,1940000,1945000,1950000,1955000,1960000,1965000,1970000,1975000,1980000,1985000,1990000,1995000,2000000,2005000,2010000,2015000,2020000,2025000,2030000,2035000,2040000,2045000,2050000,2055000,2060000,2065000,2070000,2075000,2080000,2085000,2090000,2095000,2100000,2105000,2110000,2115000,2120000,2125000,2130000,2135000,2140000,2145000,2150000,2155000,2160000,2165000,2170000,2175000,2180000,2185000,2190000,2195000,2200000,2205000,2210000,2215000,2220000,2225000,2230000,2235000,2240000,2245000,2250000,2255000,2260000,2265000,2270000,2275000,2280000,2285000,2290000,2295000,2300000,2305000,2310000,2315000,2320000,2325000,2330000,2335000,2340000,2345000,2350000,2355000,2360000,2365000,2370000,2375000,2380000,2385000,2390000,2395000,2400000,2405000,2410000,2415000,2420000,2425000,2430000,2435000,2440000,2445000,2450000,2455000,2460000,2465000,2470000,2475000,2480000,2485000,2490000,2495000,2500000,2505000,2510000,2515000,2520000,2525000,2530000,2535000,2540000,2545000,2550000,2555000,2560000,2565000,2570000,2575000,2580000,2585000,2590000,2595000,2600000,2605000,2610000,2615000,2620000,2625000,2630000,2635000,2640000,2645000,2650000,2655000,2660000,2665000,2670000,2675000,2680000,2685000,2690000,2695000,2700000,2705000,2710000,2715000,2720000,2725000,2730000,2735000,2740000,2745000,2750000,2755000,2760000,2765000,2770000,2775000,2780000,2785000,2790000,2795000,2800000,2805000,2810000,2815000,2820000,2825000,2830000,2835000,2840000,2845000,2850000,2855000,2860000,2865000,2870000,2875000,2880000,2885000,2890000,2895000,2900000,2905000,2910000,2915000,2920000,2925000,2930000,2935000,2940000,2945000,2950000,2955000,2960000,2965000,2970000,2975000,2980000,2985000,2990000,2995000,3000000,3005000,3010000,3015000,3020000,3025000,3030000,3035000,3040000,3045000,3050000,3055000,3060000,3065000,3070000,3075000,3080000,3085000,3090000,3095000,3100000,3105000,3110000,3115000,3120000,3125000,3130000,3135000,3140000,3145000,3150000,3155000,3160000,3165000,3170000,3175000,3180000,3185000,3190000,3195000,3200000,3205000,3210000,3215000,3220000,3225000,3230000,3235000,3240000,3245000,3250000,3255000,3260000,3265000,3270000,3275000,3280000,3285000,3290000,3295000,3300000,3305000,3310000,3315000,3320000,3325000,3330000,3335000,3340000,3345000,3350000,3355000,3360000,3365000,3370000,3375000,3380000,3385000,3390000,3395000,3400000,3405000,3410000,3415000,3420000,3425000,3430000,3435000,3440000,3445000,3450000,3455000,3460000,3465000,3470000,3475000,3480000,3485000,3490000,3495000,3500000,3505000,3510000,3515000,3520000,3525000,3530000,3535000,3540000,3545000,3550000,3555000,3560000,3565000,3570000,3575000,3580000,3585000,3590000,3595000,3600000,3605000,3610000,3615000,3620000,3625000,3630000,3635000,3640000,3645000,3650000,3655000,3660000,3665000,3670000,3675000,3680000,3685000,3690000,3695000,3700000,3705000,3710000,3715000,3720000,3725000,3730000,3735000,3740000,3745000,3750000,3755000,3760000,3765000,3770000,3775000,3780000,3785000,3790000,3795000,3800000,3805000,3810000,3815000,3820000,3825000,3830000,3835000,3840000,3845000,3850000,3855000,3860000,3865000,3870000,3875000,3880000,3885000,3890000,3895000,3900000,3905000,3910000,3915000,3920000,3925000,3930000,3935000,3940000,3945000,3950000,3955000,3960000,3965000,3970000,3975000,3980000,3985000,3990000,3995000,4000000,4005000,4010000,4015000,4020000,4025000,4030000,4035000,4040000,4045000,4050000,4055000,4060000,4065000,4070000,4075000,4080000,4085000,4090000,4095000,4100000,4105000,4110000,4115000,4120000,4125000,4130000,4135000,4140000,4145000,4150000,4155000,4160000,4165000,4170000,4175000,4180000,4185000,4190000,4195000,4200000,4205000,4210000,4215000,4220000,4225000,4230000,4235000,4240000,4245000,4250000,4255000,4260000,4265000,4270000,4275000,4280000,4285000,4290000,4295000,4300000,4305000,4310000,4315000,4320000,4325000,4330000,4335000,4340000,4345000,4350000,4355000,4360000,4365000,4370000,4375000,4380000,4385000,4390000,4395000,4400000,4405000,4410000,4415000,4420000,4425000,4430000,4435000,4440000,4445000,4450000,4455000,4460000,4465000,4470000,4475000,4480000,4485000,4490000,4495000,4500000,4505000,4510000,4515000,4520000,4525000,4530000,4535000,4540000,4545000,4550000,4555000,4560000,4565000,4570000,4575000,4580000,4585000,4590000,4595000,4600000,4605000,4610000,4615000,4620000,4625000,4630000,4635000,4640000,4645000,4650000,4655000,4660000,4665000,4670000,4675000,4680000,4685000,4690000,4695000,4700000,4705000,4710000,4715000,4720000,4725000,4730000,4735000,4740000,4745000,4750000,4755000,4760000,4765000,4770000,4775000,4780000,4785000,4790000,4795000,4800000,4805000,4810000,4815000,4820000,4825000,4830000,4835000,4840000,4845000,4850000,4855000,4860000,4865000,4870000,4875000,4880000,4885000,4890000,4895000,4900000,4905000,4910000,4915000,4920000,4925000,4930000,4935000,4940000,4945000,4950000,4955000,4960000,4965000,4970000,4975000,4980000,4985000,4990000,4995000,5000000
max_expected_returns,86.80555555555567,86.80555555555567,86.80555555555567,86.80555555555567,86.80555555555567,86.80555555555567,86.80555555555567,86.80555555555567,86.80555555555567,86.80555555555567,86.80555555555567,86.80555555555567,86.80555555555567,86.80555555555567,86.80555555555567,86.80555555555567,86.80555555555567,86.80555555555567,86.80555555555567,86.80555555555567,86.80555555555567,86.80555555555567,86.80555555555567,86.80555555555567,86.80555555555567,86.80555555555567,86.80555555555567,86.80555555555567,86.80555555555567,86.80555555555567,86.80555555555567,86.80555555555567,86.80555555555567,86.80555555555567,86.80555555555567,86.80555555555567,86.80555555555567,86.80555555555567,86.80555555555567,86.80555555555567,86.80555555555567,86.80555555555567,86.80555555555567,86.80555555555567,86.80555555555567,86.80555555555567,86.80555555555567,86.80555555555567,86.80555555555567,86.80555555555567,86.80555555555567,86.80555555555567,86.80555555555567,86.80555555555567,86.80555555555567,86.80555555555567,86.80555555555567,86.80555555555567,86.80555555555567,86.80555555555567,86.80555555555567,86.80555555555567,86.80555555555567,86.80555555555567,86.80555555555567,86.80555555555567,86.80555555555567,86.80555555555567,86.80555555555567,86.80555555555567,86.80555555555567,86.80555555555567,86.80555555555567,86.80555555555567,86.80555555555567,86.80555555555567,86.80555555555567,86.80555555555567,86.80555555555567,86.80555555555567,86.80555555555567,86.80555555555567,86.80555555555567,86.80555555555567,86.80555555555567,86.80555555555567,86.80555555555567,86.80555555555567,86.80555555555567,86.80555555555567,86.80555555555567,86.80555555555567,86.80555555555567,86.80555555555567,86.80555555555567,86.80555555555567,86.80555555555567,86.80555555555567,86.80555555555567,86.80555555555567,86.80555555555567,86.80555555555567,86.80555555555567,86.80555555555567,86.80555555555567,86.80555555555567,86.80555555555567,86.80555555555567,86.80555555555567,86.80555555555567,86.80555555555567,86.80555555555567,86.80555555555567,86.80555555555567,86.80555555555567,86.80555555555567,86.80555555555567,86.80555555555567,86.80555555555567,86.80555555555567,86.80555555555567,86.80555555555567,86.80555555555567,86.80555555555567,86.80555555555567,86.80555555555567,86.80555555555567,86.80555555555567,86.80555555555567,86.80555555555567,86.80555555555567,86.80555555555567,86.80555555555567,86.80555555555567,86.80555555555567,86.80555555555567,86.80555555555567,86.80555555555567,86.80555555555567,86.80555555555567,86.80555555555567,86.80555555555567,86.80555555555567,86.80555555555567,86.80555555555567,86.80555555555567,86.80555555555567,86.80555555555567,86.80555555555567,86.80555555555567,86.80555555555567,86.80555555555567,86.80555555555567,86.80555555555567,86.80555555555567,86.80555555555567,86.80555555555567,86.80555555555567,86.80555555555567,86.80555555555567,86.80555555555567,86.80555555555567,86.80555555555567,86.80555555555567,86.80555555555567,86.80555555555567,86.80555555555567,86.80555555555567,86.80555555555567,86.80555555555567,86.80555555555567,86.80555555555567,86.80555555555567,86.80555555555567,86.80555555555567,86.80555555555567,86.80555555555567,86.80555555555567,86.80555555555567,86.80555555555567,86.80555555555567,86.80555555555567,86.80555555555567,86.80555555555567,86.80555555555567,86.80555555555567,86.80555555555567,86.80555555555567,86.80555555555567,86.80555555555567,86.80555555555567,86.80555555555567,86.80555555555567,86.80555555555567,86.80555555555567,86.80555555555567,86.80555555555567,86.80555555555567,86.80555555555567,86.80555555555567,86.80555555555567,86.80555555555567,86.80555555555567,86.80555555555567,86.80555555555567,86.80555555555567,86.80555555555567,86.80555555555567,86.80555555555567,86.80555555555567,86.80555555555567,86.80555555555567,86.80555555555567,86.80555555555567,86.80555555555567,86.80555555555567,86.80555555555567,86.80555555555567,86.80555555555567,86.80555555555567,86.80555555555567,86.80555555555567,86.80555555555567,86.80555555555567,86.80555555555567,86.80555555555567,86.80555555555567,86.80555555555567,86.80555555555567,86.80555555555567,86.80555555555567,86.80555555555567,86.80555555555567,86.80555555555567,86.80555555555567,86.80555555555567,86.80555555555567,86.80555555555567,86.80555555555567,86.80555555555567,86.80555555555567,86.80555555555567,86.80555555555567,86.80555555555567,86.80555555555567,86.80555555555567,86.80555555555567,86.80555555555567,86.80555555555567,86.80555555555567,86.80555555555567,86.80555555555567,86.80555555555567,86.80555555555567,86.80555555555567,86.80555555555567,86.80555555555567,86.80555555555567,86.80555555555567,86.80555555555567,86.80555555555567,86.80555555555567,86.80555555555567,86.80555555555567,86.80555555555567,86.80555555555567,86.80555555555567,86.80555555555567,86.80555555555567,86.80555555555567,86.80555555555567,86.80555555555567,86.80555555555567,86.80555555555567,86.80555555555567,86.80555555555567,86.80555555555567,86.80555555555567,86.80555555555567,86.80555555555567,86.80555555555567,86.80555555555567,86.80555555555567,86.80555555555567,86.80555555555567,86.80555555555567,86.80555555555567,86.80555555555567,86.80555555555567,86.80555555555567,86.80555555555567,86.80555555555567,86.80555555555567,86.80555555555567,86.80555555555567,86.80555555555567,86.80555555555567,86.80555555555567,86.80555555555567,86.80555555555567,86.80555555555567,86.80555555555567,86.80555555555567,86.80555555555567,86.80555555555567,86.80555555555567,86.80555555555567,86.80555555555567,86.80555555555567,86.80555555555567,86.80555555555567,86.80555555555567,86.80555555555567,86.80555555555567,86.80555555555567,86.80555555555567,86.80555555555567,86.80555555555567,86.80555555555567,86.80555555555567,86.80555555555567,86.80555555555567,86.80555555555567,86.80555555555567,86.80555555555567,86.80555555555567,86.80555555555567,86.80555555555567,86.80555555555567,86.80555555555567,86.80555555555567,86.80555555555567,86.80555555555567,86.80555555555567,86.80555555555567,86.80555555555567,86.80555555555567,86.80555555555567,86.80555555555567,86.80555555555567,86.80555555555567,86.80555555555567,86.80555555555567,86.80555555555567,86.80555555555567,86.80555555555567,86.80555555555567,86.80555555555567,86.80555555555567,86.80555555555567,86.80555555555567,86.80555555555567,86.80555555555567,86.80555555555567,86.80555555555567,86.80555555555567,86.80555555555567,86.80555555555567,86.80555555555567,86.80555555555567,86.80555555555567,86.80555555555567,86.80555555555567,86.80555555555567,86.80555555555567,86.80555555555567,86.80555555555567,86.80555555555567,86.80555555555567,86.80555555555567,86.80555555555567,86.80555555555567,86.80555555555567,86.80555555555567,86.80555555555567,86.80555555555567,86.80555555555567,86.80555555555567,86.80555555555567,86.80555555555567,86.80555555555567,86.80555555555567,86.80555555555567,86.80555555555567,86.80555555555567,86.80555555555567,86.80555555555567,86.80555555555567,86.80555555555567,86.80555555555567,86.80555555555567,86.80555555555567,86.80555555555567,86.80555555555567,86.80555555555567,86.80555555555567,86.80555555555567,86.80555555555567,86.80555555555567,86.80555555555567,86.80555555555567,86.80555555555567,86.80555555555567,86.80555555555567,86.80555555555567,86.80555555555567,86.80555555555567,86.80555555555567,86.80555555555567,86.80555555555567,86.80555555555567,86.80555555555567,86.80555555555567,86.80555555555567,86.80555555555567,86.80555555555567,86.80555555555567,86.80555555555567,86.80555555555567,86.80555555555567,86.80555555555567,86.80555555555567,86.80555555555567,86.80555555555567,86.80555555555567,86.80555555555567,86.80555555555567,86.80555555555567,86.80555555555567,86.80555555555567,86.80555555555567,86.80555555555567,86.80555555555567,86.80555555555567,86.80555555555567,86.80555555555567,86.80555555555567,86.80555555555567,86.80555555555567,86.80555555555567,86.80555555555567,86.80555555555567,86.80555555555567,86.80555555555567,86.80555555555567,86.80555555555567,86.80555555555567,86.80555555555567,86.80555555555567,86.80555555555567,86.80555555555567,86.80555555555567,86.80555555555567,86.80555555555567,86.80555555555567,86.80555555555567,86.80555555555567,86.80555555555567,86.80555555555567,86.80555555555567,86.80555555555567,86.80555555555567,86.80555555555567,86.80555555555567,86.80555555555567,86.80555555555567,86.80555555555567,86.80555555555567,86.80555555555567,86.80555555555567,86.80555555555567,86.80555555555567,86.80555555555567,86.80555555555567,86.80555555555567,86.80555555555567,86.80555555555567,86.80555555555567,86.80555555555567,86.80555555555567,86.80555555555567,86.80555555555567,86.80555555555567,86.80555555555567,86.80555555555567,86.80555555555567,86.80555555555567,86.80555555555567,86.80555555555567,86.80555555555567,86.80555555555567,86.80555555555567,86.80555555555567,86.80555555555567,86.80555555555567,86.80555555555567,86.80555555555567,86.80555555555567,86.80555555555567,86.80555555555567,86.80555555555567,86.80555555555567,86.80555555555567,86.80555555555567,86.80555555555567,86.80555555555567,86.80555555555567,86.80555555555567,86.80555555555567,86.80555555555567,86.80555555555567,86.80555555555567,86.80555555555567,86.80555555555567,86.80555555555567,86.80555555555567,86.80555555555567,86.80555555555567,86.80555555555567,86.80555555555567,86.80555555555567,86.80555555555567,86.80555555555567,86.80555555555567,86.80555555555567,86.80555555555567,86.80555555555567,86.80555555555567,86.80555555555567,86.80555555555567,86.80555555555567,86.80555555555567,86.80555555555567,86.80555555555567,86.80555555555567,86.80555555555567,86.80555555555567,86.80555555555567,86.80555555555567,86.80555555555567,86.80555555555567,86.80555555555567,86.80555555555567,86.80555555555567,86.80555555555567,86.80555555555567,86.80555555555567,86.80555555555567,86.80555555555567,86.80555555555567,86.80555555555567,86.80555555555567,86.80555555555567,86.80555555555567,86.80555555555567,86.80555555555567,86.80555555555567,86.80555555555567,86.80555555555567,86.80555555555567,86.80555555555567,86.80555555555567,86.80555555555567,86.80555555555567,86.80555555555567,86.80555555555567,86.80555555555567,86.80555555555567,86.80555555555567,86.80555555555567,86.80555555555567,86.80555555555567,86.80555555555567,86.80555555555567,86.80555555555567,86.80555555555567,86.80555555555567,86.80555555555567,86.80555555555567,86.80555555555567,86.80555555555567,86.80555555555567,86.80555555555567,86.80555555555567,86.80555555555567,86.80555555555567,86.80555555555567,86.80555555555567,86.80555555555567,86.80555555555567,86.80555555555567,86.80555555555567,86.80555555555567,86.80555555555567,86.80555555555567,86.80555555555567,86.80555555555567,86.80555555555567,86.80555555555567,86.80555555555567,86.80555555555567,86.80555555555567,86.80555555555567,86.80555555555567,86.80555555555567,86.80555555555567,86.80555555555567,86.80555555555567,86.80555555555567,86.80555555555567,86.80555555555567,86.80555555555567,86.80555555555567,86.80555555555567,86.80555555555567,86.80555555555567,86.80555555555567,86.80555555555567,86.80555555555567,86.80555555555567,86.80555555555567,86.80555555555567,86.80555555555567,86.80555555555567,86.80555555555567,86.80555555555567,86.80555555555567,86.80555555555567,86.80555555555567,86.80555555555567,86.80555555555567,86.80555555555567,86.80555555555567,86.80555555555567,86.80555555555567,86.80555555555567,86.80555555555567,86.80555555555567,86.80555555555567,86.80555555555567,86.80555555555567,86.80555555555567,86.80555555555567,86.80555555555567,86.80555555555567,86.80555555555567,86.80555555555567,86.80555555555567,86.80555555555567,86.80555555555567,86.80555555555567,86.80555555555567,86.80555555555567,86.80555555555567,86.80555555555567,86.80555555555567,86.80555555555567,86.80555555555567,86.80555555555567,86.80555555555567,86.80555555555567,86.80555555555567,86.80555555555567,86.80555555555567,86.80555555555567,86.80555555555567,86.80555555555567,86.80555555555567,86.80555555555567,86.80555555555567,86.80555555555567,86.80555555555567,86.80555555555567,86.80555555555567,86.80555555555567,86.80555555555567,86.80555555555567,86.80555555555567,86.80555555555567,86.80555555555567,86.80555555555567,86.80555555555567,86.80555555555567,86.80555555555567,86.80555555555567,86.80555555555567,86.80555555555567,86.80555555555567,86.80555555555567,86.80555555555567,86.80555555555567,86.80555555555567,86.80555555555567,86.80555555555567,86.80555555555567,86.80555555555567,86.80555555555567,86.80555555555567,86.80555555555567,86.80555555555567,86.80555555555567,86.80555555555567,86.80555555555567,86.80555555555567,86.80555555555567,86.80555555555567,86.80555555555567,86.80555555555567,86.80555555555567,86.80555555555567,86.80555555555567,86.80555555555567,86.80555555555567,86.80555555555567,86.80555555555567,86.80555555555567,86.80555555555567,86.80555555555567,86.80555555555567,86.80555555555567,86.80555555555567,86.80555555555567,86.80555555555567,86.80555555555567,86.80555555555567,86.80555555555567,86.80555555555567,86.80555555555567,86.80555555555567,86.80555555555567,86.80555555555567,86.80555555555567,86.80555555555567,86.80555555555567,86.80555555555567,86.80555555555567,86.80555555555567,86.80555555555567,86.80555555555567,86.80555555555567,86.80555555555567,86.80555555555567,86.80555555555567,86.80555555555567,86.80555555555567,86.80555555555567,86.80555555555567,86.80555555555567,86.80555555555567,86.80555555555567,86.80555555555567,86.80555555555567,86.80555555555567,86.80555555555567,86.80555555555567,86.80555555555567,86.80555555555567,86.80555555555567,86.80555555555567,86.80555555555567,86.80555555555567,86.80555555555567,86.80555555555567,86.80555555555567,86.80555555555567,86.80555555555567,86.80555555555567,86.80555555555567,86.80555555555567,86.80555555555567,86.80555555555567,86.80555555555567,86.80555555555567,86.80555555555567,86.80555555555567,86.80555555555567,86.80555555555567,86.80555555555567,86.80555555555567,86.80555555555567,86.80555555555567,86.80555555555567,86.80555555555567,86.80555555555567,86.80555555555567,86.80555555555567,86.80555555555567,86.80555555555567,86.80555555555567,86.80555555555567,86.80555555555567,86.80555555555567,86.80555555555567,86.80555555555567,86.80555555555567,86.80555555555567,86.80555555555567,86.80555555555567,86.80555555555567,86.80555555555567,86.80555555555567,86.80555555555567,86.80555555555567,86.80555555555567,86.80555555555567,86.80555555555567,86.80555555555567,86.80555555555567,86.80555555555567,86.80555555555567,86.80555555555567,86.80555555555567,86.80555555555567,86.80555555555567,86.80555555555567,86.80555555555567,86.80555555555567,86.80555555555567,86.80555555555567,86.80555555555567,86.80555555555567,86.80555555555567,86.80555555555567,86.80555555555567,86.80555555555567,86.80555555555567,86.80555555555567,86.80555555555567,86.80555555555567,86.80555555555567,86.80555555555567,86.80555555555567,86.80555555555567,86.80555555555567,86.80555555555567,86.80555555555567,86.80555555555567,86.80555555555567,86.80555555555567,86.80555555555567,86.80555555555567,86.80555555555567,86.80555555555567,86.80555555555567,86.80555555555567,86.80555555555567,86.80555555555567,86.80555555555567,86.80555555555567,86.80555555555567,86.80555555555567,86.80555555555567,86.80555555555567,86.80555555555567,86.80555555555567,86.80555555555567,86.80555555555567,86.80555555555567,86.80555555555567,86.80555555555567,86.80555555555567,86.80555555555567,86.80555555555567,86.80555555555567,86.80555555555567,86.80555555555567,86.80555555555567,86.80555555555567,86.80555555555567,86.80555555555567,86.80555555555567,86.80555555555567,86.80555555555567,86.80555555555567,86.80555555555567,86.80555555555567,86.80555555555567,86.80555555555567,86.80555555555567,86.80555555555567,86.80555555555567,86.80555555555567,86.80555555555567,86.80555555555567,86.80555555555567,86.80555555555567,86.80555555555567,86.80555555555567,86.80555555555567,86.80555555555567,86.80555555555567,86.80555555555567,86.80555555555567,86.80555555555567,86.80555555555567,86.80555555555567,86.80555555555567,86.80555555555567,86.80555555555567,86.80555555555567,86.80555555555567,86.80555555555567,86.80555555555567,86.80555555555567,86.80555555555567,86.80555555555567,86.80555555555567,86.80555555555567,86.80555555555567,86.80555555555567,86.80555555555567,86.80555555555567,86.80555555555567,86.80555555555567,86.80555555555567,86.80555555555567,86.80555555555567,86.80555555555567,86.80555555555567,86.80555555555567,86.80555555555567,86.80555555555567,86.80555555555567,86.80555555555567,86.80555555555567,86.80555555555567,86.80555555555567,86.80555555555567,86.80555555555567,86.80555555555567,86.80555555555567,86.80555555555567,86.80555555555567,86.80555555555567,86.80555555555567,86.80555555555567,86.80555555555567,86.80555555555567,86.80555555555567,86.80555555555567,86.80555555555567,86.80555555555567,86.80555555555567,86.80555555555567,86.80555555555567,86.80555555555567,86.80555555555567,86.80555555555567,86.80555555555567,86.80555555555567,86.80555555555567,86.80555555555567,86.80555555555567,86.80555555555567,86.80555555555567,86.80555555555567,86.80555555555567,86.80555555555567,86.80555555555567,86.80555555555567,86.80555555555567,86.80555555555567,86.80555555555567,86.80555555555567,86.80555555555567,86.80555555555567,86.80555555555567,86.80555555555567,86.80555555555567,86.80555555555567,86.80555555555567,86.80555555555567,86.80555555555567,86.80555555555567,86.80555555555567,86.80555555555567,86.80555555555567,86.80555555555567,86.80555555555567,86.80555555555567,86.80555555555567,86.80555555555567,86.80555555555567,86.80555555555567,86.80555555555567,86.80555555555567,86.80555555555567,86.80555555555567,86.80555555555567,86.80555555555567,86.80555555555567,86.80555555555567,86.80555555555567,86.80555555555567,86.80555555555567,86.80555555555567,86.80555555555567,86.80555555555567,86.80555555555567,86.80555555555567
scores,235.45934768863054,258.2151015617099,-110.78507910929615,104.65976629047407,172.9135104159369,129.4016442194703,-232.083788014131,83.51254818619579,116.5107627809192,30.14817561384106,187.5754133680104,108.13828177430118,36.82704289222809,-15.557771201447345,35.896712825702636,209.8605208081378,-10.741985957265165,-33.323349424695344,-64.78120892785238,201.3805678013889,-47.63536785353417,-79.5327656610758,240.3834696214038,0.934303276963524,-9.96358690766645,137.32453298739048,28.45251294372897,81.64046148997596,-17.910380881540902,54.47645787061874,192.34773500372927,-38.42150090742538,-26.74223264347616,87.36070112258479,284.58633472707595,-10.847941563056294,-87.23875183343102,131.04783899758098,31.62248762267404,17.23540153072051,-83.76834860486831,95.1755411272959,98.98639929363232,90.37276713309689,220.32398632867606,61.13972846499799,64.2608747425276,43.09833179465498,36.881905510384755,163.24475547710125,30.462277817453568,152.04530620812614,57.04451699139087,113.66698546235088,156.51818541414278,-60.092786213824155,84.33927983255278,137.36632002459018,11.645164579926407,166.03126311096423,31.955110920387458,35.282113014699405,80.427037705859,47.58527078222467,139.0970382566585,169.9135566165569,50.03171003809345,102.5739046408152,28.089972211581852,7.583136964697623,140.60878209031938,36.30147067514587,-38.3825782236775,-29.299252532892023,141.50612086166316,-40.99090238771733,52.025373134065326,-46.536007136614394,182.09573682943142,-43.86749583777939,0.4288190588164529,97.30036745192355,-63.48583112151854,168.06823252317432,88.23696152964472,170.5565047288298,116.92213085081758,-10.660472470955744,227.29287721358025,-12.650194608413766,150.77410669768892,-45.65468880369147,165.86772886702772,-67.77961900499864,266.1965029596603,-72.20493956930198,-55.18063216723836,21.324934008354177,78.12844723957987,148.59306570336645,123.6664887764204,228.23818407338788,48.272325414162445,64.30213867595191,124.14698854731259,230.9307952332772,-38.46160792176674,34.71492545290796,325.43380154508645,44.53429569680342,78.81305429810791,136.15643734389707,208.58282119046513,0.19700449347581106,-24.038782193417898,25.27124457421354,43.785097861464784,-70.82880576699083,-34.196852001134246,123.20620521945699,180.89374734833606,-54.609228540439,33.19053242496,189.2693433624392,31.891808557215505,117.14465214698411,102.20019923091809,-99.02288682556969,40.3668029799514,257.94820349563037,85.80115890863149,99.45279326518708,63.25217468463546,60.36441925378679,34.9443495296303,-102.9537485988381,-26.761764126757352,142.83240517169844,110.35574125793164,228.88343124186875,94.07044056885687,128.67691863649225,-8.220697540501998,124.65148307413895,-137.48311721689686,172.8286408721664,8.111357170655833,192.83965576427445,-73.65357305002495,143.1275423492736,73.05597331687694,-152.28104725501248,166.67652223439285,-23.05481165208929,-116.61573980446552,19.41465843584814,184.99044733156927,297.6807544322207,-184.13806596770965,309.6228976993346,0.6966169852907842,57.741849614490256,60.46098781229351,264.5941482601001,-90.09648463173198,118.0788543545275,195.5463343851075,-11.71995329333284,15.643616402315928,121.90101565777758,107.17436738530607,69.07280329695709,103.39552093795987,167.36202474548477,212.54945398902106,59.974893064749836,344.07143437235044,143.58789496969607,68.28773285121716,-75.844199024422,-68.24776339734257,206.58207209057701,315.7733575417113,240.94599013902382,-19.193875097226655,47.88709064838873,80.3578932676555,67.72515970445173,300.79907760522076,37.1069510110375,27.404263230202858,100.72822644719808,54.19238352490269,442.9094749614739,-34.30196071743114,-44.3671762221521,89.65588356223974,-104.68930273697927,112.26314397418196,122.67012957724526,182.7016170397029,49.93025199684845,236.98872088389604,10.787771756091487,179.58752429715284,304.24521625653915,220.03240548128792,57.55575284848391,310.5501224864247,136.8445700948065,-46.313111957920505,118.21103772607933,33.38004180345694,295.4304554554534,57.02897166659158,203.667988635254,16.764109148831505,-10.75415725678301,-21.499886442416525,128.27042772624944,-55.97559502171135,-38.22441063345418,10.33761955076638,99.24310951804979,136.53806035448,222.8850393278716,113.53535968114568,81.9341111807503,-134.7225323648712,8.405696021754661,-66.69739096793158,-29.523101608446474,130.0796462679464,192.18893331629792,137.40640088373843,196.45115164874147,77.88904104695602,49.42189280706852,105.98292857421998,9.626928953037401,58.671691243637774,43.86776539574569,225.03023293301695,7.631247639514881,-5.9075760391325165,-73.84243012627954,211.90428623431427,67.94770848404252,210.3107076865978,-34.151164804895146,197.3596108992349,34.29289601825813,-21.603128135821198,19.941242979767487,98.27455512264504,-30.66422075917057,-3.5282702380359643,173.1169802681627,-46.122161019073616,81.47028287741873,113.7432744061752,227.84350410579356,143.2386104481905,105.12301662561866,64.64575041188147,133.82981120146405,242.91671622416627,192.0913414201456,0.21136534517443906,91.10623607396505,71.64798797980028,-5.796882408380688,-127.76389255287876,38.47539940156392,79.69238537201298,106.03204585393216,258.68719766857896,153.38051012472826,134.7764561158101,120.110708304807,82.06735949122199,-59.04522628036159,270.6656342584739,169.73034398728902,-6.8714974658452235,-104.71686395928373,22.70699055262701,3.6024713889687425,201.87904881660256,106.25324419493074,73.80069153181694,115.55073406089494,180.07749985122032,47.56678878362305,270.1762009057343,132.81864012465496,179.36248722884955,74.03160456880015,81.05727419152954,-0.5945822270051613,113.69113511220372,147.905367888717,152.858520928864,-1.4085652626654461,161.37182914345593,86.38669031629857,107.98922502762498,74.65986520093432,-32.52352182039219,158.98590764163495,67.63783972744973,196.11516912688487,45.50451763311556,58.082738809743525,283.0398126295358,163.28597272470688,128.5209912924037,-69.95878476326875,36.97097197928159,100.07483787426057,-17.236218459836365,-27.78237097735689,-38.347323892234,71.27256052372604,-20.126589588466608,33.08596486217873,324.6574265106353,-86.52789974219041,53.565870447554644,75.41808415138591,208.7926144554375,119.79967466133455,158.96779906671583,-54.95102062160487,-89.45858808290512,240.6776492523621,95.13780393650339,291.80296829453886,15.473090584159584,165.95902512733346,251.86618951322774,69.51537869720883,65.08702294534673,23.58013805037796,62.031471906396156,161.09850117624066,173.508356362224,228.31634485824623,50.44242515882382,23.843093208760127,171.6075448632239,98.69340215976734,56.35293374215964,190.51573457797713,131.19146470940606,2.5475482870074835,39.57459773837624,10.612859584182365,293.18149684670357,175.70609974816458,177.14421488776057,138.8250508073873,169.75044164000667,225.59395313632115,19.074469946746206,184.91297545814805,195.51139723437225,102.22055571268893,123.68789581324128,67.21080103880371,31.821119721397128,-35.16121387286539,7.599886601647437,45.32770266914698,250.88677697397392,175.90869662537125,184.35603614808232,-21.389431773762727,9.019571239309789,155.8005785354696,4.434215637573934,-0.4008819107237196,87.4878924513043,191.20897349287702,207.69998764971442,34.86556308283706,176.76749135239567,190.7229399222215,211.79248798760995,-231.71818907379816,-10.060611700772878,-69.87934877888334,290.96280308000104,32.3228060880334,217.02914702398692,-41.98263252667704,13.917051440551555,101.20503348549286,87.90617730724321,74.85659919526458,77.31872984056712,193.5322407700287,-37.869368367516515,41.93891027871566,106.71698444958804,229.44427659298864,146.93612706338388,248.55306269467698,125.429285570586,236.79554475034388,79.8262748384389,-105.91919617402527,-34.46899143333219,-124.79045813429227,184.46034582267785,70.09137264853088,98.83030388931249,65.46868839233902,68.83964276127452,-49.25166366736659,199.18988976762913,65.25360883044235,148.25443870492205,-98.0834982071786,45.729702849032876,105.14111606958795,309.3990843320349,-8.071263934920257,108.05946751353882,172.57651463127291,139.02452212664608,18.90084797249588,17.936709319190168,137.58275269867173,163.59787007959505,105.768450633484,162.90581610708242,58.44563279519515,202.4224199065293,18.63876310974999,217.92233647394826,168.28462276260487,102.27551768255485,193.81618479522834,130.60070962035624,48.57795777368194,107.3312492183059,-52.21330472844214,36.74160431432433,214.26481199860163,126.36645562870962,142.9227275318035,112.46932509360153,143.9957830800326,-19.6169185665606,20.271754567214355,140.3375492153359,192.13229883515604,128.08842512035912,49.136875371690934,246.68011554587937,44.09882937888875,26.41845025599483,123.24714719081979,45.60448166273879,75.95762713773972,152.6928713489266,84.0259916959431,66.63578517126959,-8.11269089963341,123.86806187455727,-38.01753538283628,-166.42252421426716,-100.76869025287996,178.1514150036876,97.02513996429406,38.52503652900356,54.19217917765317,126.98005531244726,187.47380715542278,49.521364579746205,103.92830958883206,151.3951335116685,230.25278825501982,134.46919195137593,44.27622326367201,286.2935829666948,151.16587644749515,194.07631691302112,35.23366839002337,19.752805741992688,-40.56038873768793,56.778472008611615,25.154476703638405,252.54836261364323,104.50435485617223,-114.96871301699119,136.2614060089297,221.42484687240474,38.15019752314283,61.54700247134396,214.25371699843762,-101.97936411435988,178.19836698409776,71.24138272723631,270.59616687757426,-5.803121684551523,-9.945606021714283,111.64548550517658,196.86388048339097,266.0770149775573,43.58905443050128,44.736923674987935,37.44429665401267,37.894949830081494,-96.32544927383,-38.466607153845054,156.15711690249478,1.2216240351727432,97.88871508425987,97.79725020000147,228.46648084020586,229.79320101745589,-73.63893704593661,150.83264570001936,318.1559889724856,57.17694765070178,65.82933048476394,-4.518181443723891,242.28855960683737,-2.4498930037504287,64.97408116469293,160.99334634001912,5.502260300472119,80.83247410192476,166.66704815753548,76.84930323948926,31.404797767539353,135.45733851398458,13.92236004526167,36.52183119856254,50.764693101584584,15.437225065519996,13.393407591643376,112.54235553244627,283.46766551568766,171.51068914395896,19.069036829648756,-85.6038038052307,-162.06406018580748,67.15669133974433,-44.879845029941045,213.57454603362396,187.0634622678552,21.64307759105212,37.23623418183501,77.84332798561071,53.93968110711094,-47.64627562041545,111.98976788417228,111.89904510261454,108.37905385975913,220.9470916050672,-62.45320842785415,73.61059815671787,36.392276226536985,-31.482548975201443,169.34161352613378,179.70293066629588,14.92826396531364,150.01892984384244,187.534262472918,49.588970775587484,37.73657610947977,331.48347884019233,-95.72112334581993,142.43591660574708,176.96958534719545,139.87579710833415,128.8897447754399,143.36577129938797,252.77663616187647,-44.38540882640906,43.28352433233981,149.41395827433254,279.9631458344787,-29.59970911667879,151.16817843973385,7.244617192308083,0.7257390852107903,162.64288563958124,-42.083578764111515,-19.631585564901812,168.5593078153911,-70.14007292443472,149.77804272764646,25.398544638590813,331.0941106539014,262.96497029441935,43.776216419574894,218.3868404611895,80.30341098996597,49.897731656781374,22.257687136755425,17.310627596914472,4.672598455289634,108.11061059330855,166.91878331637287,61.488692991061896,84.04161616498796,60.2482283240772,83.9380019154949,51.434590954794416,220.06581186335796,101.73892260700674,37.87270690748345,11.578056083668447,147.59758249658648,245.54845888023706,99.85842855196107,336.6448940516422,-9.989387038320913,-61.607709282511,-53.890094870544175,70.02403619322853,-113.48229056973611,239.4983855274903,182.12571743904186,133.18587008738544,254.28721624347665,79.29053996225434,180.68593638359437,139.71790908539205,-59.19766723818533,-6.4812260283853025,-44.91101713244488,58.07852880203889,65.2208298839013,53.12988715602893,-131.53545959271088,221.38246847752876,136.69552478433027,71.21732368696765,12.146738960028571,86.2161863151286,371.1626922710392,14.377584390055958,94.00208272580772,-92.10252643551453,171.49761746953948,114.41760675097929,16.049918029328367,-19.18559620561102,98.59321407170972,167.8607074807202,-10.292115356380378,221.8961563540117,142.4507503595002,106.13988631471919,124.11310293066634,212.1661240360173,40.91312844450184,122.7091673862798,126.86106800150165,-46.64125828822619,220.9678293549779,166.30165608951089,-108.82384088730689,82.07322079623627,23.042084972526006,-39.9312086566792,172.3943163626675,96.09304541828729,12.385399528683482,19.783122988974544,167.76533183194547,-123.83958690029513,128.2353842311614,98.7071537547975,-96.93396652551773,-58.668156277049235,-38.70648147074398,240.6580605246886,-9.834748233033045,6.524266708209371,-107.67631144681359,-2.5038674862754924,-118.55148247571147,8.046289714462398,170.9446453686865,275.22011270702797,-104.63465264382208,12.058195444940196,-177.36262896499662,-30.905844978840314,1.7250238791788242,90.85744355780878,-97.21528523597537,96.13343782459852,72.42532367922193,-23.526532079754762,71.68893876243277,33.585788337480736,134.29124068226957,41.703805512312215,160.6618191024304,48.460429458103604,-17.34377828034744,266.31879108641493,31.51387771326068,118.99081802946749,36.99487217047522,107.20233507304025,153.78844835318435,120.32787792802499,174.86704251286008,52.347840583738474,81.10833474493593,136.21985702911527,280.69582106732173,124.09579412049808,114.04784881192046,-0.4001189044368356,192.24992326158787,71.7065098194976,66.61574908424073,83.97021104221172,92.91257323960568,294.47238578888033,279.5358226312408,173.5950023238999,-13.221469448455727,302.30533434953156,167.63197479635377,2.960365802758784,-36.89834108308931,83.45584889418745,84.6319852802299,115.49963682265377,-84.17899061725268,227.89268214473822,-36.62608889422231,148.51751262339843,33.270071284425285,115.77250105735422,164.66149942806035,-45.461166882360956,-111.45902569775947,229.6471453809108,36.15640961522015,-47.16239065333509,136.7219357528902,26.031142430026954,240.23753172121465,-109.92120632598282,96.45043399069888,-19.600857393790875,2.5848862514416364,99.37550948620962,-115.85776118335673,211.28982909569302,-29.3625660172143,137.05026366143798,32.44171260881767,139.4677616015003,17.185034482552055,204.90210514363454,390.21511456660267,-47.79999903196508,65.83155535776403,-141.86405428876068,222.94686304219596,73.96671610266745,-43.16584769104533,2.7370118698771098,19.90185098541594,76.67268084499872,68.20493456555867,148.92321565435518,79.29242921473275,11.230336423241221,279.5345301418365,-95.73218177595957,97.1319581776692,-75.96204862987678,-79.28800858748613,165.3836381821153,93.80655225766937,149.4550769891523,212.10489708530764,60.28974815472232,-41.60548200208552,252.3733798106178,-45.20821855835394,255.38032441841906,-43.54192557324389,81.43789224225208,-165.073331863877,116.81843913702119,44.22914476125897,114.49788789846518,147.06567350888037,189.8024870792601,57.53985620868832,-40.01710490276769,89.21921564989034,85.83689939442466,188.98466729877774,-103.23946698387117,31.815367244168627,52.214701713414236,171.5665125318502,-81.73197858353058,302.42595257454616,195.87084613691363,211.75312946104094,-4.599124911140233,221.12803114389718,-125.94323282574051,84.81938282950385,138.94373509578165,123.95271504220078,138.98421898830588,281.79766276628106,-158.2908365457665,-9.636175821945558,104.41947124109565,62.88050642928718,119.96269866647816,366.41735655048205,-7.148933584833173,171.61300790283926,160.98716672222687,-38.39359819915248,29.877795486204647,120.08282348110153,17.64303943477868,-55.59717957073153,43.74389467188311,75.98495100159437,-58.350976300576185,103.41140049112981,178.26137735707124,-41.26963451626925,80.27702944801703,54.40858301175142,176.50345298495404,227.21345912414904,9.776864312513894,18.867443987355692,130.0610008314246,226.68327931944643,69.06678560704871,-8.996785040252,140.33558444694341,63.41800193758573,-9.301378383646265,242.738682880474,221.83331698546476,43.82718482404498,152.5534438402861,30.972829083119258,122.67934409401646,83.1980418039283,-32.18486223013132,47.51210057601121,190.26860139880023,19.779248283478356,97.38587211955613,-140.22174592635395,266.89853338581213,186.24772885270772,201.50181890801858,94.4379304467632,194.00465518687537,87.64124665666567,35.53157475907395,-32.298268636367006,-72.23102992354039,31.017578275721274,-82.45125564259071,405.4153986868522,16.790834686787694,2.049780284901086,-1.2519876167782513,-23.49335656751687,44.44516092729917,118.2566044629414,-7.179676918839455,172.74823674752346,39.23695338903235,33.239909219106764,130.3604375996174,50.664918401969274,129.5462487971701,203.5551518878803,69.79692984977036,127.12276786849901,187.1502710618218,67.07749386389231,118.5462719188645,206.24722845736775,173.81033628372,100.87001045001486,192.61180170041703,220.7818344466998,182.0607952954435,-45.67825760114011,107.32728050865232,186.55092863240282,93.90031698081697,219.45379240923194,139.19950984993864,107.21930955308338,230.05121542517273,5.822610547907616,156.6158764978883,113.88734175786229,124.16130841036207,145.20863729523253,3.2918670004013117,-117.99251483447172,170.63596794522596,116.77683363007881,49.47336646666078,187.28172160972065,124.27177897242905,74.89136496944926,-68.93012811595835,8.60144586221311,71.57282074720476,64.56414525545098,30.776298292891717,101.70543559943215,-19.628533197220037,67.84534840341907,213.7645248734532,137.39208511175525,74.07640617163928,242.43234160716733,56.62051702665431,209.57432748671934,266.94172136088986,89.102283778379,250.14189026718287,217.92042185867766,107.77491853089978,-169.66548114600306,395.11659750767126,50.10674366119595,81.94612862343746,75.85495556286011,59.48200960393727,146.91630439227018,89.69597243556679,184.86909008419693,38.8693506936536,-60.76522454469318,-33.83651965185139,59.210415085707744,46.696793033698654,103.52774756172707,20.145125798938935,294.3633085444748,127.35831939277368,37.62630313141404,292.1852443897384,27.578419161730654,83.24131989445638,96.83174385328348,23.871421993670417,28.777243886970936,0.4907625629795209,96.15712867502847,38.00602728844626,139.19374247210618,253.93014655730005,14.360743042559607,-7.477256144875209,-11.430270408804564,30.50270495835647,278.1159819071938,17.458115773498548,-40.70750737012697,97.35351870274906,110.02698741684623,93.73347188066646,257.38769927395964,-10.84623338984028,292.7909157827157,18.27991074657752,56.44156964592298,79.4947836533788,-9.234007117809613,123.42696728380957,203.79643554373095,158.44486805268255,-119.52978853633515,37.956069713353685,101.77223245615343
expected_returns,86.80555555555408,86.80539778728804,84.04831743841804,86.7833424061698,86.80543559660117,83.672604927841,33.608002430664,86.80202904695406,63.96809561165278,22.78970900507508,80.72296205089873,86.46093313617959,56.72288132884982,25.454180463914142,10.134341362257874,85.9566100465045,86.56202162344927,76.95519748248431,86.4699587899493,86.05757884430065,76.20454456931797,78.6845198681044,86.78726476648397,86.80426472154471,23.205867033105882,85.19585951585,54.17636786729986,82.69198716823914,86.71625184248201,82.78075790269422,79.02261432635446,12.066587073802086,86.78120422652187,82.0456697080396,86.78388287284533,35.41601757714352,86.62972304246718,86.80547590604556,80.004896564662,86.79124085969335,86.47499153412085,80.03284849593638,77.09601258286553,85.5108521539638,60.85469063007738,84.9162915476516,86.7661965494401,59.64648093930859,77.27240125148427,80.55573273010114,38.84009631214726,79.89093317673402,86.8047078816462,80.77513473103359,45.58737005936631,62.96512023400867,85.70588175497676,85.43444824406131,81.34389662483503,86.80554731707129,84.87624593147014,86.75323943869957,86.7255617221378,86.80008326571803,72.31299907980832,82.93980605111705,79.52119997759765,83.63020449996037,57.645267820574205,70.76830852239678,86.8055485870266,85.84507114454941,85.96616739871106,86.11523814438644,86.49656782617818,86.17398704971244,86.80112189984158,23.54415470277989,79.50978855461194,86.78368861960831,86.16393410333957,85.43619784079844,85.55228503779824,82.38522255645587,83.41405199273922,84.34901079771794,77.92103253517888,86.50933508940057,76.40106203430139,82.83312134520058,84.25565559800535,86.80058099710679,84.73638626021666,86.74969056903139,86.29265343686282,84.72651516562125,85.70963049185472,67.89185017225036,86.80353013502123,86.04750884168145,78.43040868570539,85.08991082165404,83.93154813763502,86.0095612532943,69.20053459725365,75.2267934856281,86.78813405323476,83.65473077018342,80.45140315717961,86.80543546969199,86.79318599833933,85.40020200783587,86.78347932705609,60.84380594881685,83.22920571303992,86.78019934613617,86.33188308120087,80.62202594186934,81.09126771243155,85.45933148557289,80.2145162771289,83.9704268260683,84.31450862056954,86.50827133292542,86.51528619384601,81.80917787655663,86.8020320985492,67.69020772777026,85.13097997345142,80.63800116585956,86.48078443784635,81.7765219040195,64.07917327749405,61.899864295676025,81.83097019344727,85.71106048759428,80.28786332010606,86.75427344207543,80.68265600972713,78.6425256856121,85.67312713526151,85.53323020625291,85.99400582640429,82.1729488811834,81.1564004597111,70.33089111974485,85.02484519902121,86.56389475277011,86.56091835436398,86.64973921525232,86.7982160092233,81.46036826096564,80.71061739401533,84.82511762915436,86.70818004548042,84.38750745184352,86.23498064944884,81.55940161911246,63.515386051908024,84.00404834842186,78.33536807553429,83.65746530141388,82.60971598349968,80.27052827928412,84.16244136961328,85.55786052473493,86.2329448030595,86.66712028063539,86.59737374673294,86.58616261152972,75.38688828811945,79.93885533076983,86.79120176329508,86.73036516471976,82.1450714215055,86.22100370428369,85.70848895632527,85.49484598031948,86.51217154425508,86.43995347910904,83.0704191502463,84.43956166810997,80.09595291657833,85.53338221385955,80.25079494240077,84.97160481063152,75.20901658285042,84.93237861145496,80.88868190602636,80.85955946093824,68.03555203028185,76.6089848088153,86.68491142000016,78.80466405076018,83.58004727054983,82.47520034963988,86.50709520583383,86.64944966252288,73.87111465995368,86.7789205524676,86.04306201015531,84.15472864954077,85.74886673247148,86.5634340882977,85.26341215610492,83.4379541021953,86.73694002563501,74.98191351858189,81.85853052715774,86.02416744453403,81.50349651354536,85.23174201266637,72.14653897307338,79.48401832701363,85.11792599718311,86.74233488006027,74.22143745435989,86.73412841595544,85.3874253398331,82.48152799323196,77.81428564412134,76.35085980369752,54.744709980440646,76.89859971617017,85.60992284614254,76.26904269991891,85.94517384554082,86.75954232370654,86.76697242900893,84.93711500669588,86.61174940117243,80.3880568675112,80.16557605766036,62.01320381198095,86.77513785537504,84.97268420052137,85.08295028646025,84.4417567900373,77.93975806367483,86.62840459546557,86.65018905083272,86.24207271967978,86.58352803589172,86.30072232271976,86.42899686808411,86.03916230300109,69.8685993121304,83.53011745001723,85.78306719919192,85.7122277380035,83.9820221182446,86.44672905851395,77.8511561866602,86.46635834352821,84.28143573393578,79.77658514643123,79.73834966862748,84.55660109373993,86.7142491093789,84.68530382040687,82.49199509937785,74.24809831778259,85.0395726780237,83.13543472746565,86.4011908988533,86.05202826908267,84.76402502360689,83.04611713050696,77.05986686339598,80.48085996992708,81.99207410587319,83.23550691139381,63.849869138520845,85.01025843123226,83.4540131793042,79.01148391091552,83.2230001681003,82.64397275918743,81.61122229376025,64.90222590618033,84.11494273953988,74.00016661644403,85.89714400452618,86.78633060539622,76.90424733822775,84.03087194747152,85.76886258391,80.5427921456162,85.13064564516948,80.80639107695939,85.34940665670851,86.65483057191423,85.71564483597966,77.35745997654158,86.59048013397386,81.79652391839815,77.44371226127052,68.1278414106298,79.86508757849153,76.06898196640691,85.36467235954179,82.21238460768815,80.90889994154735,84.9658000457256,77.68042162893471,86.54696190968976,81.90669223455649,75.00837130452028,77.7427392177602,74.57398750435559,84.96460719665599,82.18526175970278,84.98480979671032,86.64628008078434,82.92203254597322,82.14419374777624,71.64064723326317,75.15319014140026,86.44905291037111,63.086916270030386,85.60990525342775,86.12576056917614,85.12656487633748,84.09718199728601,86.53594241441074,86.35207341586313,86.79608156588709,82.68690753783716,82.88591091051804,86.34552175355978,85.73721595540752,76.26341676669982,82.77880717159005,67.08250836708268,80.77860242573556,84.48683870090353,86.22018883182682,84.12114695394409,81.86844526819665,86.00229894590375,80.4788072790682,86.35086477028194,68.71950913665884,84.23965425278688,86.77846671135893,84.1258860128688,84.95037466487271,77.8697417824351,86.21655430214494,86.17206444919212,84.98659771452017,78.14341022813227,83.48851981279162,85.36262268742975,83.22265353255867,76.39755138626431,77.57352778566235,85.84277632996529,84.59020783779391,75.54719858634056,85.23552774913368,82.98144196840038,86.73707855891186,86.26085373242732,85.62723466055616,84.93033510602348,77.21679423351334,82.50307525524765,83.9750103733909,78.0160995039457,83.84729660872117,85.9323078020088,84.60659893727076,75.9984764555896,86.58139151192273,80.86099354592106,84.66743117514541,86.01132496052864,77.91268298459748,86.72786544440544,85.54394866537737,85.19787990734025,84.9880861405064,86.07114447757958,83.17282167160731,83.80924733914243,86.09101307123694,84.32539949268968,86.40183808728288,85.56317321904791,70.3997100901577,82.89659052627769,84.7059392975693,82.12917550524794,85.55691166548756,85.16957735639632,84.97884195335367,85.02946912827294,84.17838763724733,82.03677362153621,83.44145688000259,82.34479855128973,86.10942594335744,86.78546673941995,81.92351942493585,84.95759044550744,84.19802436291229,78.97210297161362,84.09563409379646,85.83045013890379,86.21669682419987,84.74448046167615,85.72220542858528,85.25397322737152,81.07069375441665,85.51085212699488,85.96749879563822,77.66441373327169,79.08587925679642,81.57619829700778,81.6732502671505,79.98462870980332,86.15357382283882,85.33813827751774,86.6969786993318,77.91957823080656,85.1275644088392,83.8231815480562,85.52315218703892,79.69738943261139,83.52583015473172,78.63356397359546,84.23739310286098,85.26487559047085,81.59012058127999,76.67470159556859,85.65980158350865,78.17066921612476,84.69713372829092,79.24442724833793,80.81144678340489,83.3716158502125,78.79424513532767,86.38886650573751,85.75024560995035,73.42556807866801,80.56476649294893,86.09735449310261,84.07857675508956,78.35464161826141,85.74675128401402,81.3058545320206,82.4226968991868,84.08912283339303,80.9541251878054,81.8456346040108,82.28678917279672,82.49703636995771,86.59588815553352,84.76838446459068,81.30367800602441,79.35769186945271,85.28413302950483,78.54609842740936,86.76873248336898,83.8665350482071,84.62767081656959,77.47836203100461,84.94026761262758,84.86324824103018,83.4025391285391,85.63151892551122,81.58368955562105,81.44381058024308,83.25231111574722,84.19993365973252,85.62047878517429,83.44124613982567,86.06118767791625,78.85230451529031,83.21050695174924,83.74710985134298,73.56806729633476,86.22197167632038,82.41623205231217,86.43006995792908,82.20233558066616,70.57995017657123,82.46054966838857,83.54396125515768,86.36971026018135,85.47528048769718,85.46455718030454,80.32993454921849,85.00621286746569,82.19621803177654,70.99566248108701,83.36616399071434,83.47564637722878,78.13587480988312,86.41337518407023,83.81689579647384,79.18980972745183,83.75416609622627,81.23399722025403,84.12039290285556,85.55401704110007,77.61372830008888,77.4720466506139,85.77448515011791,80.55724524256149,85.32056271351443,81.31524319593674,78.92897301925747,76.06000475286658,86.49236541629735,77.4134267943462,86.55378144555222,82.21143804671513,82.35302257572371,84.38242989915094,85.07682913298538,85.14873326100182,83.92615189054978,86.28038696640765,85.4734329560934,85.52037146860602,83.08008074849494,85.63892633143683,84.76292228660199,85.18675007596701,85.55152305163365,84.60651396596282,81.80941323393802,82.09686772082492,71.98566361655769,83.55180834556545,85.43957517237635,84.79889448445178,85.31259730913084,82.87710899863197,79.6328596071724,83.84053381242994,83.04087380438347,80.74328808246605,84.75260911880139,86.59071067718966,81.07980179462997,83.78616179388018,75.90007085045485,82.52621508880273,85.8316112414976,84.38453365154488,85.00614293929594,85.29881056740597,84.90121571863811,78.95066009571771,86.59371121190843,84.63883765016197,86.18439998827012,84.80151237343539,83.13529163982102,85.72125332138586,83.90255565211167,74.7351520290302,84.93321930995907,81.93343161699363,85.78469463579148,80.83853799248617,86.673021804036,84.76179853420705,80.75593134272113,81.14268078801744,81.5933551122503,73.28100755503517,81.26506334567847,79.01544378830972,83.78166755402262,78.02744713367491,85.93943451287625,80.78181992615524,85.2152112875158,83.37712717863018,86.47232819985656,83.11002135921177,85.21202639776938,85.7249515405421,83.07843344280614,81.8902174747762,78.66531550665853,85.47928377483632,76.03020575050296,80.8665547355179,84.61312485336761,81.89469124496428,85.78255478050292,82.65239171688778,84.17279267873961,78.29687463470418,84.21130861973819,85.76062697398011,82.22980689023757,83.48050524658656,81.74153723668738,84.47748752857424,85.8454703535478,86.21818129834915,81.18980238622667,84.51736624976965,83.34583162288789,86.01855124972764,79.46123804278317,84.12625698252582,80.50437577462628,83.4240004440399,85.59696251855223,83.08930751568867,84.24378425540858,83.53859106497363,84.08491353281946,85.42441391950518,80.9071787090642,85.00649767163492,86.47909764928288,83.39262463144011,85.43801878056927,84.71828379775876,85.73524413902248,82.00045622480746,83.05869921958218,85.48993310870384,76.99315828999627,85.49868232351756,83.56941715998293,86.13185981167446,84.72808405410281,85.24504000060078,83.31405768725108,83.89914850171112,84.57228398077233,80.58712255827217,84.6660039913314,81.83511343473417,83.09669094237645,80.27360641323459,82.49336697964188,83.92717132707462,79.91403757861833,80.7996603162785,83.20145219347904,80.69707297210302,84.14689178758937,83.30709940043498,84.77180647165115,81.04657070797876,81.04391763165106,81.49597650769712,82.57592685761485,85.05697923485062,84.47109550180288,83.47978651078951,83.76848501591735,79.8709229161734,84.15874380640571,85.71331499244178,83.88193421949217,85.97335740318407,81.03719701349812,80.08618437380129,79.2993664324539,85.97691338861408,84.82204462675475,81.37254167515334,85.08222076699344,83.71846728482566,80.9661127445643,84.1389220161685,85.54521664721179,85.28779136514987,85.59946292859249,85.41831368825424,80.93912790593362,78.70621240178419,85.28272254541669,85.30616141139905,83.73776298164233,79.4490798508644,80.94027925472659,83.12988384909042,83.84025826646754,85.61027793675484,85.69945878168464,81.00864010592198,84.30121753114169,85.5248403372161,85.30526575599436,83.7605050881981,86.32426082677493,82.89847539773197,85.06408216368433,85.99316560376934,86.13617300022032,83.30799140851639,81.62339843382608,82.69882820656275,86.26185754875243,82.6302289463045,82.26942871636484,77.67948025121706,84.96140436626119,86.07460793789171,77.6456023231859,79.84358649743994,81.03211186277647,79.82215920773699,84.71793678581552,82.50473353510655,81.01674648261285,77.90101060334693,85.2535761711785,84.4936754701693,85.64084090188074,85.8532071313646,84.59122881876915,82.30821103506672,81.67559106408406,84.25598965674179,85.24949230480281,85.35708346505379,85.67507807180114,82.31617114941407,85.78544377393877,76.73564942871862,84.28991690045765,80.16124851990966,86.34334100775702,84.64068569193336,77.00826555887818,83.73941335228987,83.51576083193369,83.83953161575586,79.19589631482887,80.8759668737769,79.71392461365257,83.34343920890979,85.17760007225137,81.65742387934233,80.41758055164183,84.18647663060872,78.21205806848077,81.58158102177964,81.41931737907089,83.81952227780897,85.1730015492601,84.67231971500722,79.45192749568093,84.14708206026164,85.57610172296143,84.95844925179588,80.5245393793094,82.23671869791875,85.11070929926775,82.96481777869911,83.59996992511795,86.09503610263775,84.02975560546751,84.73994295819594,83.62229908318767,83.73722360893728,85.51133874550268,85.44243765070688,85.07474000890515,82.46784434591208,84.1280882943786,85.94595144793385,81.02962898792919,85.59230295443983,82.8974453128455,82.19702657180828,80.81222003745084,82.12827114754779,83.69328684580012,76.87470807590174,84.93782831256652,85.91370965586215,83.68357757833758,85.45364002829825,82.93605683452842,81.17817814258933,82.92268099303075,79.16265827355713,83.40780162130243,80.78020782201362,84.98082847939467,84.9879944157268,83.54972282419371,84.16424159156398,82.83870865306257,84.88589435909866,84.63865116731961,80.35993136404245,84.73356444666126,83.100984837383,84.90179828637385,80.78435183542817,85.9548205022285,80.2647305075727,86.08512003386518,83.0330307879129,80.13682979219519,83.43557886780945,85.36388599975477,83.34793600888476,84.92889099190641,85.6958248615507,79.7356847766277,83.793161675373,82.00908993696194,83.574307860861,76.88642502523732,82.2032643401815,81.12299860531336,83.08797657602148,82.49923601121095,79.79024009129064,84.29922263010441,81.55965318517774,84.66272271070585,85.80603222280769,78.42808375457535,79.1247724936263,84.1672152864689,78.66214296510533,80.69979960200905,84.52094515786438,83.74046919565771,83.8869164901136,82.90317246125997,85.73693077000266,84.83868185520981,83.621706185931,84.58933737572598,81.14600653843664,84.72794410804036,83.86951903487105,81.56723675538237,84.69296316161218,81.36841840179642,85.83742007068868,79.88068258832008,82.66539058476783,85.66474083444068,83.97430240497035,82.38217301313917,84.88176979470529,86.49438750358782,83.41120440581561,83.56341114769502,84.57653594819843,79.62474833249553,82.9184118348839,79.94183625587215,81.7248303953521,78.4499236324152,81.21863167548483,84.83538214227598,84.33212236040052,81.62135537406687,81.69429231074116,84.36992535597409,85.57906607613265,81.50877374427743,81.01823840785423,84.21107692631756,81.59842066306354,80.9506924770854,84.83149028589845,84.67111264209522,82.00198279911113,85.15819143799565,80.79754263215153,85.38769366124278,83.86899506591422,83.6394411155914,81.18873436320993,82.7804406802525,84.6271686538641,83.55083471710154,83.53150899796212,84.23644730534846,80.70090140941706,81.98135328538521,82.96450132221122,82.90126201728366,84.38870218565339,78.52924087323873,78.74477915796541,84.12406441286299,81.3303341049864,81.07078086654282,84.74750242638855,85.38603287004157,83.0152236079891,80.44703648264814,83.18441868510583,85.10463187961514,85.4352868755072,84.74118622586865,84.52313826074486,82.89394067242351,83.97431603538816,83.76579510367881,84.69535192623431,85.53452592821111,81.17264589715155,84.86203123519678,80.12785652000224,82.12858079707455,76.57131642371489,83.05208133344657,83.53823274871309,83.4757016199373,83.77898017403821,85.84311334056774,78.31343667574224,85.05934536327851,80.14174982886964,85.4915445678194,83.86480215928952,84.65840343072773,81.50418871594579,83.27045993595115,82.59901719134263,84.4064305145501,83.5926424705647,84.62851099593466,83.78921882109138,83.6271435788855,83.16725048811237,82.43536958993512,85.96604904339185,84.94346389034511,85.92552760544028,84.37563298764238,84.29193611441718,81.92353796528917,79.41295635787317,83.91626029809363,83.34944611136036,82.28101757767719,83.14099804397809,81.49671593155304,83.40994701208719,85.34733903460491,83.01339692327855,84.63958553779237,84.47929228768264,81.39141848135499,78.40604446233925,79.05842280906046,81.79161939218552,82.67234003568524,83.260834369794,84.34123227465923,83.10447069528493,81.74173117090092,82.58647772618912,76.80092149588268,85.26526419610367,85.97410213295635,76.4163674666222,83.52837321905777,81.16582609041046,85.26939862113049,83.82024949114057,83.69928150054227,80.4873660986903,84.63598274918125,82.27098705627314,84.22911816000354,86.42856992336418,81.29828985436012,80.47470633553937,84.49950136586845,85.73917605416452,83.60538527475808,82.87053083242947,84.20731807437656,82.88820842535617,84.49967937162819,81.0036294170543,82.47559320924066,85.33208868546504,86.15503141956408,83.02727760651123,83.96837146918416,84.52606056542338,82.62164701361239,83.57186355529082,85.30714658723437
critic_evals,71.08394878630993,88.7236047452152,95.57280958510657,107.35114699234205,86.51511420588089,80.10153647851834,29.00049785232722,79.68960253154913,70.48407573661846,26.06018980349489,65.48815926481491,86.26040726455112,82.4015662664688,53.64968669480554,35.17245580093625,93.04771461059507,98.91056751471257,84.82611540500972,87.75200552122574,91.11622392019245,99.94522721062378,84.90682342462866,80.75784791710429,81.52479886634696,70.39830204424645,70.16222684522933,79.41355856853323,75.287210744149,79.4274708394792,80.63667576247337,83.04674223884686,79.52958736684693,88.2926174394082,80.62356959634585,95.83985109694184,42.16375791753154,82.18231610610755,64.82070195303923,61.87975129894848,62.787973643419335,69.14060950187262,72.09289236105583,84.44146624001834,78.55065258758542,63.357795268342514,71.99465988054266,85.08081945881139,71.74885290064901,72.47181168879818,77.1791578331007,58.60193980586158,72.81202838747308,83.17361772196335,74.37640876603547,73.09634186767677,72.1330629908242,81.211590179478,78.36712797545223,86.0652173660745,85.44901092570406,75.56891580400453,78.07444883311122,63.23104218366139,76.00065686177479,86.34339467930171,99.16491826592944,90.61069545806654,94.6403156817066,68.25161230803874,87.71744224676092,93.37008624573797,91.73861339140348,82.6589041888826,78.19143963276383,78.49419019507617,72.61393481824719,72.36805322701031,76.05528024767145,77.44622812689023,76.25338486419292,84.81190539408306,92.70079172888214,96.05685712492028,87.02774537936908,78.89141968042253,81.55980447796799,81.8108251230438,88.20209441730603,71.94113407204907,84.6193105458171,90.9227396753534,87.19093027201632,87.50741216975082,76.46069321414973,83.91834779408184,73.32362775058432,60.866263561972,55.95942635784629,77.83522593357208,75.61172615720264,70.75104318755149,85.66850544561555,67.17671594467583,71.44715291308519,79.42661582498936,74.99246231523234,78.66859565482869,86.8189883487576,94.90539672719785,96.5772445843567,85.02066157426516,80.83572936814804,80.60148015657613,85.5894678625817,70.567371556386,75.6761901635635,80.23451848061855,78.16143006739736,72.77064833552006,77.94894569416438,103.09528499472553,105.31628177920972,99.19004754183847,98.36235805731746,98.48754246235436,87.2962876879294,72.90352569434927,68.92584737293177,79.27961985993176,64.75607208374102,80.49183968868967,80.74529351366034,90.55849265768995,64.76673609881136,82.88376992027843,92.43937434525104,93.07627994372028,73.39402363922149,71.70255267943784,78.84952948020083,79.34970569591404,79.63958471949846,73.76474855536979,67.55308095224356,73.39615920059735,59.1184368574168,75.35578782090074,80.71179076155391,89.05107668123044,82.60540795130647,80.1351001486427,72.2256875965434,68.96632475024909,69.6751200688316,76.25339113669989,84.82311323655311,89.08004658645173,84.57627643921609,80.5837190849956,85.01742864163168,78.16802878596651,89.32146004652287,84.36544667301115,89.53903924981346,72.97351345903526,91.61352418136534,86.92493670545869,94.87858463010036,82.86240230815241,70.55646596295502,75.64023864510588,72.72191940083584,75.68545590637996,79.00449850627878,77.37805626657257,93.44885265962962,89.31645218275423,98.55857440589806,79.21703655171156,85.33193344658379,83.14166795348973,85.96395120107152,77.5049136060609,79.0641164500374,92.5122856104508,101.04410302114334,89.89909748011297,91.26118550282509,90.6002565777859,90.14033367819016,85.33218141832535,95.7602014167815,94.30725975238174,90.90837963493385,83.82961070127786,90.98926728196577,89.49337065424099,86.80858256610716,80.04677125710201,81.49177640027965,82.77818825145246,84.84418508955584,88.00548284150673,81.41262562948582,85.92884349613178,84.8661278471902,81.57065075172734,79.98987871279625,85.42159601649871,75.3137401836147,71.93557070955774,80.83802075451037,68.016769165807,81.431063415188,80.09750081785302,84.48248312532732,77.19755822441589,83.94824946300382,86.4953930041899,79.09627686927526,84.25740202249997,79.33232492564024,69.83224016655525,67.52316164327318,85.65805911453714,90.77803026191161,95.53556461680812,89.38503053640204,80.22739608566798,74.17053022868066,77.31418541100474,75.05438554563017,75.3892376959981,73.20926098662444,87.93696282012063,72.132201626545,76.99367979530821,58.22605388194685,62.23290426959629,69.01580752413565,68.89812453810185,68.86360724303825,59.14905889432904,74.86292605784861,83.49661826852228,89.04973773234249,75.10344981071826,86.98788654029015,92.00329980225276,88.29160272737285,88.36615238877663,82.41160821582798,71.94274945216202,73.03679734817433,83.7166472673557,81.42811165644395,85.61680146465689,84.44572378939108,84.55371802197193,94.99585176213486,85.69567300908925,87.79089111581024,93.1453192276736,83.89936009415966,87.98160130287766,80.96141400530551,75.05891406729137,71.42013405486631,78.88660134877696,83.15164453682434,91.51388433697795,80.23518317147037,65.87258000563597,59.5394102701686,71.98876995285458,75.95809134999047,85.5918399313595,74.64386836362674,76.37193886547091,79.62442835298262,78.77176605568904,84.30703701769075,93.34399553280389,89.72494811006001,85.73956421012426,79.32071469317572,77.86415395660443,84.20951135780217,69.27674889221022,76.82060875676899,86.76062378352474,83.49635511380342,73.14621791025678,80.47741972695607,77.22221201249985,74.98634080202446,85.59568429307457,79.50830905400512,95.35165901983423,97.24775734196082,88.97593925910834,85.2320993823744,67.41751172009465,67.1328074719823,70.44346185661138,83.77515610582712,75.21427365945102,87.76635546490637,78.05064959959982,81.95151075040958,85.19587873254692,77.87194054551264,90.88709790242439,87.72723839125754,85.34220212648579,89.10848709204114,98.38163382576602,85.7256940849622,93.92358088836941,94.40972592192966,96.67750465482037,91.02446274461218,90.63998784481352,87.53732170149149,82.50311348216775,79.18887593723345,86.25743503457126,68.57970032412196,79.88653032718176,84.55308249610839,77.37499586376234,66.35761181132662,82.8142451561243,66.52363258468304,85.50614435507654,84.23366672972361,95.41815534770501,87.04589692349215,90.52265719024315,96.7728417264108,88.38650001901435,88.03251640628103,79.26892369502576,83.95759285267773,79.04251296454235,81.40551489304225,86.61562217314875,77.06807446688545,74.28310909448766,79.29381749217693,78.78655658190817,64.10110594060082,74.52384223049391,82.12457145593935,83.73666287128097,88.63122207288488,98.21706873265562,94.60446505595162,91.47233833718572,84.57556152849853,81.77638451522749,84.7736417127028,83.02369067672765,77.75366144578209,81.4998480431226,76.23059235700688,77.05927001482972,85.69854906302922,72.03211148570166,85.7985789333593,81.66666569881528,92.23383828462457,88.3693873971029,89.97655124108209,90.49779460706,83.95539650808306,82.07303339881277,92.78101382237004,96.42311252343472,91.82963918454567,87.62881771521135,83.19567931909128,80.52014359200275,78.3726625304319,87.31581869708863,72.15332353620373,75.50856737747422,80.4855924515703,76.95494274615834,76.01886337615873,71.41173095127198,90.18732481574469,81.36150212147449,81.32697817893643,79.59409817647236,74.7156033018909,83.98043117046558,99.05871791675224,88.42940272865893,93.32143060133083,91.62382559693572,87.32042032988504,87.57044744326846,81.90099494663292,77.82603367849556,82.72522306517556,84.9361786383056,80.74781030411505,84.7336258836163,82.79777399764083,82.54806902376951,78.23913333000564,76.68648921661054,76.66094572016087,76.35877221236063,74.3441174067878,71.25713747092401,71.38602473037699,67.55966636606553,68.73499853740798,69.46467472462373,76.79289842761904,71.99701115522336,73.21518041037602,87.78566397486325,78.49847256229465,83.69168475184502,86.34909601196858,76.4755708259108,82.37177480571981,73.32602959794903,60.56609494706161,59.776628271849056,67.87969051658679,61.657033873836454,68.64775214131586,81.71636939996479,99.31810520702629,90.3101499693662,93.16627145168246,87.06399705394328,79.87567995323461,88.2655368393978,87.52614194444776,87.90094706961293,92.18827477492614,88.56901221238083,88.37128323871237,74.87798986337503,79.25359818245019,81.60605699954263,83.69431811746405,95.57531030668984,89.75954971279893,85.88702958856742,87.69698985004827,92.0990293624477,78.68784739092415,87.48705369990992,100.267145340773,87.65607051668614,87.01806245361865,87.02107717801499,85.81262034962585,74.42418700234774,74.37984003355174,80.83661014811344,84.46151308398761,76.55664204531085,80.06648905614699,76.11219568037035,81.29838207333135,76.0673887927865,78.91069984063869,79.59477020708485,84.64812685722035,88.22175507342492,82.1938713319587,75.43311260329882,87.05580948810842,82.49159564671398,72.46437896294863,74.23133418209592,71.44454407722162,69.73840487387518,89.1679013881287,84.81138360568238,77.57045227439971,78.01415050441048,92.31115640123603,87.28211293758125,90.30726061940854,94.54486973838019,94.73430850243271,87.84237044356152,77.91858866547066,72.95670787489442,84.66811808010178,85.15239796896445,90.56843948098876,83.41323567298224,87.6061200199877,86.12232205278602,82.41988252344161,84.46246818943926,85.41094260157095,80.5235279679874,75.96841755676887,89.1924170551684,79.34668618741982,85.88266250137232,83.050630003377,90.23275325617438,88.04410138026074,85.29684218449229,71.70080011843228,68.7276215882095,72.63204918917424,80.3823648142175,79.55112694893762,89.78694546233802,92.18959369776344,92.30917611324494,97.02679169971616,88.32905968584457,88.70760549390832,91.09037537941512,88.01944920441609,87.8265341414884,91.42835369575194,85.01485967195818,70.22534136425514,70.446327745627,76.79297056411345,86.17314084262846,79.77865113103702,85.73843708963336,88.34196070602397,84.44178953190878,81.7827712308362,69.4404187068746,74.64279544841763,83.87656577972778,88.52176363666096,97.43100723045127,83.02387275265099,81.85228193385021,89.06676956332736,93.9006575303449,84.98599980159054,91.57295170663312,93.37865576764614,80.9740684303423,74.4358350753061,73.77906011038334,71.97770633038394,86.19227193686055,69.69505194312495,78.85450651066687,82.90164246206052,92.16772469204447,83.03283677874572,82.3982558307859,92.21510567823675,83.31777410824517,80.55657676046364,83.27183105277572,87.99939346192578,94.50599186202561,89.69792652324013,87.56346700948794,84.5815535910225,91.92443257868177,86.18202046852153,87.3400477836382,83.64011432822792,94.27813728849574,93.85871946596424,90.21627932197818,78.89024973695253,79.58014656033448,84.83660699850547,87.54494706804124,93.13607798728339,76.6542215567841,86.1341502762383,88.02666867869006,86.49393993287524,86.68700237641877,89.09109200789906,83.83164782176058,73.92308959350444,78.56631616428024,71.29162947965229,74.08487262001996,71.11189952652713,71.51015234654666,76.7246195936349,75.59378712211404,77.14512661792097,78.10475585599966,76.91742347916583,79.23663464724208,78.36083525672596,84.28280191590278,80.29317174976786,76.78556956760698,77.59735562175398,85.04587398644775,79.60653925664494,86.30499808132787,85.89235219175539,81.57976199643002,82.09868622432337,84.42479323348485,81.1197411633291,89.31412538976332,90.07473013769895,92.92626152483595,92.85647460703605,78.94999870135617,85.57062655437416,90.52902027470009,90.82670613330215,75.70182570927096,83.76137537726831,86.73899734586435,84.58728220647136,76.0477839600748,86.59617233200153,96.51155298454167,90.97025389912423,88.47090338292601,89.05755696124672,85.14553157696452,87.30381625093356,85.72238027906388,79.45161399288676,87.55186429159409,79.25770149178214,78.09486201041067,82.51938246015516,96.45200313695952,85.22690662856749,93.29698153691471,94.59136797231143,85.64565196867619,88.67364208458982,95.10396881800114,81.23800661608952,86.9827788071514,78.70451934634927,78.06913784953008,76.8431687787763,77.9438319124959,80.31383434284665,91.55630662540754,91.39400214960331,84.9351302543113,84.97054144055818,79.33680408579849,68.48859910444109,82.021023176786,83.4349048341728,74.50407751111509,70.64363529179437,71.17008933189604,64.91418995573775,76.05686694333315,82.2907734736376,94.35040223126656,94.98370152840367,97.9808942830422,100.46614217366158,90.74133043855137,96.74908126303644,94.07995702791128,88.62024623729394,91.37832916681464,80.09822359547488,86.96174182140385,89.09369542668887,75.23878576356354,82.68943733887926,78.76311987984715,76.89681626278819,81.26770792108432,90.2384497772887,101.67765518924234,96.10728001384716,86.30112606838456,81.75675514341957,78.8460996733602,86.89422959529138,99.58520915046319,95.32717410214758,97.13355888399212,89.95233524761436,81.0050518165779,86.13901427478382,87.3267800365962,85.35123004086662,86.94828579333196,93.29785200992535,83.52490132776919,81.66879182527069,84.80022793001196,80.34180733291797,82.74863551028447,83.00689354966752,81.55980012887686,76.39014855336168,69.13490543349185,78.20232819738749,82.00704825128204,76.52926258479174,87.41938131591179,93.18143952142881,93.22001545917367,87.56876162464297,87.81551836189587,81.27627502027367,80.19363703986747,85.35120079865493,85.608369561758,80.54109318197352,88.71871813689708,87.34163688298452,82.72227083093063,68.28734510419598,70.56823943962358,73.31573489659388,81.9327884115161,88.89607509321102,76.1624679831496,77.01547513780172,72.50243187244047,69.6292638392052,69.1141615939941,74.5639154271079,78.65525060820146,82.04353746152302,81.79149578724353,80.97504708740291,79.16124042602694,85.88809308322503,72.7634095982674,71.65960024369585,70.69137847797332,76.71247443898514,89.06352741612437,79.43620726848216,82.57548108866814,81.34731497349296,90.22146968928251,93.3432365916881,90.2407941590525,87.0499428866986,90.4349313994157,80.06167922898354,84.03882150756608,89.03689618145204,92.56747227144804,85.38757995759967,79.08906214202123,83.21742346789941,81.59105190469535,84.32244229408894,81.74528484099046,73.86129463560562,76.75787108846005,88.83201765128877,92.65118126674594,81.21625190148559,87.8512787269762,92.07068796294647,88.52972807475525,91.40641649129826,84.02371112662864,88.12438702307504,81.69031213235958,77.7402998334531,72.00112720858804,72.35751111741277,77.41569427649995,76.17760850124326,91.91968553751241,90.91856487315412,84.15257032826534,75.0576378142779,76.0039127119646,77.44107787193724,81.57816888663596,77.23938221596447,63.65711311166942,73.90298846156759,76.01342941775795,78.50368637865166,85.91535007272134,77.64546897569026,84.93049924269144,79.55192355052355,75.85468999720068,74.52866555376187,70.9277381751479,74.98142477883293,93.99621576485471,80.85990711175815,79.21692601778498,82.81430907091237,85.60665619514077,80.40767235454888,80.62577841275085,78.54253728292645,85.75449315162443,79.69437552424596,77.55224976951115,82.463952757993,87.93011142478002,90.1489386323664,86.65995950506378,85.90901908546095,81.75668183117709,80.81263850540691,82.95968905315262,73.37330503678112,92.21745571650403,86.27263089164535,94.73312494500928,99.70402860810344,83.92649638282778,90.57268290569431,91.09181802923713,88.22848835436578,100.2607098460182,96.70891155172234,90.18772151968952,91.27857297896573,96.64338545363543,90.29676490347919,91.29925913167854,82.26695716958167,85.17572763488079,91.03301142453003,98.49946974258671,99.87616700838494,91.66787071083583,84.09957491981673,89.42094566851605,98.32327564678727,85.94796187995375,90.15851335080372,82.79663968334995,89.9908393136818,88.73986126272284,90.10400928973856,87.26384779933451,80.69023761492976,80.98399987531985,86.73771372604226,85.66908130816469,96.17261941417844,95.59904483558284,87.83264308002121,82.05386608640887,83.27729132444416,91.7551889532993,86.6115419440736,88.86136049378638,93.10721476385112,81.85925622964297,90.5424903951125,89.57078068282556,76.86289501037331,90.49344470274413,85.08430059244725,88.00651670598336,75.03951347249001,82.03099144056505,87.53473332469139,94.20605668756536,86.67232097625352,79.8281042166071,86.3525325840108,88.829224662786,93.94328963781005,86.82265318266967,81.89579724903204,93.03231826896933,84.41850200522738,80.69105199781548,82.609805916841,78.93083266793472,72.29859418267856,64.47896273827831,67.02675151250818,71.70802135220079,69.32792122831265,73.30960226434865,74.70568352660715,71.28237161698772,71.02534059326993,76.14017949413929,88.92846223843117,80.0480832717631,87.16191573260356,82.07970779828214,74.75524777733621,85.23220077875654,83.77006422816085,87.40479655262128,69.72985583021926,89.97233249624658,93.76785833726031,87.092732514242,77.99659320868334,92.71316529309165,83.09776783761043,81.0868401626712,77.85449423442516,81.9637207582256,72.67870410806415,77.07001117840181,72.03634573605308,77.86355608513517,88.03024764072664,84.61889774028164,88.95335000396648,88.94710058177934,90.4959642466435,80.71167422876624,87.66325504339098,87.2418746218063,96.47313367644715,81.70822951896744,86.4790900579615,80.45056590518145,83.23544066156872,67.37975652097502,74.22985778558098,74.71343335744052,76.4894545127545,87.62637569431938,86.56685196109605,74.02498352108869,71.13335379574796,85.2478275391542,77.68087435481,78.83152679946052,76.93866207729832,66.02110950072534,65.45129728513177,70.66610004044472,75.74354114050986,66.58538092315662,85.70838198004287,74.99403399616223,72.49111668283666,79.84187602299896,79.34531982561886,76.12712078551512,74.8402119262322,79.84427957820289,77.30284367731463,75.59584093301793,80.76386387592788,73.44725903109085,76.14651641366422,71.0428456350347,65.77486830265137,73.73703710319492,78.6235251193088,75.60358097231524,73.07263813614932,87.1428650442723,96.24758183898035,96.52255821742554,90.52148461505605,90.88623614429603,83.7164225061988,91.68674889649401,93.63622716814922,84.37406476963758,85.45697355808878,87.3909386556898,75.7261529009169,78.58133981185007,74.91414101880305,86.22340380616852,83.5837896981001,86.52678522971455,77.29804235099353,95.01968214166288,95.35806003639715,88.46713088183813,77.86413359552024,87.46090560690241,87.11164202899619,81.73228764103175,89.30335609361968
critic_score_losses,13509.635882148514,14363.683746547917,21291.789113205752,3.621765041193703,3732.341433834911,1215.2503116347364,34082.50216319924,7.307456739190887,1059.2279601370003,8.355813992795825,7452.648807229112,239.32069653218565,1038.5185903946065,2394.836114230808,0.26227411896173003,6822.61584587234,6011.841241462469,6979.648019772857,11633.190755084226,6079.112765775373,10890.016019745482,13520.189229337666,12740.16955224207,3247.4139896712154,3229.0165979597905,2255.387683166689,1298.514085586691,20.18189751967547,4737.328688831648,342.1785000746557,5973.353509694439,6956.229612542589,6616.50836679584,22.694470600921317,17812.61754137024,1405.1201409100784,14351.749130886872,2193.016840558257,457.7510025877982,1037.5184130413134,11690.574734644526,266.4043370328021,105.77753876705616,69.88119616359691,12319.192567994565,58.9147680180893,216.73504899455656,410.4261798225047,633.3207108941352,3703.643548909496,395.92028841092747,3138.956157102396,341.3649524942017,771.8747085645218,3479.6019903455262,8741.837598945202,4.891221282975525,1740.4523312255312,2769.1721283465354,3246.749683624434,951.0819882131104,915.5920023978654,147.85113099972006,403.7170830249453,1391.4734553433982,2502.684914233936,823.3270288571945,31.470916886044975,806.478667618667,3210.7534415194596,1115.7471925484367,1536.6383962713567,7325.520232315048,5777.124451125895,1985.251703165383,6453.029518296849,206.91231668195002,7514.31187126828,5475.759835841622,7214.512990308732,3560.252629732528,10.578048415995962,12726.934686450182,3283.780278252631,43.669576227781626,3960.206327770873,616.4018949546,4886.903565868016,12067.082048556142,4730.678316474473,1791.0930672211562,8823.97925380403,3070.1696164487666,10402.633834538701,16612.66292528334,10589.281953089338,6733.44100419311,599.7740301535139,0.04298936714845823,2663.1379609762266,1400.0221909342729,10163.056632013142,178.68799066508214,25.525614224418646,999.955868211756,12158.381836629496,6859.742294947345,1357.4166851273274,26571.672713940163,1354.234264456242,19.2671940475002,1530.1903654690511,8189.6118264163,3645.936400122045,4475.1621636657665,1270.3292699326653,664.2801317359957,11099.045186993306,5721.02306413607,1024.1097698698443,3026.3003722930775,12788.084425500032,2177.967997831535,4132.03998863281,2217.4958871820295,445.4624304402805,429.1475401541459,14103.388659439446,757.103658767442,18661.599819734365,14.094435289621844,174.98527347668653,372.81750062277933,9.690196801993551,1149.0940136956447,19089.23624692197,7180.57840331887,2410.844414924918,747.0344936423016,11255.08583891491,108.35001759973754,1202.3300588433747,3360.80668576955,1630.113762436834,22235.034611182968,6465.005248537987,2260.9067267377986,6286.329055034161,13236.401522085253,1831.4643760427975,25.05701835011298,25201.636996853405,4773.641346195187,4299.420118483325,18599.250835000203,2139.132979707933,4599.402485544521,22706.75927033549,35038.81174074533,25223.808365315374,3000.909823194939,498.63589751947165,285.71157671187103,15322.145595301667,13295.912138661413,350.20685058724365,5899.304016940209,5681.624143706813,2259.182589327341,1318.1313916820518,497.2006377017598,6.658024169793628,383.923852027194,3903.526221555988,9135.653381120177,560.2529854798223,32450.05047521074,1013.8198552186411,59.7248396888203,12988.872839155603,11459.379962364183,7274.36554345768,28385.92568775809,13102.870514528477,6239.133170024731,1412.8339821985935,45.51728891190811,276.97225519084816,22091.772180661796,1406.269838560324,1677.8218528049063,12.34063635142285,804.6016473729819,61952.38555554197,6977.5340829267725,9160.683399041725,0.013205222633104434,18335.720037777024,518.9473355229067,847.828385183457,4992.345810400279,609.4913620010241,11098.002608797618,2493.934992319151,4385.974244693776,24063.59221565847,9585.828761394498,251.645001647904,25341.426715260084,1893.021514780008,6991.375476296986,698.3711987785907,599.8514411868848,22897.8698968016,266.0785186012994,7102.592361828382,1826.100883585625,4484.272919259964,5831.4901913753065,1209.0485562522272,9832.64673000089,6909.793037655427,1769.8049411083252,503.0775465892725,1294.3872630882934,8726.130922176815,161.99631117907543,27.75809962221283,23101.735870445955,2162.5067091322317,10369.667065573105,5468.225409730532,1495.5203948833177,7078.081213838234,1223.6126511650589,7727.600667310692,0.4008358854761693,38.756626116201375,957.032313327582,1763.5194489663265,52.289968963061725,312.3960548274308,13758.281950226732,2260.049291473121,3996.554979900448,13266.929174840749,9357.234423097738,181.2641902068068,6998.321380156393,7496.11566048051,5939.786999035494,1157.7052317762787,4375.41560685297,1409.5689468442235,105.96634056154758,6282.345493186313,3973.4219044391243,3931.295862762049,8538.092681574984,91.47050682760066,393.333972064909,9807.367202661022,1254.6689126517585,225.22179828267113,272.280968403404,1397.533711045392,14088.120872468277,7280.770143497117,3094.8963801112773,31.63776326137534,197.32691903706262,3700.758153967896,18747.541752452213,221.84627693634812,29.672845263147494,452.2213697525774,14981.001435087988,3099.7293779080183,1705.5438176225844,819.5694321687486,5.430468046163937,10274.93569633706,15721.48178017852,3200.431684736066,4288.404372375112,16934.915178130097,1521.156337386533,3248.7474462685554,8791.684972619252,433.1400144178676,83.97992198442797,513.7416048418721,5717.149528768918,541.5548145441344,18615.620914905216,1672.2874224711643,4396.106666398229,14.997146009132154,102.1647188098336,4786.561706164423,305.42045302843155,1963.9692926340572,3650.0830273065053,2348.959888174957,4133.983988725651,3.4100554662313627,537.0987185930841,85.89004351979705,6113.323692608889,2967.1491521974167,154.14236685225708,6990.730552673321,1029.7892959501294,439.3981777191924,19542.17259930783,2751.149687392166,454.19043425088415,12118.828477122635,1621.7998307757548,16.04674671622123,6488.16815692134,7057.531869519804,8318.863294575138,132.2712280848731,5266.427976183287,1062.7392047972016,28417.2779678937,12029.183799165556,346.38856824950625,41.72409737904119,8635.295238153503,1428.0270408320987,2899.681886606685,7378.045685793957,15306.328798547256,12237.359833771809,0.039298456881370375,20962.72913822396,2816.2187238804872,2393.363986793053,13362.804438562214,171.44219446837187,100.56315443687332,1822.7185242018759,144.68775894096785,3175.4860313670247,3775.1736274266427,11438.019648189093,284.1891052601098,1537.391411777755,4307.867932760075,598.3134788572814,165.0909576457092,5874.322121474102,1125.9791087478604,3705.1994462366774,1719.469702157449,3527.29489486267,20343.292313308903,4152.387498103008,4547.511534982122,1460.7774125604712,3760.764666323309,10928.375923571837,1948.4639152377747,5905.930198271608,7015.453221417344,136.48835186569994,1334.160027246644,172.75274352866464,1242.2892268934536,8114.749657104793,3261.8561293735397,996.7598393997961,12862.312832347112,4227.704701230036,5230.906325703541,6517.445323809756,3819.6895145028666,2046.1405407197947,3460.6709074282167,3494.192524725105,24.27476208314903,6366.016535806807,7246.174067207175,695.1885398138276,5126.68484227946,6076.136388682546,9090.581803370254,47351.04672529375,3318.871308606104,12810.669997824592,21966.352681753415,1200.7044411574195,9444.196325859357,6809.239122750028,2454.438589589063,2.3033352603091823,0.13688242080782712,170.47499942722533,102.31788229943749,5640.475400604659,7867.57369532183,798.4841055028938,417.3435182288445,10763.240334048642,1921.9968023561828,14079.301364930094,828.0683586788256,11857.65669840104,3.704081793649756,16957.14516285761,6177.770439259896,20291.33405746499,5842.975108513416,9.04291898944087,380.1397531680731,17.507434668732305,0.8191697861461008,6960.42622911179,8414.315708976996,66.57760220375509,2907.5976282487723,14671.618648060134,884.351933108678,354.9152265283589,25471.91511262575,4457.602186250025,498.77126498738033,4068.447543497863,2158.145960271631,867.9964027257795,875.2894089825323,2429.2584387797997,5195.967043164652,688.9731282732267,3295.8631283039463,835.2795005279488,6284.580535231665,2777.174749828407,8561.952497880617,3908.0705843352507,98.13978161281379,5648.786604610386,911.6348609449307,950.9298744745047,176.01076873325212,9882.0131869473,727.1919513729218,9114.013928055281,1001.7466427209669,1754.002240876307,142.7038678101953,1470.7845049325153,5565.54153815997,2273.0811764727555,1163.4773987987453,6434.821781741343,824.2356806106344,1307.1522535556076,12644.32344872344,921.0302838614946,1836.3391949247816,700.6718999120349,415.28770793094213,1.24470607307094,2581.6611368797426,0.09483943972210675,49.21170055760589,3887.783888836952,1140.3113779785426,7118.144079203503,29400.678955084222,16142.34161218942,4856.706116781861,76.59522672633719,1234.8819170417169,392.04738175224793,1328.5436513301156,5041.887127756376,543.5180683046234,494.9894652152028,2977.125963487272,12610.029209417587,2095.037397836369,1007.6313824149116,20297.538329675383,2708.14322960892,6735.213235730013,1628.9198188350629,2280.1036651580844,8563.170824125977,713.1503987415343,2420.676496574253,13564.03192836551,353.40148197332513,17657.981908696176,1330.9336796534703,9285.090165070374,1373.8360449756397,239.06607721421415,8019.806910207939,17691.12216946172,4586.759042790075,87.3985503994371,17146.783645076823,3726.1452201161,3690.6097237220797,252.07014141037624,6905.145477598518,16235.0023321558,778.6079733468907,1034.9352546401797,1280.1701191672184,1123.4696993895743,14116.41024241536,5745.301337801957,3488.2184682573907,3133.21144034356,168.13356931035568,32.08249099511673,9285.694984616995,9450.928551930847,14563.395484142364,1953.349132315673,26323.280340466128,575.0602901553316,246.20068439612834,4263.7732482568745,11379.400863767545,3825.041480311438,13.787866841753074,4099.381288166595,2541.1826849472277,14.261360617629322,3774.7967689172124,39.508350302888886,1620.9202617417732,1301.2931189712876,2302.5177031376247,541.8167017711993,285.0818858429169,2341.9716786977096,2822.134941013465,114.17642375210349,20088.857028615595,4019.31499172684,2449.8412939277505,16110.925819687578,30516.866069888478,298.0768851518522,9557.706521398206,8791.443330309201,6342.491203511911,1359.0803366280054,603.4849435242005,34.85243255055562,124.1158550901604,8001.223939887777,423.05952028625217,194.66250257228938,321.2153601589279,9597.889947204383,11961.143694210201,47.114632476955016,975.2427208254971,6584.283867802702,3308.2783824870216,3629.2591908092872,2795.2512195130976,1950.3424189267184,5299.630133060161,896.1456630406278,1173.4805395725054,29803.007464033202,16085.226789983142,1159.5858543845404,3453.7080137640005,1233.0338533867027,1249.9747520518622,2034.3029616756762,14101.926697696948,8702.80940321816,1242.638552959514,2646.989643603484,18784.839759558192,6917.982376629421,2091.378563221017,3155.546281870305,3904.2177985756266,3105.6056031885423,6728.773551716947,4821.413952007048,4730.500624412376,10400.417458650458,3094.1810430695073,1063.1401827062066,32351.918991129503,17553.980141694792,556.7420839126422,9839.531630588821,5.732455711647246,430.3856143418322,1573.781614485677,2242.6360665064785,2859.235552692777,490.6290976309431,3989.158722702515,277.4703882246841,9.834953591458744,339.4776250911864,1.9097425011597438,454.36566856473297,9517.463878548577,149.88953798152681,935.1529859631435,3021.448235580993,1654.4392717511864,11646.767562795503,24.513679523425527,33203.329544797445,4565.858098918034,11572.792240181992,10471.476246393431,16.11864689424071,19452.531878106736,11667.715338812346,4756.873173809176,1632.3804431459846,14060.143104060136,148.2816447568948,4024.451841827131,1313.1277967342935,10989.805751211934,4197.731354634766,8740.381083297261,382.0912622419085,101.25760817827656,592.4362549606852,22216.878379996513,10265.669083537854,1467.5271985646393,318.39452347192105,2670.355453230881,25.068830486434564,38245.84871217602,2539.56872819539,14.196139833491364,17523.135932552294,4073.3986757081107,376.33489215371964,1962.7995330974188,4729.241648068111,236.53223512232765,4042.522255975767,4104.719060449429,8494.23821363756,1303.395768884405,224.82083979070254,766.0700600034494,8821.814119218798,380.20329105858536,827.7625396062818,942.9158237177345,7338.096192967579,11298.681660372833,4525.007496879265,15092.451680609365,18.098256841671127,1755.2035445508766,9015.775511330836,2996.201644509373,1.7819866680782102,3879.108612445432,2517.5336022285906,2521.653922433036,23744.46381293874,784.6795791365802,26.855834920711107,15670.198169517635,10604.033610082914,8166.442607507564,13681.768231248292,4280.362457872832,2609.2259537767213,17033.619736252484,3508.8384231154864,21796.6179051062,4383.416300335906,2800.3156266268543,17845.19175628596,17370.8784484549,2230.312075612301,34915.84364807602,8513.95760388841,4380.681263181606,19.694811793776733,17515.85907874454,114.43403160383693,94.03265487540125,6144.228403582561,93.3291014883849,1423.7780673628642,840.2289574209399,874.5020276028163,3119.949179205049,660.2904764894563,4771.236818303302,16849.001009122367,1325.765339964223,700.5405505371682,775.993900642006,724.5645996809837,2856.6307801032804,734.2429935569714,4835.159480590601,615.006484664246,72.87992947208764,924.4931875200392,18649.03054448799,658.1292045601098,536.9880243906753,3247.6767486050426,5713.668432103582,96.63085214674018,96.95760412013072,11.274159814138624,15.517665944761726,22419.05559235246,22312.959628747183,5307.256935206448,3744.343867928436,24282.029501601366,3099.6709510316773,2679.2738818141884,6488.178763003467,59.98867222614831,112.54082531849119,1075.8061560943,12599.655109704345,11135.905485811247,7041.240109706102,2226.1806614094135,1137.8823581813406,670.1922025074875,3102.6247735842708,6988.525242011972,16766.215583343317,12633.467915850502,822.397196994714,9278.75037693354,1640.8273439946593,1598.6311171715522,12623.05048906899,20028.545381275737,4.827337838209698,6032.594207928129,3567.1728961985837,39.96696826302981,19192.213565742273,8096.40946609677,7009.216324466708,989.3593649226816,1401.6324346574102,1822.7936742090496,2180.138197556111,7602.807925448248,46785.163475009744,8390.990286862318,32.238356435055955,23897.77312782154,8993.39587711347,174.5546192338313,7735.45334952314,3622.219211310739,2604.170515344689,70.29478450433852,269.1543817752103,2105.9728439721985,39.00173936416922,2482.3040884647744,20360.455692876443,14067.231471452862,306.88661357072436,11762.3660095273,12084.779048389715,2698.476169084229,4.170235566559593,2132.208688097593,9390.975636850426,123.4674838660448,7086.0417089196435,14585.502037283719,7496.707467693431,18378.894876886287,6896.653916322129,14.712398467159408,29664.881907960567,477.50045685802445,558.3253620019935,437.1152359607888,2279.053216719762,6492.050229927094,144.30982148162917,6154.379102791656,101.35734444398291,33.287221816383884,5845.481882750249,16645.1676735874,1300.4460337237963,557.5113120548484,4154.967071235384,13180.020628431783,25061.89182131993,6062.805597390405,8719.757245669482,3374.424180960385,9613.863317306092,22870.90369045083,14.202082527912905,1366.7965950102728,723.661401024431,1637.4955045352783,20197.489988572088,29100.908050877366,3445.286956217655,74.4445914311874,273.59574343122773,318.26569508351656,35567.9996510494,4147.366971897157,3283.767137821438,2442.6798844573113,8016.576401583335,2476.8773168904245,273.1698794411874,2631.365449400392,10786.243343519951,1399.1780624843493,102.41400858109178,11197.596482464634,223.54374168908083,4332.469092101168,8751.995061468244,166.02866514457835,1033.6505972454624,3598.5380098943397,10240.791926025517,3171.5898475207455,3156.614592345964,972.9801027669919,9319.505861396334,94.25444647826285,4899.274887617754,1331.0593254513583,356.0714941995774,4662.421453885118,13129.84930649004,9919.26506519708,920.6567453245721,2236.7589756641223,2125.506329607039,366.67130396316,10.739764494181008,6525.243523690142,639.5744346358972,4852.446215828689,2233.277737968019,36.333649228941795,27221.20194838563,17119.767045238794,4579.746334112582,6264.278659084811,154.4409352951803,5357.2853479450605,3.2689865876610407,1376.8097661657564,5760.699734024234,11898.385617669861,1597.094407414664,15603.902999857155,50798.57479421238,1986.8486748875494,3553.477022602524,4057.312402877959,6895.682935977563,897.9259249269933,661.0541506235412,5021.221989760706,3901.0710198221936,859.2211457333576,1218.6933499724748,1322.5021317144794,234.00796389242367,2116.8758575348274,9320.002054528954,1.8261353653308865,1670.1221490813305,6479.848936127987,29.094638765174707,1116.9381358728745,9142.479478765323,4769.72976365064,71.30028684478886,6335.295353242642,8927.141338580843,4998.108928557519,7252.114608873743,244.09627413522583,5281.953043841587,21.095892816553757,11208.628592358105,1211.657495105926,90.47076990583398,10218.563918097438,2604.5418865589772,2041.7782496618222,473.99893109532655,927.7049074106646,2268.290293727853,3094.6302868462462,18177.75686651622,4377.294132845603,1000.8556284977316,403.00143328646567,4925.427542508947,786.175495005394,98.86971155549314,12462.609670638883,3353.356070708903,41.759321478724225,266.7844364976526,1594.1806550782396,13.688491706636274,5134.569738898443,173.6081640241149,8886.305827897026,1466.4710690519598,22.422558271870848,14146.03778187551,163.67681067641516,8855.791707248176,16076.996595760826,3.214207250045374,15508.582420906216,10773.221675255574,253.73491427519247,30590.109789767295,50018.12297644894,359.9759229441867,126.80311702937327,54.118052779872706,62.54193944598866,2532.781114445562,267.0497200267424,4916.4230158586215,652.4963718532729,8878.626238673934,6461.388821603918,202.70719444264753,433.07209578966916,411.487350418894,1781.9944809801027,23557.622704173842,1339.6770881483392,930.4245734933107,23923.153119379953,1179.4300353366384,74.40138712888674,482.26475948372536,1243.2897851256193,1242.3258763466588,2820.9677446969213,266.4468517198005,1207.2144123211856,922.1863565631234,12388.574433487698,2900.2292784362944,4837.688307660926,4526.446586330975,1871.7436163119721,17016.389954289025,2238.8721150269403,7958.738123943056,49.626500597031665,588.2736242445842,114.79355311542696,16648.299731149014,4711.257232682387,21883.81080229212,2328.8179383585293,217.49622684867632,120.51123653576266,5469.750255795048,611.0950806263038,7929.472336987657,2519.361462251962,21350.34041304333,958.1786280257811,77.73643887207642
critic_expected_return_losses,123.58445970337169,1.8397589667200733,66.4069596195428,211.51729274748428,0.04214325495487867,6.376264934873847,10.614549219697194,25.293305468517588,21.228998494473924,5.348022326416343,116.04960796543364,0.02010531259617911,329.69743006275,397.4932858081178,313.4535873221772,25.141881969433065,76.24329281431785,30.97567447156584,0.8218219105882995,12.794945001922194,281.8100061375995,19.358530774767182,18.17693377179183,13.936379858099487,1113.562961140363,113.00505563757669,318.4578972452101,27.415356945380612,26.563164254867328,2.298544112007001,8.096802728050234,2275.6282042696844,1.1421849500437027,1.0111843638396902,41.00528023792292,22.76599985064992,9.889714228789861,241.66514288239267,164.26044545160875,288.07841852792734,150.24040021996512,31.521451711913613,26.977844714689844,24.222189001906884,3.132766415052217,83.48428247021629,1.4202479688080396,73.23370354531943,11.522830074685288,5.70062901752676,195.26522913502956,25.05544650771078,6.592407873872782,20.47184698757057,378.3717649752099,42.02558719612315,10.09932838279958,24.97350788954636,11.14543477082906,0.9200954905518114,43.31319705081445,37.660703187824275,275.9962241719249,58.31380532709325,98.42600033914172,131.62713319162725,61.488455005670055,60.611274117206634,56.24727169338472,143.63656700318901,21.546577336319803,17.36692010772685,5.468994969542433,31.39329142639632,32.01902387538089,91.93750826003284,104.15673565733168,1378.7091529956813,2.129140819429506,55.44364859065772,0.9139908153269197,26.38716217939149,55.173017366771774,10.776509080635009,10.227101516205495,3.889835947066533,7.565243188304426,1.432717071105478,9.945478714240078,1.59523593019954,22.225005047213955,0.07618627821119596,3.839292295654809,52.93173328438088,2.818663642670806,65.01292070000379,308.59644020639536,71.19136904327866,40.2152401248653,54.45278011883387,29.48632722711824,0.16738586943857894,140.36220090711075,106.03186833349582,52.28636863812429,0.0274555487095206,32.963451901595256,5.006263011782066,104.45896506106433,47.74412668672225,1.5709214169697219,10.417205239229418,19.108556871907425,306.1738917751761,80.161022105304,61.64950996332906,18.588927536217223,3.0272660287342568,34.6163534077174,28.202947367895412,261.76478855407447,227.8227618402759,110.64082909909335,70.25968603470389,71.66746007941869,15.054187041031609,96.5842401337933,0.7634026663474344,17.11920758904441,126.11783568472143,17.933729604225725,0.5317159965413727,350.5771774192092,4.109476967806236,0.554193632407876,22.635103683567984,81.77179986956632,89.24813739732942,40.321127911336326,0.021425285487066417,19.992829349799617,17.367528561770555,74.77736670057507,106.87026912982184,30.110672199825608,62.85956529239917,46.74533529069296,17.12356056200427,3.100444246431193,8.178307686264917,22.198556485760303,42.63966348692701,68.96420485121095,114.76121303889279,54.65130556358018,0.09487619983623058,4.047200092947055,4.550766840087636,145.66399626419414,0.513469809333011,0.014001218916524307,16.040418236311147,1.5412951270462045,42.95264780541131,62.59605389405586,18.33553116111714,0.23942639649302863,33.71407338126713,6.975005823506157,128.47558732266347,0.03209320169257597,26.042082108386033,61.66879551919369,29.84450781200498,11.362216743680136,26.12090026064765,6.508699321631851,85.33050018863483,26.6094972797165,0.6138541962386239,0.0025381959818108622,1.161881724101366,3.3567423543233215,20.925699761480697,75.17207670133898,129.1625993634529,107.899238384059,20.02689833412697,47.15734130258067,43.06638503580397,149.58669409366502,183.3845487826203,29.050097050080105,73.24996547128428,0.031140952978372417,36.244667864062585,4.45892052687968,0.012661640501581719,19.06936720295086,13.976946643007613,5.329700330133231,0.23767509133912293,2.5461581317786943,13.26541388968401,0.22139943414496885,1.0198401229463694,13.345272430846697,12.539857693231257,6.3477178406663075,57.35662605572199,45.77260209530608,9.652393247185998,8.527499330504458,1.8954922876919842,12.602334490625783,2.553464976684795,4.428647418979357,3.880560770249408,0.6137961726301384,5.7299625861250725,20.756874332665497,4.444567136680456,113.81678355845972,43.949419529363155,0.001158550167478497,105.25536003702939,45.987797572804446,3.4465941775015083,21.383029375192322,57.95967389109447,43.22234807563145,14.224024884928053,11.406704072543237,62.67584812894301,0.6749186243530471,82.43899636629546,32.718148539511546,343.6315394826312,123.35262805427972,155.10178779850955,157.56789723207933,151.0055311614109,376.3250485396775,65.41159169835025,4.299422125584098,4.53178220787708,13.701829871282786,5.9780835408234045,19.345646818090493,3.3265876678920456,9.610299114497607,8.141100107539366,17.454635070131758,90.17655426396517,0.15949300599094082,1.3637699066373896,17.278097759120694,0.006146888309833412,2.333947289825963,53.15369942933564,5.131776074586409,91.70361838515477,32.85156356358058,0.29179098293928935,1.248848522574225,12.957176791285715,47.094589337197796,67.58174123754138,1.66847944004006,3.566545101388276,45.3324350385857,4.500971272174104,2.045679625972806,324.3820530219799,65.72590112082439,4.66160306555621,2.805700911998958,32.000835169934795,13.725045420973652,108.3716224423156,14.274768537423641,53.11578873404778,27.727798842105994,4.317736419358237,39.03141211340956,11.092790680097712,31.24220924129964,6.7224148905068395,125.67302112674605,7.943230351971166,0.9957668895097216,4.987983609744159,78.99524662054367,4.867074422103238,43.88222379791302,23.189297039270652,33.22732400365773,64.75752189095637,119.91694750390572,224.27026320408436,6.520624309952533,4.559338660229214,91.00877807097626,159.0078120675918,26.18679337311308,3.841453707163291,22.394233192208322,81.38307991833115,0.047404401622310036,27.213924623033552,0.026743261656673904,9.30236994839135,17.418502441426856,0.584235434490545,2.9286103992191794,24.250690892486208,357.5401819702086,55.888919818316396,27.934284246939725,490.55920224455724,61.24587825485306,11.998641501810908,15.19891641465955,5.917280592225477,8.131854598368077,25.65569905892333,0.14507004284928984,99.50664768534908,4.4981419418473285,1.6064192458264481,34.9633624305572,49.06248590694811,0.0006279253739250465,0.15617107007640424,11.17482634683855,0.032048023495564154,42.30129401360821,4.277081192185689,37.44769199584589,58.002295893366345,31.265802234698466,1.4139761124292054,55.645073762141955,0.03977931671576498,29.92249018644272,3.700209514793185,1.3865246319097781,0.3213352424102915,71.20355726207931,23.655140600844383,19.220255023040348,98.59315485181209,40.182722077275564,5.242487888878256,0.13210280014686973,74.83134923433971,213.0778914150939,38.383594665538,23.681860105329456,40.75566870766565,5.9828359563394855,1.6059899617388342,6.8946247817762565,36.186160300978095,8.517660144884815,37.8427619495334,0.012406939735942344,5.105526428109015,71.31641692078443,30.283493034622904,2.377575582618487,19.8546432116679,7.0792884967229535,97.69328735441053,7.669106601800392,4.787664846118459,3.3654499109198777,22.91434364306977,171.31800085612917,13.014047647792223,2.1733394774778287,2.0044035977922565,9.981255308364615,29.633312145279397,8.582212176573538,67.9302798499565,55.99407843071859,7.372059056515005,44.62191579308032,45.54692518853562,0.5120931116652444,26.577403239804916,5.5926300124225286,0.3217602751706711,17.777572352390834,54.642786766136275,0.498412045693601,98.40991078452406,9.035564653704597,63.671741575813705,33.47557890992293,12.378406041815984,1.0672919116011335,11.929032347266046,8.394694721140647,2.49173206038491,0.27243586714071366,1.576568265349665,0.20351676193875873,4.598562288892779,6.729414969045241,21.159770651766827,40.82208373167161,36.92006086983944,11.101102309245782,62.34798215573908,108.19736515182386,19.709084235834542,66.42679180122546,82.44820563297301,74.52465838879128,5.093571097106075,100.20413328106189,73.48305372424667,0.5926178145795062,0.16755932351451944,1.0308751946848747,3.1901219395008984,40.92936424311652,3.5761685619481356,52.01796569907224,163.21671851238,299.16450805903486,151.12233002660054,198.6639728432311,32.2159587705641,7.775328693104757,223.60702449463864,15.752975661287387,96.9088730110989,19.547192442804864,6.110783897889329,44.85268327179379,0.6466977117467929,2.3127583842973567,176.01958128490494,32.03397476852189,2.585375970055169,42.325399575994545,0.4040614521490475,8.572674578727034,2.8523791494946815,86.49561972361437,16.076870497344437,12.166772913528616,17.11917910766512,48.14002876970093,7.254960338995383,0.39708801374184816,120.10579434853983,20.176445304755617,29.34063874337746,1.5084874875218455,26.40117042302637,76.19390156650098,44.998691150543365,7.186070495957612,24.38219931438882,35.14258882648336,11.504449338880603,26.574553796128548,9.388037489859602,15.214787053024502,3.2083250095495655,6.688802749269375,0.10043857113718027,3.3833191639074895,0.7779719556505696,56.47798989585212,33.64874691952573,0.25841673225375256,63.65000814996403,0.2199614808736542,109.18618322330283,80.36365098315774,3.747860470094448,3.403565798420523,24.433559789872206,9.88523276271251,38.4318553647099,0.41623932286324966,11.674015996626673,41.226038076173154,103.7429944920181,4.021894898222883,9.149056497741196,1.9228495182866303,0.8475422254363344,1.405747950194045,77.28433215061202,4.500418542995654,7.17911010803209,24.02986357045521,0.8901563263014936,5.211512399435937,0.8327592624271988,12.652910157352943,1.3535237210421223,68.68354120997851,20.65829975243133,14.18003449022013,2.5762972542759504,39.76099283721969,41.5427825187831,42.659582869140976,109.39520198050297,37.72160603947563,96.90731450913755,1.6727544449196732,3.9253095517015124,14.604394236365733,25.29570987698122,25.63597092011981,85.81338170475748,2.098529955682537,5.229936002178079,15.51247178321437,12.198680371674469,2.392813965299291,22.213987935041317,0.01477315549516021,117.44592255726816,100.25543689729417,12.582348529818333,8.308001281768982,30.365327200415408,2.3906726321920186,4.211920892963483,0.06376197356536807,6.229836071504434,90.27232299830341,12.450370154244508,0.0006491513336764806,15.02007667678143,139.23998518101627,1.4942647118254453,11.226353477852761,31.895827069105426,51.151512001481485,41.277052452542804,40.92172171619663,28.478940539834316,5.8156365125162,55.86570416976272,66.35232529603648,83.50854745414689,26.220471028890106,142.78234254122083,16.72924336566639,5.388248487942865,27.130541961414128,0.00524849927897967,5.5211561612668145,34.549243968416036,36.83070087731416,9.577500003026925,0.8956565248509136,2.452445445240313,93.39964763799435,4.575024280131709,3.9246731226913774,7.31769279334922,58.12308583774675,10.527924875921912,98.82830607473909,2.8204335848545616,116.47490644031025,50.773487617983164,74.28381505730889,24.845503002557376,0.7220094390614884,0.07167060382850725,8.685361315285226,22.20278061471552,20.83867554451262,0.4251562236212849,2.648950892022027,5.832842291852043,11.504572696313115,54.34840782690966,1.3573521169338927,2.2199692495420953,2.6455487423047277,88.73111949595936,30.49663347726354,107.6140627905038,62.0747490929898,27.73764115283913,3.6533410503603876,24.965464041402843,29.30618128756364,14.110708753115084,9.00521883199022,5.714572938657517,0.018951243890631565,15.414009892768288,44.48708203146737,6.452836877785176,0.13966021386430072,6.991153700121399,0.04102589366690532,20.67961459855539,3.24231835710551,1.2709129050066692,0.5007931037024957,10.022755531833049,19.374178782699595,16.99996494109948,44.06417833148582,38.47014183935587,20.959026208499807,10.873872902963056,15.24912795068285,9.45084976515819,29.574194030619086,1.4055665509163084,2.041641621748741,0.6589082992932586,17.717153545658782,6.256858010544917,60.73805234373173,97.67960083335201,4.417049012995557,15.059839239107847,0.48642169329301743,3.3171981748952977,0.11392687072161642,7.4592356460673335,6.671166320830153,14.122393516140544,3.1056813192134656,2.303991999054706,106.82673228351075,2.2689094348471737,84.80414980604516,73.18081400931676,1.4765878577796774,38.36533555051794,102.30662085622716,1.9275592676852351,19.755048922380688,14.80970889458484,13.718120604379028,31.431647832437864,4.813494016497227,0.2665108042957306,50.60512103865569,38.87922592758872,0.007423587029234808,0.12472312286958182,8.58215168689223,116.73745673386529,2.311465565343193,0.26197142886159897,62.823502456389626,87.62627924954234,109.56837279520782,129.9756782922952,8.117699477737187,4.474258043021727,35.057657699012765,51.62963549341462,137.91868817398438,118.33251892327107,24.660303437979103,124.55104762754142,49.412088552347925,4.727903489940406,18.547325356753742,15.131817100120143,1.1910852010988355,33.248485725278215,6.011523745721059,3.362564081222942,21.40569624180647,23.39927600510062,1.6537040288959328,43.227987533321404,172.00991084328058,75.23991127534222,0.23863557048813833,7.77245598959432,2.3382905612322533,3.361855782412918,98.84698558226556,50.21932344934783,89.41928391260045,6.581462001574666,1.7925264288351466,0.5777395217363984,0.8892637277220579,0.30806772471947186,6.625871604059905,68.14643315024848,0.3411984007898701,10.548126370111435,2.3544477946457008,1.8578620989608245,12.848167520265415,1.9100562660908238,10.191744776170756,0.7880820840829157,57.33792506468021,4.003837796451166,2.386870066301614,33.52719258525627,12.076881404686933,73.98987836430885,117.33595488642152,2.6800418419667644,5.517320098657188,9.524717667444222,16.01536681028442,0.2887787051057534,5.4455231506465696,0.6435427222566471,9.95797274379458,2.1885344680075476,3.471118808467525,151.16662887637168,69.00694972895049,77.74681974286692,13.50512680325663,10.608346648334493,7.995122890585559,43.50454084393851,73.66860289321684,27.224833189468434,106.94899449676683,40.0677680759503,13.438384782644652,4.054530050172771,0.41909659569669444,0.7952149468990982,8.745393329773394,0.2524001593212117,39.551745015982405,38.351109537184826,91.05883707463178,1.1243755309256465,27.989760923924067,1.966362855359614,0.7738192401394656,7.317938888002493,15.396532718499753,96.48423420040567,18.566663571475054,1.086103887963078,14.995928356599295,0.10711975937984185,1.6237872682694134,7.7074717169179685,46.10548665355556,1.5977748141146535,24.541835568418332,0.32994175086298405,4.957757433408032,0.24510025788557288,1.9839100276247479,67.86176388127367,37.71084818704785,7.0585676409778815,51.850175421608945,4.239395589488082,1.815136020131469,60.9524916449048,4.314233168730043,36.20129525786982,1.6683882314096294,26.733893012826265,0.09590404949231456,17.719027184586167,11.875895235123037,79.1321903653406,36.108132693938245,28.169785893148084,20.90487226361427,31.860217293362037,4.4235044371052545,30.929452101823415,4.988836761440238,17.800896150619277,0.3183709303266108,29.964995124788746,227.50324860389244,46.52974193153578,33.217869546332295,9.39620905981934,0.5298895331551922,24.4522985826609,10.44504536666895,13.424701188263395,26.254394455426425,53.80094134419302,48.57641642401185,60.20770685111808,94.27684368547669,13.651425040677161,7.281327808296538,3.5844476439799515,2.3567883806260492,12.28202684846254,3.7050709890947773,20.392756848101097,0.0017209841300874207,0.0008532271661696042,19.474490708364094,0.1034500929781656,9.48651234372484,87.947133589642,9.931065896342531,11.452996018196126,0.8861728488251381,1.4223055732922125,5.022703360923972,59.687837628045706,56.79437739837261,1.2959021755279632,39.84649223539232,226.33291470518418,11.528276154064109,20.515007710472588,77.24841109994993,28.340577164931357,123.87009621922707,84.09024857128554,19.850072010364553,35.07366691599292,59.47537688306763,14.895335280902744,29.472409617378332,2.6967249109454263,8.119326057563518,19.87693693273312,107.01772885509504,167.6084635046564,24.324667660108492,3.7296079629624206,6.420827855142023,170.06461936011095,5.387637153989275,10.096995714409893,0.6934447429471762,28.945901436506592,7.4424348877949,6.514684719527029,7.421430558812426,4.127563074691415,6.453157717466901,25.297138344896695,3.7830912756194213,131.71916096597963,96.24691316675366,44.01771211624199,0.3488082605958181,1.213823498305901,27.55095882130493,12.450981001737755,25.683433170209533,38.17011309850006,6.918492647020794,40.80401826378731,36.572989682585884,26.99788873490507,39.56072633324782,8.543358025692681,5.040396384118583,46.38385128196988,0.00042075063950084687,2.823975669609658,89.89412458711514,0.8251336692358489,8.164399428007002,3.6804326580050866,29.188546008958028,62.30459842462192,2.410076158112297,1.3695745103569412,45.13268840202831,0.01657195687400151,4.850545444865551e-05,0.19747635499185134,8.135241406246381,56.2082826054848,198.19886243118157,66.15363074685975,24.757980208494676,109.46292656885782,32.16606962971012,20.25723207342809,90.65487385713776,103.11474133406438,23.633115783690464,35.9672914254298,4.918299912493827,2.116208425883438,5.629955471755289,49.85948334893921,0.25138482722453015,0.38379624245891714,5.884098289558012,98.50379564412206,13.923261968143512,33.89388127894993,17.52371277692671,23.567119647948413,79.19499845700062,0.46966175977135416,10.19497731853896,13.507455825956871,1.2395440040944228,58.28757763569743,22.505132492205224,95.31341584253776,0.10119627290248115,4.4131301710732505,10.022426710330436,5.992048438868717,12.914878627621224,17.038558139757566,0.31403960619472887,9.648324427973627,10.778062559805894,72.80266259866816,1.77550608607374,1.7123214324060667,5.573301646456947,0.07671558771723717,124.62248288119913,33.66521198569761,63.31067988785892,35.735137278194976,1.4464421107218408,2.4007202948116833,52.70515777682738,58.214037206308824,17.022860851071947,19.44001893084955,10.205797454418787,14.270381146214195,146.54529186669825,128.72772976946166,81.20281781832047,46.11646699531228,134.93985485013104,0.5711629174836652,44.98506242842834,39.60768605235429,1.0308061352932456,0.04115494905505509,16.04327223248549,30.671115361442208,5.836423321972088,24.769457023615292,28.189760453400936,0.4781122232889431,41.76265917841682,0.21412300581667482,101.13859486311968,204.00452366566853,3.589405598191689,12.028767440805565,15.469285376887052,74.38048316399905,5.519887056956423,78.72992069182264,128.56369314237435,17.31956610660788,37.11125842433964,0.13142841671513536,13.824223056732338,76.11234857949466,7.602498098786454,0.458376499437595,1.364159845898776,31.041151400493433,9.198579805509455,43.181569893118954,5.561764114096022,0.4194269470376909,15.25262506546135,13.403516444867797,46.92473348628366,42.34786786112417,14.796001828542384,18.630860009136505,4.306657708747044,10.080027619085675,1.6920197721610502,7.984845209462172
"Policy(State.UP, Action.A)",0.41625140854971426
"Policy(State.UP, Action.B)",0.5837485914502858
"Policy(State.HOME, Action.A)",0.0842422574472829
"Policy(State.HOME, Action.B)",0.9157577425527171
"Policy(State.DOWN, Action.A)",0.46836442608925455
"Policy(State.DOWN, Action.B)",0.5316355739107455
