n_epochs_elapsed,1,2,3,4,5,6,7,8,9,10,11,12,13,14,15,16,17,18,19,20,21,22,23,24,25,26,27,28,29,30,31,32,33,34,35,36,37,38,39,40,41,42,43,44,45,46,47,48,49,50,51,52,53,54,55,56,57,58,59,60,61,62,63,64,65,66,67,68,69,70,71,72,73,74,75,76,77,78,79,80,81,82,83,84,85,86,87,88,89,90,91,92,93,94,95,96,97,98,99,100,101,102,103,104,105,106,107,108,109,110,111,112,113,114,115,116,117,118,119,120,121,122,123,124,125,126,127,128,129,130,131,132,133,134,135,136,137,138,139,140,141,142,143,144,145,146,147,148,149,150,151,152,153,154,155,156,157,158,159,160,161,162,163,164,165,166,167,168,169,170,171,172,173,174,175,176,177,178,179,180,181,182,183,184,185,186,187,188,189,190,191,192,193,194,195,196,197,198,199,200,201,202,203,204,205,206,207,208,209,210,211,212,213,214,215,216,217,218,219,220,221,222,223,224,225,226,227,228,229,230,231,232,233,234,235,236,237,238,239,240,241,242,243,244,245,246,247,248,249,250,251,252,253,254,255,256,257,258,259,260,261,262,263,264,265,266,267,268,269,270,271,272,273,274,275,276,277,278,279,280,281,282,283,284,285,286,287,288,289,290,291,292,293,294,295,296,297,298,299,300,301,302,303,304,305,306,307,308,309,310,311,312,313,314,315,316,317,318,319,320,321,322,323,324,325,326,327,328,329,330,331,332,333,334,335,336,337,338,339,340,341,342,343,344,345,346,347,348,349,350,351,352,353,354,355,356,357,358,359,360,361,362,363,364,365,366,367,368,369,370,371,372,373,374,375,376,377,378,379,380,381,382,383,384,385,386,387,388,389,390,391,392,393,394,395,396,397,398,399,400,401,402,403,404,405,406,407,408,409,410,411,412,413,414,415,416,417,418,419,420,421,422,423,424,425,426,427,428,429,430,431,432,433,434,435,436,437,438,439,440,441,442,443,444,445,446,447,448,449,450,451,452,453,454,455,456,457,458,459,460,461,462,463,464,465,466,467,468,469,470,471,472,473,474,475,476,477,478,479,480,481,482,483,484,485,486,487,488,489,490,491,492,493,494,495,496,497,498,499,500,501,502,503,504,505,506,507,508,509,510,511,512,513,514,515,516,517,518,519,520,521,522,523,524,525,526,527,528,529,530,531,532,533,534,535,536,537,538,539,540,541,542,543,544,545,546,547,548,549,550,551,552,553,554,555,556,557,558,559,560,561,562,563,564,565,566,567,568,569,570,571,572,573,574,575,576,577,578,579,580,581,582,583,584,585,586,587,588,589,590,591,592,593,594,595,596,597,598,599,600,601,602,603,604,605,606,607,608,609,610,611,612,613,614,615,616,617,618,619,620,621,622,623,624,625,626,627,628,629,630,631,632,633,634,635,636,637,638,639,640,641,642,643,644,645,646,647,648,649,650,651,652,653,654,655,656,657,658,659,660,661,662,663,664,665,666,667,668,669,670,671,672,673,674,675,676,677,678,679,680,681,682,683,684,685,686,687,688,689,690,691,692,693,694,695,696,697,698,699,700,701,702,703,704,705,706,707,708,709,710,711,712,713,714,715,716,717,718,719,720,721,722,723,724,725,726,727,728,729,730,731,732,733,734,735,736,737,738,739,740,741,742,743,744,745,746,747,748,749,750,751,752,753,754,755,756,757,758,759,760,761,762,763,764,765,766,767,768,769,770,771,772,773,774,775,776,777,778,779,780,781,782,783,784,785,786,787,788,789,790,791,792,793,794,795,796,797,798,799,800,801,802,803,804,805,806,807,808,809,810,811,812,813,814,815,816,817,818,819,820,821,822,823,824,825,826,827,828,829,830,831,832,833,834,835,836,837,838,839,840,841,842,843,844,845,846,847,848,849,850,851,852,853,854,855,856,857,858,859,860,861,862,863,864,865,866,867,868,869,870,871,872,873,874,875,876,877,878,879,880,881,882,883,884,885,886,887,888,889,890,891,892,893,894,895,896,897,898,899,900,901,902,903,904,905,906,907,908,909,910,911,912,913,914,915,916,917,918,919,920,921,922,923,924,925,926,927,928,929,930,931,932,933,934,935,936,937,938,939,940,941,942,943,944,945,946,947,948,949,950,951,952,953,954,955,956,957,958,959,960,961,962,963,964,965,966,967,968,969,970,971,972,973,974,975,976,977,978,979,980,981,982,983,984,985,986,987,988,989,990,991,992,993,994,995,996,997,998,999,1000,1001,1002,1003,1004,1005,1006,1007,1008,1009,1010,1011,1012,1013,1014,1015,1016,1017,1018,1019,1020,1021,1022,1023,1024,1025,1026,1027,1028,1029,1030,1031,1032,1033,1034,1035,1036,1037,1038,1039,1040,1041,1042,1043,1044,1045,1046,1047,1048,1049,1050,1051,1052,1053,1054,1055,1056,1057,1058,1059,1060,1061,1062,1063,1064,1065,1066,1067,1068,1069,1070,1071,1072,1073,1074,1075,1076,1077,1078,1079,1080,1081,1082,1083,1084,1085,1086,1087,1088,1089,1090,1091,1092,1093,1094,1095,1096,1097,1098,1099,1100,1101,1102,1103,1104,1105,1106,1107,1108,1109,1110,1111,1112,1113,1114,1115,1116,1117,1118,1119,1120,1121,1122,1123,1124,1125,1126,1127,1128,1129,1130,1131,1132,1133,1134,1135,1136,1137,1138,1139,1140,1141,1142,1143,1144,1145,1146,1147,1148,1149,1150,1151,1152,1153,1154,1155,1156,1157,1158,1159,1160,1161,1162,1163,1164,1165,1166,1167,1168,1169,1170,1171,1172,1173,1174,1175,1176,1177,1178,1179,1180,1181,1182,1183,1184,1185,1186,1187,1188,1189,1190,1191,1192,1193,1194,1195,1196,1197,1198,1199,1200,1201,1202,1203,1204,1205,1206,1207,1208,1209,1210,1211,1212,1213,1214,1215,1216,1217,1218,1219,1220,1221,1222,1223,1224,1225,1226,1227,1228,1229,1230,1231,1232,1233,1234,1235,1236,1237,1238,1239,1240,1241,1242,1243,1244,1245,1246,1247,1248,1249,1250,1251,1252,1253,1254,1255,1256,1257,1258,1259,1260,1261,1262,1263,1264,1265,1266,1267,1268,1269,1270,1271,1272,1273,1274,1275,1276,1277,1278,1279,1280,1281,1282,1283,1284,1285,1286,1287,1288,1289,1290,1291,1292,1293,1294,1295,1296,1297,1298,1299,1300,1301,1302,1303,1304,1305,1306,1307,1308,1309,1310,1311,1312,1313,1314,1315,1316,1317,1318,1319,1320,1321,1322,1323,1324,1325,1326,1327,1328,1329,1330,1331,1332,1333,1334,1335,1336,1337,1338,1339,1340,1341,1342,1343,1344,1345,1346,1347,1348,1349,1350,1351,1352,1353,1354,1355,1356,1357,1358,1359,1360,1361,1362,1363,1364,1365,1366,1367,1368,1369,1370,1371,1372,1373,1374,1375,1376,1377,1378,1379,1380,1381,1382,1383,1384,1385,1386,1387,1388,1389,1390,1391,1392,1393,1394,1395,1396,1397,1398,1399,1400,1401,1402,1403,1404,1405,1406,1407,1408,1409,1410,1411,1412,1413,1414,1415,1416,1417,1418,1419,1420,1421,1422,1423,1424,1425,1426,1427,1428,1429,1430,1431,1432,1433,1434,1435,1436,1437,1438,1439,1440,1441,1442,1443,1444,1445,1446,1447,1448,1449,1450,1451,1452,1453,1454,1455,1456,1457,1458,1459,1460,1461,1462,1463,1464,1465,1466,1467,1468,1469,1470,1471,1472,1473,1474,1475,1476,1477,1478,1479,1480,1481,1482,1483,1484,1485,1486,1487,1488,1489,1490,1491,1492,1493,1494,1495,1496,1497,1498,1499,1500,1501,1502,1503,1504,1505,1506,1507,1508,1509,1510,1511,1512,1513,1514,1515,1516,1517,1518,1519,1520,1521,1522,1523,1524,1525,1526,1527,1528,1529,1530,1531,1532,1533,1534,1535,1536,1537,1538,1539,1540,1541,1542,1543,1544,1545,1546,1547,1548,1549,1550,1551,1552,1553,1554,1555,1556,1557,1558,1559,1560,1561,1562,1563,1564,1565,1566,1567,1568,1569,1570,1571,1572,1573,1574,1575,1576,1577,1578,1579,1580,1581,1582,1583,1584,1585,1586,1587,1588,1589,1590,1591,1592,1593,1594,1595,1596,1597,1598,1599,1600,1601,1602,1603,1604,1605,1606,1607,1608,1609,1610,1611,1612,1613,1614,1615,1616,1617,1618,1619,1620,1621,1622,1623,1624,1625,1626,1627,1628,1629,1630,1631,1632,1633,1634,1635,1636,1637,1638,1639,1640,1641,1642,1643,1644,1645,1646,1647,1648,1649,1650,1651,1652,1653,1654,1655,1656,1657,1658,1659,1660,1661,1662,1663,1664,1665,1666,1667,1668,1669,1670,1671,1672,1673,1674,1675,1676,1677,1678,1679,1680,1681,1682,1683,1684,1685,1686,1687,1688,1689,1690,1691,1692,1693,1694,1695,1696,1697,1698,1699,1700,1701,1702,1703,1704,1705,1706,1707,1708,1709,1710,1711,1712,1713,1714,1715,1716,1717,1718,1719,1720,1721,1722,1723,1724,1725,1726,1727,1728,1729,1730,1731,1732,1733,1734,1735,1736,1737,1738,1739,1740,1741,1742,1743,1744,1745,1746,1747,1748,1749,1750,1751,1752,1753,1754,1755,1756,1757,1758,1759,1760,1761,1762,1763,1764,1765,1766,1767,1768,1769,1770,1771,1772,1773,1774,1775,1776,1777,1778,1779,1780,1781,1782,1783,1784,1785,1786,1787,1788,1789,1790,1791,1792,1793,1794,1795,1796,1797,1798,1799,1800,1801,1802,1803,1804,1805,1806,1807,1808,1809,1810,1811,1812,1813,1814,1815,1816,1817,1818,1819,1820,1821,1822,1823,1824,1825,1826,1827,1828,1829,1830,1831,1832,1833,1834,1835,1836,1837,1838,1839,1840,1841,1842,1843,1844,1845,1846,1847,1848,1849,1850,1851,1852,1853,1854,1855,1856,1857,1858,1859,1860,1861,1862,1863,1864,1865,1866,1867,1868,1869,1870,1871,1872,1873,1874,1875,1876,1877,1878,1879,1880,1881,1882,1883,1884,1885,1886,1887,1888,1889,1890,1891,1892,1893,1894,1895,1896,1897,1898,1899,1900,1901,1902,1903,1904,1905,1906,1907,1908,1909,1910,1911,1912,1913,1914,1915,1916,1917,1918,1919,1920,1921,1922,1923,1924,1925,1926,1927,1928,1929,1930,1931,1932,1933,1934,1935,1936,1937,1938,1939,1940,1941,1942,1943,1944,1945,1946,1947,1948,1949,1950,1951,1952,1953,1954,1955,1956,1957,1958,1959,1960,1961,1962,1963,1964,1965,1966,1967,1968,1969,1970,1971,1972,1973,1974,1975,1976,1977,1978,1979,1980,1981,1982,1983,1984,1985,1986,1987,1988,1989,1990,1991,1992,1993,1994,1995,1996,1997,1998,1999,2000,2001,2002,2003,2004,2005,2006,2007,2008,2009,2010,2011,2012,2013,2014,2015,2016,2017,2018,2019,2020,2021,2022,2023,2024,2025,2026,2027,2028,2029,2030,2031,2032,2033,2034,2035,2036,2037,2038,2039,2040,2041,2042,2043,2044,2045,2046,2047,2048,2049,2050,2051,2052,2053,2054,2055,2056,2057,2058,2059,2060,2061,2062,2063,2064,2065,2066,2067,2068,2069,2070,2071,2072,2073,2074,2075,2076,2077,2078,2079,2080,2081,2082,2083,2084,2085,2086,2087,2088,2089,2090,2091,2092,2093,2094,2095,2096,2097,2098,2099,2100,2101,2102,2103,2104,2105,2106,2107,2108,2109,2110,2111,2112,2113,2114,2115,2116,2117,2118,2119,2120,2121,2122,2123,2124,2125,2126,2127,2128,2129,2130,2131,2132,2133,2134,2135,2136,2137,2138,2139,2140,2141,2142,2143,2144,2145,2146,2147,2148,2149,2150,2151,2152,2153,2154,2155,2156,2157,2158,2159,2160,2161,2162,2163,2164,2165,2166,2167,2168,2169,2170,2171,2172,2173,2174,2175,2176,2177,2178,2179,2180,2181,2182,2183,2184,2185,2186,2187,2188,2189,2190,2191,2192,2193,2194,2195,2196,2197,2198,2199,2200,2201,2202,2203,2204,2205,2206,2207,2208,2209,2210,2211,2212,2213,2214,2215,2216,2217,2218,2219,2220,2221,2222,2223,2224,2225,2226,2227,2228,2229,2230,2231,2232,2233,2234,2235,2236,2237,2238,2239,2240,2241,2242,2243,2244,2245,2246,2247,2248,2249,2250,2251,2252,2253,2254,2255,2256,2257,2258,2259,2260,2261,2262,2263,2264,2265,2266,2267,2268,2269,2270,2271,2272,2273,2274,2275,2276,2277,2278,2279,2280,2281,2282,2283,2284,2285,2286,2287,2288,2289,2290,2291,2292,2293,2294,2295,2296,2297,2298,2299,2300,2301,2302,2303,2304,2305,2306,2307,2308,2309,2310,2311,2312,2313,2314,2315,2316,2317,2318,2319,2320,2321,2322,2323,2324,2325,2326,2327,2328,2329,2330,2331,2332,2333,2334,2335,2336,2337,2338,2339,2340,2341,2342,2343,2344,2345,2346,2347,2348,2349,2350,2351,2352,2353,2354,2355,2356,2357,2358,2359,2360,2361,2362,2363,2364,2365,2366,2367,2368,2369,2370,2371,2372,2373,2374,2375,2376,2377,2378,2379,2380,2381,2382,2383,2384,2385,2386,2387,2388,2389,2390,2391,2392,2393,2394,2395,2396,2397,2398,2399,2400,2401,2402,2403,2404,2405,2406,2407,2408,2409,2410,2411,2412,2413,2414,2415,2416,2417,2418,2419,2420,2421,2422,2423,2424,2425,2426,2427,2428,2429,2430,2431,2432,2433,2434,2435,2436,2437,2438,2439,2440,2441,2442,2443,2444,2445,2446,2447,2448,2449,2450,2451,2452,2453,2454,2455,2456,2457,2458,2459,2460,2461,2462,2463,2464,2465,2466,2467,2468,2469,2470,2471,2472,2473,2474,2475,2476,2477,2478,2479,2480,2481,2482,2483,2484,2485,2486,2487,2488,2489,2490,2491,2492,2493,2494,2495,2496,2497,2498,2499,2500,2501,2502,2503,2504,2505,2506,2507,2508,2509,2510,2511,2512,2513,2514,2515,2516,2517,2518,2519,2520,2521,2522,2523,2524,2525,2526,2527,2528,2529,2530,2531,2532,2533,2534,2535,2536,2537,2538,2539,2540,2541,2542,2543,2544,2545,2546,2547,2548,2549,2550,2551,2552,2553,2554,2555,2556,2557,2558,2559,2560,2561,2562,2563,2564,2565,2566,2567,2568,2569,2570,2571,2572,2573,2574,2575,2576,2577,2578,2579,2580,2581,2582,2583,2584,2585,2586,2587,2588,2589,2590,2591,2592,2593,2594,2595,2596,2597,2598,2599,2600,2601,2602,2603,2604,2605,2606,2607,2608,2609,2610,2611,2612,2613,2614,2615,2616,2617,2618,2619,2620,2621,2622,2623,2624,2625,2626,2627,2628,2629,2630,2631,2632,2633,2634,2635,2636,2637,2638,2639,2640,2641,2642,2643,2644,2645,2646,2647,2648,2649,2650,2651,2652,2653,2654,2655,2656,2657,2658,2659,2660,2661,2662,2663,2664,2665,2666,2667,2668,2669,2670,2671,2672,2673,2674,2675,2676,2677,2678,2679,2680,2681,2682,2683,2684,2685,2686,2687,2688,2689,2690,2691,2692,2693,2694,2695,2696,2697,2698,2699,2700,2701,2702,2703,2704,2705,2706,2707,2708,2709,2710,2711,2712,2713,2714,2715,2716,2717,2718,2719,2720,2721,2722,2723,2724,2725,2726,2727,2728,2729,2730,2731,2732,2733,2734,2735,2736,2737,2738,2739,2740,2741,2742,2743,2744,2745,2746,2747,2748,2749,2750,2751,2752,2753,2754,2755,2756,2757,2758,2759,2760,2761,2762,2763,2764,2765,2766,2767,2768,2769,2770,2771,2772,2773,2774,2775,2776,2777,2778,2779,2780,2781,2782,2783,2784,2785,2786,2787,2788,2789,2790,2791,2792,2793,2794,2795,2796,2797,2798,2799,2800,2801,2802,2803,2804,2805,2806,2807,2808,2809,2810,2811,2812,2813,2814,2815,2816,2817,2818,2819,2820,2821,2822,2823,2824,2825,2826,2827,2828,2829,2830,2831,2832,2833,2834,2835,2836,2837,2838,2839,2840,2841,2842,2843,2844,2845,2846,2847,2848,2849,2850,2851,2852,2853,2854,2855,2856,2857,2858,2859,2860,2861,2862,2863,2864,2865,2866,2867,2868,2869,2870,2871,2872,2873,2874,2875,2876,2877,2878,2879,2880,2881,2882,2883,2884,2885,2886,2887,2888,2889,2890,2891,2892,2893,2894,2895,2896,2897,2898,2899,2900,2901,2902,2903,2904,2905,2906,2907,2908,2909,2910,2911,2912,2913,2914,2915,2916,2917,2918,2919,2920,2921,2922,2923,2924,2925,2926,2927,2928,2929,2930,2931,2932,2933,2934,2935,2936,2937,2938,2939,2940,2941,2942,2943,2944,2945,2946,2947,2948,2949,2950,2951,2952,2953,2954,2955,2956,2957,2958,2959,2960,2961,2962,2963,2964,2965,2966,2967,2968,2969,2970,2971,2972,2973,2974,2975,2976,2977,2978,2979,2980,2981,2982,2983,2984,2985,2986,2987,2988,2989,2990,2991,2992,2993,2994,2995,2996,2997,2998,2999,3000,3001,3002,3003,3004,3005,3006,3007,3008,3009,3010,3011,3012,3013,3014,3015,3016,3017,3018,3019,3020,3021,3022,3023,3024,3025,3026,3027,3028,3029,3030,3031,3032,3033,3034,3035,3036,3037,3038,3039,3040,3041,3042,3043,3044,3045,3046,3047,3048,3049,3050,3051,3052,3053,3054,3055,3056,3057,3058,3059,3060,3061,3062,3063,3064,3065,3066,3067,3068,3069,3070,3071,3072,3073,3074,3075,3076,3077,3078,3079,3080,3081,3082,3083,3084,3085,3086,3087,3088,3089,3090,3091,3092,3093,3094,3095,3096,3097,3098,3099,3100,3101,3102,3103,3104,3105,3106,3107,3108,3109,3110,3111,3112,3113,3114,3115,3116,3117,3118,3119,3120,3121,3122,3123,3124,3125,3126,3127,3128,3129,3130,3131,3132,3133,3134,3135,3136,3137,3138,3139,3140,3141,3142,3143,3144,3145,3146,3147,3148,3149,3150,3151,3152,3153,3154,3155,3156,3157,3158,3159,3160,3161,3162,3163,3164,3165,3166,3167,3168,3169,3170,3171,3172,3173,3174,3175,3176,3177,3178,3179,3180,3181,3182,3183,3184,3185,3186,3187,3188,3189,3190,3191,3192,3193,3194,3195,3196,3197,3198,3199,3200,3201,3202,3203,3204,3205,3206,3207,3208,3209,3210,3211,3212,3213,3214,3215,3216,3217,3218,3219,3220,3221,3222,3223,3224,3225,3226,3227,3228,3229,3230,3231,3232,3233,3234,3235,3236,3237,3238,3239,3240,3241,3242,3243,3244,3245,3246,3247,3248,3249,3250,3251,3252,3253,3254,3255,3256,3257,3258,3259,3260,3261,3262,3263,3264,3265,3266,3267,3268,3269,3270,3271,3272,3273,3274,3275,3276,3277,3278,3279,3280,3281,3282,3283,3284,3285,3286,3287,3288,3289,3290,3291,3292,3293,3294,3295,3296,3297,3298,3299,3300,3301,3302,3303,3304,3305,3306,3307,3308,3309,3310,3311,3312,3313,3314,3315,3316,3317,3318,3319,3320,3321,3322,3323,3324,3325,3326,3327,3328,3329,3330,3331,3332,3333,3334,3335,3336,3337,3338,3339,3340,3341,3342,3343,3344,3345,3346,3347,3348,3349,3350,3351,3352,3353,3354,3355,3356,3357,3358,3359,3360,3361,3362,3363,3364,3365,3366,3367,3368,3369,3370,3371,3372,3373,3374,3375,3376,3377,3378,3379,3380,3381,3382,3383,3384,3385,3386,3387,3388,3389,3390,3391,3392,3393,3394,3395,3396,3397,3398,3399,3400,3401,3402,3403,3404,3405,3406,3407,3408,3409,3410,3411,3412,3413,3414,3415,3416,3417,3418,3419,3420,3421,3422,3423,3424,3425,3426,3427,3428,3429,3430,3431,3432,3433,3434,3435,3436,3437,3438,3439,3440,3441,3442,3443,3444,3445,3446,3447,3448,3449,3450,3451,3452,3453,3454,3455,3456,3457,3458,3459,3460,3461,3462,3463,3464,3465,3466,3467,3468,3469,3470,3471,3472,3473,3474,3475,3476,3477,3478,3479,3480,3481,3482,3483,3484,3485,3486,3487,3488,3489,3490,3491,3492,3493,3494,3495,3496,3497,3498,3499,3500,3501,3502,3503,3504,3505,3506,3507,3508,3509,3510,3511,3512,3513,3514,3515,3516,3517,3518,3519,3520,3521,3522,3523,3524,3525,3526,3527,3528,3529,3530,3531,3532,3533,3534,3535,3536,3537,3538,3539,3540,3541,3542,3543,3544,3545,3546,3547,3548,3549,3550,3551,3552,3553,3554,3555,3556,3557,3558,3559,3560,3561,3562,3563,3564,3565,3566,3567,3568,3569,3570,3571,3572,3573,3574,3575,3576,3577,3578,3579,3580,3581,3582,3583,3584,3585,3586,3587,3588,3589,3590,3591,3592,3593,3594,3595,3596,3597,3598,3599,3600,3601,3602,3603,3604,3605,3606,3607,3608,3609,3610,3611,3612,3613,3614,3615,3616,3617,3618,3619,3620,3621,3622,3623,3624,3625,3626,3627,3628,3629,3630,3631,3632,3633,3634,3635,3636,3637,3638,3639,3640,3641,3642,3643,3644,3645,3646,3647,3648,3649,3650,3651,3652,3653,3654,3655,3656,3657,3658,3659,3660,3661,3662,3663,3664,3665,3666,3667,3668,3669,3670,3671,3672,3673,3674,3675,3676,3677,3678,3679,3680,3681,3682,3683,3684,3685,3686,3687,3688,3689,3690,3691,3692,3693,3694,3695,3696,3697,3698,3699,3700,3701,3702,3703,3704,3705,3706,3707,3708,3709,3710,3711,3712,3713,3714,3715,3716,3717,3718,3719,3720,3721,3722,3723,3724,3725,3726,3727,3728,3729,3730,3731,3732,3733,3734,3735,3736,3737,3738,3739,3740,3741,3742,3743,3744,3745,3746,3747,3748,3749,3750,3751,3752,3753,3754,3755,3756,3757,3758,3759,3760,3761,3762,3763,3764,3765,3766,3767,3768,3769,3770,3771,3772,3773,3774,3775,3776,3777,3778,3779,3780,3781,3782,3783,3784,3785,3786,3787,3788,3789,3790,3791,3792,3793,3794,3795,3796,3797,3798,3799,3800,3801,3802,3803,3804,3805,3806,3807,3808,3809,3810,3811,3812,3813,3814,3815,3816,3817,3818,3819,3820,3821,3822,3823,3824,3825,3826,3827,3828,3829,3830,3831,3832,3833,3834,3835,3836,3837,3838,3839,3840,3841,3842,3843,3844,3845,3846,3847,3848,3849,3850,3851,3852,3853,3854,3855,3856,3857,3858,3859,3860,3861,3862,3863,3864,3865,3866,3867,3868,3869,3870,3871,3872,3873,3874,3875,3876,3877,3878,3879,3880,3881,3882,3883,3884,3885,3886,3887,3888,3889,3890,3891,3892,3893,3894,3895,3896,3897,3898,3899,3900,3901,3902,3903,3904,3905,3906,3907,3908,3909,3910,3911,3912,3913,3914,3915,3916,3917,3918,3919,3920,3921,3922,3923,3924,3925,3926,3927,3928,3929,3930,3931,3932,3933,3934,3935,3936,3937,3938,3939,3940,3941,3942,3943,3944,3945,3946,3947,3948,3949,3950,3951,3952,3953,3954,3955,3956,3957,3958,3959,3960,3961,3962,3963,3964,3965,3966,3967,3968,3969,3970,3971,3972,3973,3974,3975,3976,3977,3978,3979,3980,3981,3982,3983,3984,3985,3986,3987,3988,3989,3990,3991,3992,3993,3994,3995,3996,3997,3998,3999,4000,4001,4002,4003,4004,4005,4006,4007,4008,4009,4010,4011,4012,4013,4014,4015,4016,4017,4018,4019,4020,4021,4022,4023,4024,4025,4026,4027,4028,4029,4030,4031,4032,4033,4034,4035,4036,4037,4038,4039,4040,4041,4042,4043,4044,4045,4046,4047,4048,4049,4050,4051,4052,4053,4054,4055,4056,4057,4058,4059,4060,4061,4062,4063,4064,4065,4066,4067,4068,4069,4070,4071,4072,4073,4074,4075,4076,4077,4078,4079,4080,4081,4082,4083,4084,4085,4086,4087,4088,4089,4090,4091,4092,4093,4094,4095,4096,4097,4098,4099,4100,4101,4102,4103,4104,4105,4106,4107,4108,4109,4110,4111,4112,4113,4114,4115,4116,4117,4118,4119,4120,4121,4122,4123,4124,4125,4126,4127,4128,4129,4130,4131,4132,4133,4134,4135,4136,4137,4138,4139,4140,4141,4142,4143,4144,4145,4146,4147,4148,4149,4150,4151,4152,4153,4154,4155,4156,4157,4158,4159,4160,4161,4162,4163,4164,4165,4166,4167,4168,4169,4170,4171,4172,4173,4174,4175,4176,4177,4178,4179,4180,4181,4182,4183,4184,4185,4186,4187,4188,4189,4190,4191,4192,4193,4194,4195,4196,4197,4198,4199,4200,4201,4202,4203,4204,4205,4206,4207,4208,4209,4210,4211,4212,4213,4214,4215,4216,4217,4218,4219,4220,4221,4222,4223,4224,4225,4226,4227,4228,4229,4230,4231,4232,4233,4234,4235,4236,4237,4238,4239,4240,4241,4242,4243,4244,4245,4246,4247,4248,4249,4250,4251,4252,4253,4254,4255,4256,4257,4258,4259,4260,4261,4262,4263,4264,4265,4266,4267,4268,4269,4270,4271,4272,4273,4274,4275,4276,4277,4278,4279,4280,4281,4282,4283,4284,4285,4286,4287,4288,4289,4290,4291,4292,4293,4294,4295,4296,4297,4298,4299,4300,4301,4302,4303,4304,4305,4306,4307,4308,4309,4310,4311,4312,4313,4314,4315,4316,4317,4318,4319,4320,4321,4322,4323,4324,4325,4326,4327,4328,4329,4330,4331,4332,4333,4334,4335,4336,4337,4338,4339,4340,4341,4342,4343,4344,4345,4346,4347,4348,4349,4350,4351,4352,4353,4354,4355,4356,4357,4358,4359,4360,4361,4362,4363,4364,4365,4366,4367,4368,4369,4370,4371,4372,4373,4374,4375,4376,4377,4378,4379,4380,4381,4382,4383,4384,4385,4386,4387,4388,4389,4390,4391,4392,4393,4394,4395,4396,4397,4398,4399,4400,4401,4402,4403,4404,4405,4406,4407,4408,4409,4410,4411,4412,4413,4414,4415,4416,4417,4418,4419,4420,4421,4422,4423,4424,4425,4426,4427,4428,4429,4430,4431,4432,4433,4434,4435,4436,4437,4438,4439,4440,4441,4442,4443,4444,4445,4446,4447,4448,4449,4450,4451,4452,4453,4454,4455,4456,4457,4458,4459,4460,4461,4462,4463,4464,4465,4466,4467,4468,4469,4470,4471,4472,4473,4474,4475,4476,4477,4478,4479,4480,4481,4482,4483,4484,4485,4486,4487,4488,4489,4490,4491,4492,4493,4494,4495,4496,4497,4498,4499,4500,4501,4502,4503,4504,4505,4506,4507,4508,4509,4510,4511,4512,4513,4514,4515,4516,4517,4518,4519,4520,4521,4522,4523,4524,4525,4526,4527,4528,4529,4530,4531,4532,4533,4534,4535,4536,4537,4538,4539,4540,4541,4542,4543,4544,4545,4546,4547,4548,4549,4550,4551,4552,4553,4554,4555,4556,4557,4558,4559,4560,4561,4562,4563,4564,4565,4566,4567,4568,4569,4570,4571,4572,4573,4574,4575,4576,4577,4578,4579,4580,4581,4582,4583,4584,4585,4586,4587,4588,4589,4590,4591,4592,4593,4594,4595,4596,4597,4598,4599,4600,4601,4602,4603,4604,4605,4606,4607,4608,4609,4610,4611,4612,4613,4614,4615,4616,4617,4618,4619,4620,4621,4622,4623,4624,4625,4626,4627,4628,4629,4630,4631,4632,4633,4634,4635,4636,4637,4638,4639,4640,4641,4642,4643,4644,4645,4646,4647,4648,4649,4650,4651,4652,4653,4654,4655,4656,4657,4658,4659,4660,4661,4662,4663,4664,4665,4666,4667,4668,4669,4670,4671,4672,4673,4674,4675,4676,4677,4678,4679,4680,4681,4682,4683,4684,4685,4686,4687,4688,4689,4690,4691,4692,4693,4694,4695,4696,4697,4698,4699,4700,4701,4702,4703,4704,4705,4706,4707,4708,4709,4710,4711,4712,4713,4714,4715,4716,4717,4718,4719,4720,4721,4722,4723,4724,4725,4726,4727,4728,4729,4730,4731,4732,4733,4734,4735,4736,4737,4738,4739,4740,4741,4742,4743,4744,4745,4746,4747,4748,4749,4750,4751,4752,4753,4754,4755,4756,4757,4758,4759,4760,4761,4762,4763,4764,4765,4766,4767,4768,4769,4770,4771,4772,4773,4774,4775,4776,4777,4778,4779,4780,4781,4782,4783,4784,4785,4786,4787,4788,4789,4790,4791,4792,4793,4794,4795,4796,4797,4798,4799,4800,4801,4802,4803,4804,4805,4806,4807,4808,4809,4810,4811,4812,4813,4814,4815,4816,4817,4818,4819,4820,4821,4822,4823,4824,4825,4826,4827,4828,4829,4830,4831,4832,4833,4834,4835,4836,4837,4838,4839,4840,4841,4842,4843,4844,4845,4846,4847,4848,4849,4850,4851,4852,4853,4854,4855,4856,4857,4858,4859,4860,4861,4862,4863,4864,4865,4866,4867,4868,4869,4870,4871,4872,4873,4874,4875,4876,4877,4878,4879,4880,4881,4882,4883,4884,4885,4886,4887,4888,4889,4890,4891,4892,4893,4894,4895,4896,4897,4898,4899,4900,4901,4902,4903,4904,4905,4906,4907,4908,4909,4910,4911,4912,4913,4914,4915,4916,4917,4918,4919,4920,4921,4922,4923,4924,4925,4926,4927,4928,4929,4930,4931,4932,4933,4934,4935,4936,4937,4938,4939,4940,4941,4942,4943,4944,4945,4946,4947,4948,4949,4950,4951,4952,4953,4954,4955,4956,4957,4958,4959,4960,4961,4962,4963,4964,4965,4966,4967,4968,4969,4970,4971,4972,4973,4974,4975,4976,4977,4978,4979,4980,4981,4982,4983,4984,4985,4986,4987,4988,4989,4990,4991,4992,4993,4994,4995,4996,4997,4998,4999,5000
n_training_episodes_elapsed,50,100,150,200,250,300,350,400,450,500,550,600,650,700,750,800,850,900,950,1000,1050,1100,1150,1200,1250,1300,1350,1400,1450,1500,1550,1600,1650,1700,1750,1800,1850,1900,1950,2000,2050,2100,2150,2200,2250,2300,2350,2400,2450,2500,2550,2600,2650,2700,2750,2800,2850,2900,2950,3000,3050,3100,3150,3200,3250,3300,3350,3400,3450,3500,3550,3600,3650,3700,3750,3800,3850,3900,3950,4000,4050,4100,4150,4200,4250,4300,4350,4400,4450,4500,4550,4600,4650,4700,4750,4800,4850,4900,4950,5000,5050,5100,5150,5200,5250,5300,5350,5400,5450,5500,5550,5600,5650,5700,5750,5800,5850,5900,5950,6000,6050,6100,6150,6200,6250,6300,6350,6400,6450,6500,6550,6600,6650,6700,6750,6800,6850,6900,6950,7000,7050,7100,7150,7200,7250,7300,7350,7400,7450,7500,7550,7600,7650,7700,7750,7800,7850,7900,7950,8000,8050,8100,8150,8200,8250,8300,8350,8400,8450,8500,8550,8600,8650,8700,8750,8800,8850,8900,8950,9000,9050,9100,9150,9200,9250,9300,9350,9400,9450,9500,9550,9600,9650,9700,9750,9800,9850,9900,9950,10000,10050,10100,10150,10200,10250,10300,10350,10400,10450,10500,10550,10600,10650,10700,10750,10800,10850,10900,10950,11000,11050,11100,11150,11200,11250,11300,11350,11400,11450,11500,11550,11600,11650,11700,11750,11800,11850,11900,11950,12000,12050,12100,12150,12200,12250,12300,12350,12400,12450,12500,12550,12600,12650,12700,12750,12800,12850,12900,12950,13000,13050,13100,13150,13200,13250,13300,13350,13400,13450,13500,13550,13600,13650,13700,13750,13800,13850,13900,13950,14000,14050,14100,14150,14200,14250,14300,14350,14400,14450,14500,14550,14600,14650,14700,14750,14800,14850,14900,14950,15000,15050,15100,15150,15200,15250,15300,15350,15400,15450,15500,15550,15600,15650,15700,15750,15800,15850,15900,15950,16000,16050,16100,16150,16200,16250,16300,16350,16400,16450,16500,16550,16600,16650,16700,16750,16800,16850,16900,16950,17000,17050,17100,17150,17200,17250,17300,17350,17400,17450,17500,17550,17600,17650,17700,17750,17800,17850,17900,17950,18000,18050,18100,18150,18200,18250,18300,18350,18400,18450,18500,18550,18600,18650,18700,18750,18800,18850,18900,18950,19000,19050,19100,19150,19200,19250,19300,19350,19400,19450,19500,19550,19600,19650,19700,19750,19800,19850,19900,19950,20000,20050,20100,20150,20200,20250,20300,20350,20400,20450,20500,20550,20600,20650,20700,20750,20800,20850,20900,20950,21000,21050,21100,21150,21200,21250,21300,21350,21400,21450,21500,21550,21600,21650,21700,21750,21800,21850,21900,21950,22000,22050,22100,22150,22200,22250,22300,22350,22400,22450,22500,22550,22600,22650,22700,22750,22800,22850,22900,22950,23000,23050,23100,23150,23200,23250,23300,23350,23400,23450,23500,23550,23600,23650,23700,23750,23800,23850,23900,23950,24000,24050,24100,24150,24200,24250,24300,24350,24400,24450,24500,24550,24600,24650,24700,24750,24800,24850,24900,24950,25000,25050,25100,25150,25200,25250,25300,25350,25400,25450,25500,25550,25600,25650,25700,25750,25800,25850,25900,25950,26000,26050,26100,26150,26200,26250,26300,26350,26400,26450,26500,26550,26600,26650,26700,26750,26800,26850,26900,26950,27000,27050,27100,27150,27200,27250,27300,27350,27400,27450,27500,27550,27600,27650,27700,27750,27800,27850,27900,27950,28000,28050,28100,28150,28200,28250,28300,28350,28400,28450,28500,28550,28600,28650,28700,28750,28800,28850,28900,28950,29000,29050,29100,29150,29200,29250,29300,29350,29400,29450,29500,29550,29600,29650,29700,29750,29800,29850,29900,29950,30000,30050,30100,30150,30200,30250,30300,30350,30400,30450,30500,30550,30600,30650,30700,30750,30800,30850,30900,30950,31000,31050,31100,31150,31200,31250,31300,31350,31400,31450,31500,31550,31600,31650,31700,31750,31800,31850,31900,31950,32000,32050,32100,32150,32200,32250,32300,32350,32400,32450,32500,32550,32600,32650,32700,32750,32800,32850,32900,32950,33000,33050,33100,33150,33200,33250,33300,33350,33400,33450,33500,33550,33600,33650,33700,33750,33800,33850,33900,33950,34000,34050,34100,34150,34200,34250,34300,34350,34400,34450,34500,34550,34600,34650,34700,34750,34800,34850,34900,34950,35000,35050,35100,35150,35200,35250,35300,35350,35400,35450,35500,35550,35600,35650,35700,35750,35800,35850,35900,35950,36000,36050,36100,36150,36200,36250,36300,36350,36400,36450,36500,36550,36600,36650,36700,36750,36800,36850,36900,36950,37000,37050,37100,37150,37200,37250,37300,37350,37400,37450,37500,37550,37600,37650,37700,37750,37800,37850,37900,37950,38000,38050,38100,38150,38200,38250,38300,38350,38400,38450,38500,38550,38600,38650,38700,38750,38800,38850,38900,38950,39000,39050,39100,39150,39200,39250,39300,39350,39400,39450,39500,39550,39600,39650,39700,39750,39800,39850,39900,39950,40000,40050,40100,40150,40200,40250,40300,40350,40400,40450,40500,40550,40600,40650,40700,40750,40800,40850,40900,40950,41000,41050,41100,41150,41200,41250,41300,41350,41400,41450,41500,41550,41600,41650,41700,41750,41800,41850,41900,41950,42000,42050,42100,42150,42200,42250,42300,42350,42400,42450,42500,42550,42600,42650,42700,42750,42800,42850,42900,42950,43000,43050,43100,43150,43200,43250,43300,43350,43400,43450,43500,43550,43600,43650,43700,43750,43800,43850,43900,43950,44000,44050,44100,44150,44200,44250,44300,44350,44400,44450,44500,44550,44600,44650,44700,44750,44800,44850,44900,44950,45000,45050,45100,45150,45200,45250,45300,45350,45400,45450,45500,45550,45600,45650,45700,45750,45800,45850,45900,45950,46000,46050,46100,46150,46200,46250,46300,46350,46400,46450,46500,46550,46600,46650,46700,46750,46800,46850,46900,46950,47000,47050,47100,47150,47200,47250,47300,47350,47400,47450,47500,47550,47600,47650,47700,47750,47800,47850,47900,47950,48000,48050,48100,48150,48200,48250,48300,48350,48400,48450,48500,48550,48600,48650,48700,48750,48800,48850,48900,48950,49000,49050,49100,49150,49200,49250,49300,49350,49400,49450,49500,49550,49600,49650,49700,49750,49800,49850,49900,49950,50000,50050,50100,50150,50200,50250,50300,50350,50400,50450,50500,50550,50600,50650,50700,50750,50800,50850,50900,50950,51000,51050,51100,51150,51200,51250,51300,51350,51400,51450,51500,51550,51600,51650,51700,51750,51800,51850,51900,51950,52000,52050,52100,52150,52200,52250,52300,52350,52400,52450,52500,52550,52600,52650,52700,52750,52800,52850,52900,52950,53000,53050,53100,53150,53200,53250,53300,53350,53400,53450,53500,53550,53600,53650,53700,53750,53800,53850,53900,53950,54000,54050,54100,54150,54200,54250,54300,54350,54400,54450,54500,54550,54600,54650,54700,54750,54800,54850,54900,54950,55000,55050,55100,55150,55200,55250,55300,55350,55400,55450,55500,55550,55600,55650,55700,55750,55800,55850,55900,55950,56000,56050,56100,56150,56200,56250,56300,56350,56400,56450,56500,56550,56600,56650,56700,56750,56800,56850,56900,56950,57000,57050,57100,57150,57200,57250,57300,57350,57400,57450,57500,57550,57600,57650,57700,57750,57800,57850,57900,57950,58000,58050,58100,58150,58200,58250,58300,58350,58400,58450,58500,58550,58600,58650,58700,58750,58800,58850,58900,58950,59000,59050,59100,59150,59200,59250,59300,59350,59400,59450,59500,59550,59600,59650,59700,59750,59800,59850,59900,59950,60000,60050,60100,60150,60200,60250,60300,60350,60400,60450,60500,60550,60600,60650,60700,60750,60800,60850,60900,60950,61000,61050,61100,61150,61200,61250,61300,61350,61400,61450,61500,61550,61600,61650,61700,61750,61800,61850,61900,61950,62000,62050,62100,62150,62200,62250,62300,62350,62400,62450,62500,62550,62600,62650,62700,62750,62800,62850,62900,62950,63000,63050,63100,63150,63200,63250,63300,63350,63400,63450,63500,63550,63600,63650,63700,63750,63800,63850,63900,63950,64000,64050,64100,64150,64200,64250,64300,64350,64400,64450,64500,64550,64600,64650,64700,64750,64800,64850,64900,64950,65000,65050,65100,65150,65200,65250,65300,65350,65400,65450,65500,65550,65600,65650,65700,65750,65800,65850,65900,65950,66000,66050,66100,66150,66200,66250,66300,66350,66400,66450,66500,66550,66600,66650,66700,66750,66800,66850,66900,66950,67000,67050,67100,67150,67200,67250,67300,67350,67400,67450,67500,67550,67600,67650,67700,67750,67800,67850,67900,67950,68000,68050,68100,68150,68200,68250,68300,68350,68400,68450,68500,68550,68600,68650,68700,68750,68800,68850,68900,68950,69000,69050,69100,69150,69200,69250,69300,69350,69400,69450,69500,69550,69600,69650,69700,69750,69800,69850,69900,69950,70000,70050,70100,70150,70200,70250,70300,70350,70400,70450,70500,70550,70600,70650,70700,70750,70800,70850,70900,70950,71000,71050,71100,71150,71200,71250,71300,71350,71400,71450,71500,71550,71600,71650,71700,71750,71800,71850,71900,71950,72000,72050,72100,72150,72200,72250,72300,72350,72400,72450,72500,72550,72600,72650,72700,72750,72800,72850,72900,72950,73000,73050,73100,73150,73200,73250,73300,73350,73400,73450,73500,73550,73600,73650,73700,73750,73800,73850,73900,73950,74000,74050,74100,74150,74200,74250,74300,74350,74400,74450,74500,74550,74600,74650,74700,74750,74800,74850,74900,74950,75000,75050,75100,75150,75200,75250,75300,75350,75400,75450,75500,75550,75600,75650,75700,75750,75800,75850,75900,75950,76000,76050,76100,76150,76200,76250,76300,76350,76400,76450,76500,76550,76600,76650,76700,76750,76800,76850,76900,76950,77000,77050,77100,77150,77200,77250,77300,77350,77400,77450,77500,77550,77600,77650,77700,77750,77800,77850,77900,77950,78000,78050,78100,78150,78200,78250,78300,78350,78400,78450,78500,78550,78600,78650,78700,78750,78800,78850,78900,78950,79000,79050,79100,79150,79200,79250,79300,79350,79400,79450,79500,79550,79600,79650,79700,79750,79800,79850,79900,79950,80000,80050,80100,80150,80200,80250,80300,80350,80400,80450,80500,80550,80600,80650,80700,80750,80800,80850,80900,80950,81000,81050,81100,81150,81200,81250,81300,81350,81400,81450,81500,81550,81600,81650,81700,81750,81800,81850,81900,81950,82000,82050,82100,82150,82200,82250,82300,82350,82400,82450,82500,82550,82600,82650,82700,82750,82800,82850,82900,82950,83000,83050,83100,83150,83200,83250,83300,83350,83400,83450,83500,83550,83600,83650,83700,83750,83800,83850,83900,83950,84000,84050,84100,84150,84200,84250,84300,84350,84400,84450,84500,84550,84600,84650,84700,84750,84800,84850,84900,84950,85000,85050,85100,85150,85200,85250,85300,85350,85400,85450,85500,85550,85600,85650,85700,85750,85800,85850,85900,85950,86000,86050,86100,86150,86200,86250,86300,86350,86400,86450,86500,86550,86600,86650,86700,86750,86800,86850,86900,86950,87000,87050,87100,87150,87200,87250,87300,87350,87400,87450,87500,87550,87600,87650,87700,87750,87800,87850,87900,87950,88000,88050,88100,88150,88200,88250,88300,88350,88400,88450,88500,88550,88600,88650,88700,88750,88800,88850,88900,88950,89000,89050,89100,89150,89200,89250,89300,89350,89400,89450,89500,89550,89600,89650,89700,89750,89800,89850,89900,89950,90000,90050,90100,90150,90200,90250,90300,90350,90400,90450,90500,90550,90600,90650,90700,90750,90800,90850,90900,90950,91000,91050,91100,91150,91200,91250,91300,91350,91400,91450,91500,91550,91600,91650,91700,91750,91800,91850,91900,91950,92000,92050,92100,92150,92200,92250,92300,92350,92400,92450,92500,92550,92600,92650,92700,92750,92800,92850,92900,92950,93000,93050,93100,93150,93200,93250,93300,93350,93400,93450,93500,93550,93600,93650,93700,93750,93800,93850,93900,93950,94000,94050,94100,94150,94200,94250,94300,94350,94400,94450,94500,94550,94600,94650,94700,94750,94800,94850,94900,94950,95000,95050,95100,95150,95200,95250,95300,95350,95400,95450,95500,95550,95600,95650,95700,95750,95800,95850,95900,95950,96000,96050,96100,96150,96200,96250,96300,96350,96400,96450,96500,96550,96600,96650,96700,96750,96800,96850,96900,96950,97000,97050,97100,97150,97200,97250,97300,97350,97400,97450,97500,97550,97600,97650,97700,97750,97800,97850,97900,97950,98000,98050,98100,98150,98200,98250,98300,98350,98400,98450,98500,98550,98600,98650,98700,98750,98800,98850,98900,98950,99000,99050,99100,99150,99200,99250,99300,99350,99400,99450,99500,99550,99600,99650,99700,99750,99800,99850,99900,99950,100000,100050,100100,100150,100200,100250,100300,100350,100400,100450,100500,100550,100600,100650,100700,100750,100800,100850,100900,100950,101000,101050,101100,101150,101200,101250,101300,101350,101400,101450,101500,101550,101600,101650,101700,101750,101800,101850,101900,101950,102000,102050,102100,102150,102200,102250,102300,102350,102400,102450,102500,102550,102600,102650,102700,102750,102800,102850,102900,102950,103000,103050,103100,103150,103200,103250,103300,103350,103400,103450,103500,103550,103600,103650,103700,103750,103800,103850,103900,103950,104000,104050,104100,104150,104200,104250,104300,104350,104400,104450,104500,104550,104600,104650,104700,104750,104800,104850,104900,104950,105000,105050,105100,105150,105200,105250,105300,105350,105400,105450,105500,105550,105600,105650,105700,105750,105800,105850,105900,105950,106000,106050,106100,106150,106200,106250,106300,106350,106400,106450,106500,106550,106600,106650,106700,106750,106800,106850,106900,106950,107000,107050,107100,107150,107200,107250,107300,107350,107400,107450,107500,107550,107600,107650,107700,107750,107800,107850,107900,107950,108000,108050,108100,108150,108200,108250,108300,108350,108400,108450,108500,108550,108600,108650,108700,108750,108800,108850,108900,108950,109000,109050,109100,109150,109200,109250,109300,109350,109400,109450,109500,109550,109600,109650,109700,109750,109800,109850,109900,109950,110000,110050,110100,110150,110200,110250,110300,110350,110400,110450,110500,110550,110600,110650,110700,110750,110800,110850,110900,110950,111000,111050,111100,111150,111200,111250,111300,111350,111400,111450,111500,111550,111600,111650,111700,111750,111800,111850,111900,111950,112000,112050,112100,112150,112200,112250,112300,112350,112400,112450,112500,112550,112600,112650,112700,112750,112800,112850,112900,112950,113000,113050,113100,113150,113200,113250,113300,113350,113400,113450,113500,113550,113600,113650,113700,113750,113800,113850,113900,113950,114000,114050,114100,114150,114200,114250,114300,114350,114400,114450,114500,114550,114600,114650,114700,114750,114800,114850,114900,114950,115000,115050,115100,115150,115200,115250,115300,115350,115400,115450,115500,115550,115600,115650,115700,115750,115800,115850,115900,115950,116000,116050,116100,116150,116200,116250,116300,116350,116400,116450,116500,116550,116600,116650,116700,116750,116800,116850,116900,116950,117000,117050,117100,117150,117200,117250,117300,117350,117400,117450,117500,117550,117600,117650,117700,117750,117800,117850,117900,117950,118000,118050,118100,118150,118200,118250,118300,118350,118400,118450,118500,118550,118600,118650,118700,118750,118800,118850,118900,118950,119000,119050,119100,119150,119200,119250,119300,119350,119400,119450,119500,119550,119600,119650,119700,119750,119800,119850,119900,119950,120000,120050,120100,120150,120200,120250,120300,120350,120400,120450,120500,120550,120600,120650,120700,120750,120800,120850,120900,120950,121000,121050,121100,121150,121200,121250,121300,121350,121400,121450,121500,121550,121600,121650,121700,121750,121800,121850,121900,121950,122000,122050,122100,122150,122200,122250,122300,122350,122400,122450,122500,122550,122600,122650,122700,122750,122800,122850,122900,122950,123000,123050,123100,123150,123200,123250,123300,123350,123400,123450,123500,123550,123600,123650,123700,123750,123800,123850,123900,123950,124000,124050,124100,124150,124200,124250,124300,124350,124400,124450,124500,124550,124600,124650,124700,124750,124800,124850,124900,124950,125000,125050,125100,125150,125200,125250,125300,125350,125400,125450,125500,125550,125600,125650,125700,125750,125800,125850,125900,125950,126000,126050,126100,126150,126200,126250,126300,126350,126400,126450,126500,126550,126600,126650,126700,126750,126800,126850,126900,126950,127000,127050,127100,127150,127200,127250,127300,127350,127400,127450,127500,127550,127600,127650,127700,127750,127800,127850,127900,127950,128000,128050,128100,128150,128200,128250,128300,128350,128400,128450,128500,128550,128600,128650,128700,128750,128800,128850,128900,128950,129000,129050,129100,129150,129200,129250,129300,129350,129400,129450,129500,129550,129600,129650,129700,129750,129800,129850,129900,129950,130000,130050,130100,130150,130200,130250,130300,130350,130400,130450,130500,130550,130600,130650,130700,130750,130800,130850,130900,130950,131000,131050,131100,131150,131200,131250,131300,131350,131400,131450,131500,131550,131600,131650,131700,131750,131800,131850,131900,131950,132000,132050,132100,132150,132200,132250,132300,132350,132400,132450,132500,132550,132600,132650,132700,132750,132800,132850,132900,132950,133000,133050,133100,133150,133200,133250,133300,133350,133400,133450,133500,133550,133600,133650,133700,133750,133800,133850,133900,133950,134000,134050,134100,134150,134200,134250,134300,134350,134400,134450,134500,134550,134600,134650,134700,134750,134800,134850,134900,134950,135000,135050,135100,135150,135200,135250,135300,135350,135400,135450,135500,135550,135600,135650,135700,135750,135800,135850,135900,135950,136000,136050,136100,136150,136200,136250,136300,136350,136400,136450,136500,136550,136600,136650,136700,136750,136800,136850,136900,136950,137000,137050,137100,137150,137200,137250,137300,137350,137400,137450,137500,137550,137600,137650,137700,137750,137800,137850,137900,137950,138000,138050,138100,138150,138200,138250,138300,138350,138400,138450,138500,138550,138600,138650,138700,138750,138800,138850,138900,138950,139000,139050,139100,139150,139200,139250,139300,139350,139400,139450,139500,139550,139600,139650,139700,139750,139800,139850,139900,139950,140000,140050,140100,140150,140200,140250,140300,140350,140400,140450,140500,140550,140600,140650,140700,140750,140800,140850,140900,140950,141000,141050,141100,141150,141200,141250,141300,141350,141400,141450,141500,141550,141600,141650,141700,141750,141800,141850,141900,141950,142000,142050,142100,142150,142200,142250,142300,142350,142400,142450,142500,142550,142600,142650,142700,142750,142800,142850,142900,142950,143000,143050,143100,143150,143200,143250,143300,143350,143400,143450,143500,143550,143600,143650,143700,143750,143800,143850,143900,143950,144000,144050,144100,144150,144200,144250,144300,144350,144400,144450,144500,144550,144600,144650,144700,144750,144800,144850,144900,144950,145000,145050,145100,145150,145200,145250,145300,145350,145400,145450,145500,145550,145600,145650,145700,145750,145800,145850,145900,145950,146000,146050,146100,146150,146200,146250,146300,146350,146400,146450,146500,146550,146600,146650,146700,146750,146800,146850,146900,146950,147000,147050,147100,147150,147200,147250,147300,147350,147400,147450,147500,147550,147600,147650,147700,147750,147800,147850,147900,147950,148000,148050,148100,148150,148200,148250,148300,148350,148400,148450,148500,148550,148600,148650,148700,148750,148800,148850,148900,148950,149000,149050,149100,149150,149200,149250,149300,149350,149400,149450,149500,149550,149600,149650,149700,149750,149800,149850,149900,149950,150000,150050,150100,150150,150200,150250,150300,150350,150400,150450,150500,150550,150600,150650,150700,150750,150800,150850,150900,150950,151000,151050,151100,151150,151200,151250,151300,151350,151400,151450,151500,151550,151600,151650,151700,151750,151800,151850,151900,151950,152000,152050,152100,152150,152200,152250,152300,152350,152400,152450,152500,152550,152600,152650,152700,152750,152800,152850,152900,152950,153000,153050,153100,153150,153200,153250,153300,153350,153400,153450,153500,153550,153600,153650,153700,153750,153800,153850,153900,153950,154000,154050,154100,154150,154200,154250,154300,154350,154400,154450,154500,154550,154600,154650,154700,154750,154800,154850,154900,154950,155000,155050,155100,155150,155200,155250,155300,155350,155400,155450,155500,155550,155600,155650,155700,155750,155800,155850,155900,155950,156000,156050,156100,156150,156200,156250,156300,156350,156400,156450,156500,156550,156600,156650,156700,156750,156800,156850,156900,156950,157000,157050,157100,157150,157200,157250,157300,157350,157400,157450,157500,157550,157600,157650,157700,157750,157800,157850,157900,157950,158000,158050,158100,158150,158200,158250,158300,158350,158400,158450,158500,158550,158600,158650,158700,158750,158800,158850,158900,158950,159000,159050,159100,159150,159200,159250,159300,159350,159400,159450,159500,159550,159600,159650,159700,159750,159800,159850,159900,159950,160000,160050,160100,160150,160200,160250,160300,160350,160400,160450,160500,160550,160600,160650,160700,160750,160800,160850,160900,160950,161000,161050,161100,161150,161200,161250,161300,161350,161400,161450,161500,161550,161600,161650,161700,161750,161800,161850,161900,161950,162000,162050,162100,162150,162200,162250,162300,162350,162400,162450,162500,162550,162600,162650,162700,162750,162800,162850,162900,162950,163000,163050,163100,163150,163200,163250,163300,163350,163400,163450,163500,163550,163600,163650,163700,163750,163800,163850,163900,163950,164000,164050,164100,164150,164200,164250,164300,164350,164400,164450,164500,164550,164600,164650,164700,164750,164800,164850,164900,164950,165000,165050,165100,165150,165200,165250,165300,165350,165400,165450,165500,165550,165600,165650,165700,165750,165800,165850,165900,165950,166000,166050,166100,166150,166200,166250,166300,166350,166400,166450,166500,166550,166600,166650,166700,166750,166800,166850,166900,166950,167000,167050,167100,167150,167200,167250,167300,167350,167400,167450,167500,167550,167600,167650,167700,167750,167800,167850,167900,167950,168000,168050,168100,168150,168200,168250,168300,168350,168400,168450,168500,168550,168600,168650,168700,168750,168800,168850,168900,168950,169000,169050,169100,169150,169200,169250,169300,169350,169400,169450,169500,169550,169600,169650,169700,169750,169800,169850,169900,169950,170000,170050,170100,170150,170200,170250,170300,170350,170400,170450,170500,170550,170600,170650,170700,170750,170800,170850,170900,170950,171000,171050,171100,171150,171200,171250,171300,171350,171400,171450,171500,171550,171600,171650,171700,171750,171800,171850,171900,171950,172000,172050,172100,172150,172200,172250,172300,172350,172400,172450,172500,172550,172600,172650,172700,172750,172800,172850,172900,172950,173000,173050,173100,173150,173200,173250,173300,173350,173400,173450,173500,173550,173600,173650,173700,173750,173800,173850,173900,173950,174000,174050,174100,174150,174200,174250,174300,174350,174400,174450,174500,174550,174600,174650,174700,174750,174800,174850,174900,174950,175000,175050,175100,175150,175200,175250,175300,175350,175400,175450,175500,175550,175600,175650,175700,175750,175800,175850,175900,175950,176000,176050,176100,176150,176200,176250,176300,176350,176400,176450,176500,176550,176600,176650,176700,176750,176800,176850,176900,176950,177000,177050,177100,177150,177200,177250,177300,177350,177400,177450,177500,177550,177600,177650,177700,177750,177800,177850,177900,177950,178000,178050,178100,178150,178200,178250,178300,178350,178400,178450,178500,178550,178600,178650,178700,178750,178800,178850,178900,178950,179000,179050,179100,179150,179200,179250,179300,179350,179400,179450,179500,179550,179600,179650,179700,179750,179800,179850,179900,179950,180000,180050,180100,180150,180200,180250,180300,180350,180400,180450,180500,180550,180600,180650,180700,180750,180800,180850,180900,180950,181000,181050,181100,181150,181200,181250,181300,181350,181400,181450,181500,181550,181600,181650,181700,181750,181800,181850,181900,181950,182000,182050,182100,182150,182200,182250,182300,182350,182400,182450,182500,182550,182600,182650,182700,182750,182800,182850,182900,182950,183000,183050,183100,183150,183200,183250,183300,183350,183400,183450,183500,183550,183600,183650,183700,183750,183800,183850,183900,183950,184000,184050,184100,184150,184200,184250,184300,184350,184400,184450,184500,184550,184600,184650,184700,184750,184800,184850,184900,184950,185000,185050,185100,185150,185200,185250,185300,185350,185400,185450,185500,185550,185600,185650,185700,185750,185800,185850,185900,185950,186000,186050,186100,186150,186200,186250,186300,186350,186400,186450,186500,186550,186600,186650,186700,186750,186800,186850,186900,186950,187000,187050,187100,187150,187200,187250,187300,187350,187400,187450,187500,187550,187600,187650,187700,187750,187800,187850,187900,187950,188000,188050,188100,188150,188200,188250,188300,188350,188400,188450,188500,188550,188600,188650,188700,188750,188800,188850,188900,188950,189000,189050,189100,189150,189200,189250,189300,189350,189400,189450,189500,189550,189600,189650,189700,189750,189800,189850,189900,189950,190000,190050,190100,190150,190200,190250,190300,190350,190400,190450,190500,190550,190600,190650,190700,190750,190800,190850,190900,190950,191000,191050,191100,191150,191200,191250,191300,191350,191400,191450,191500,191550,191600,191650,191700,191750,191800,191850,191900,191950,192000,192050,192100,192150,192200,192250,192300,192350,192400,192450,192500,192550,192600,192650,192700,192750,192800,192850,192900,192950,193000,193050,193100,193150,193200,193250,193300,193350,193400,193450,193500,193550,193600,193650,193700,193750,193800,193850,193900,193950,194000,194050,194100,194150,194200,194250,194300,194350,194400,194450,194500,194550,194600,194650,194700,194750,194800,194850,194900,194950,195000,195050,195100,195150,195200,195250,195300,195350,195400,195450,195500,195550,195600,195650,195700,195750,195800,195850,195900,195950,196000,196050,196100,196150,196200,196250,196300,196350,196400,196450,196500,196550,196600,196650,196700,196750,196800,196850,196900,196950,197000,197050,197100,197150,197200,197250,197300,197350,197400,197450,197500,197550,197600,197650,197700,197750,197800,197850,197900,197950,198000,198050,198100,198150,198200,198250,198300,198350,198400,198450,198500,198550,198600,198650,198700,198750,198800,198850,198900,198950,199000,199050,199100,199150,199200,199250,199300,199350,199400,199450,199500,199550,199600,199650,199700,199750,199800,199850,199900,199950,200000,200050,200100,200150,200200,200250,200300,200350,200400,200450,200500,200550,200600,200650,200700,200750,200800,200850,200900,200950,201000,201050,201100,201150,201200,201250,201300,201350,201400,201450,201500,201550,201600,201650,201700,201750,201800,201850,201900,201950,202000,202050,202100,202150,202200,202250,202300,202350,202400,202450,202500,202550,202600,202650,202700,202750,202800,202850,202900,202950,203000,203050,203100,203150,203200,203250,203300,203350,203400,203450,203500,203550,203600,203650,203700,203750,203800,203850,203900,203950,204000,204050,204100,204150,204200,204250,204300,204350,204400,204450,204500,204550,204600,204650,204700,204750,204800,204850,204900,204950,205000,205050,205100,205150,205200,205250,205300,205350,205400,205450,205500,205550,205600,205650,205700,205750,205800,205850,205900,205950,206000,206050,206100,206150,206200,206250,206300,206350,206400,206450,206500,206550,206600,206650,206700,206750,206800,206850,206900,206950,207000,207050,207100,207150,207200,207250,207300,207350,207400,207450,207500,207550,207600,207650,207700,207750,207800,207850,207900,207950,208000,208050,208100,208150,208200,208250,208300,208350,208400,208450,208500,208550,208600,208650,208700,208750,208800,208850,208900,208950,209000,209050,209100,209150,209200,209250,209300,209350,209400,209450,209500,209550,209600,209650,209700,209750,209800,209850,209900,209950,210000,210050,210100,210150,210200,210250,210300,210350,210400,210450,210500,210550,210600,210650,210700,210750,210800,210850,210900,210950,211000,211050,211100,211150,211200,211250,211300,211350,211400,211450,211500,211550,211600,211650,211700,211750,211800,211850,211900,211950,212000,212050,212100,212150,212200,212250,212300,212350,212400,212450,212500,212550,212600,212650,212700,212750,212800,212850,212900,212950,213000,213050,213100,213150,213200,213250,213300,213350,213400,213450,213500,213550,213600,213650,213700,213750,213800,213850,213900,213950,214000,214050,214100,214150,214200,214250,214300,214350,214400,214450,214500,214550,214600,214650,214700,214750,214800,214850,214900,214950,215000,215050,215100,215150,215200,215250,215300,215350,215400,215450,215500,215550,215600,215650,215700,215750,215800,215850,215900,215950,216000,216050,216100,216150,216200,216250,216300,216350,216400,216450,216500,216550,216600,216650,216700,216750,216800,216850,216900,216950,217000,217050,217100,217150,217200,217250,217300,217350,217400,217450,217500,217550,217600,217650,217700,217750,217800,217850,217900,217950,218000,218050,218100,218150,218200,218250,218300,218350,218400,218450,218500,218550,218600,218650,218700,218750,218800,218850,218900,218950,219000,219050,219100,219150,219200,219250,219300,219350,219400,219450,219500,219550,219600,219650,219700,219750,219800,219850,219900,219950,220000,220050,220100,220150,220200,220250,220300,220350,220400,220450,220500,220550,220600,220650,220700,220750,220800,220850,220900,220950,221000,221050,221100,221150,221200,221250,221300,221350,221400,221450,221500,221550,221600,221650,221700,221750,221800,221850,221900,221950,222000,222050,222100,222150,222200,222250,222300,222350,222400,222450,222500,222550,222600,222650,222700,222750,222800,222850,222900,222950,223000,223050,223100,223150,223200,223250,223300,223350,223400,223450,223500,223550,223600,223650,223700,223750,223800,223850,223900,223950,224000,224050,224100,224150,224200,224250,224300,224350,224400,224450,224500,224550,224600,224650,224700,224750,224800,224850,224900,224950,225000,225050,225100,225150,225200,225250,225300,225350,225400,225450,225500,225550,225600,225650,225700,225750,225800,225850,225900,225950,226000,226050,226100,226150,226200,226250,226300,226350,226400,226450,226500,226550,226600,226650,226700,226750,226800,226850,226900,226950,227000,227050,227100,227150,227200,227250,227300,227350,227400,227450,227500,227550,227600,227650,227700,227750,227800,227850,227900,227950,228000,228050,228100,228150,228200,228250,228300,228350,228400,228450,228500,228550,228600,228650,228700,228750,228800,228850,228900,228950,229000,229050,229100,229150,229200,229250,229300,229350,229400,229450,229500,229550,229600,229650,229700,229750,229800,229850,229900,229950,230000,230050,230100,230150,230200,230250,230300,230350,230400,230450,230500,230550,230600,230650,230700,230750,230800,230850,230900,230950,231000,231050,231100,231150,231200,231250,231300,231350,231400,231450,231500,231550,231600,231650,231700,231750,231800,231850,231900,231950,232000,232050,232100,232150,232200,232250,232300,232350,232400,232450,232500,232550,232600,232650,232700,232750,232800,232850,232900,232950,233000,233050,233100,233150,233200,233250,233300,233350,233400,233450,233500,233550,233600,233650,233700,233750,233800,233850,233900,233950,234000,234050,234100,234150,234200,234250,234300,234350,234400,234450,234500,234550,234600,234650,234700,234750,234800,234850,234900,234950,235000,235050,235100,235150,235200,235250,235300,235350,235400,235450,235500,235550,235600,235650,235700,235750,235800,235850,235900,235950,236000,236050,236100,236150,236200,236250,236300,236350,236400,236450,236500,236550,236600,236650,236700,236750,236800,236850,236900,236950,237000,237050,237100,237150,237200,237250,237300,237350,237400,237450,237500,237550,237600,237650,237700,237750,237800,237850,237900,237950,238000,238050,238100,238150,238200,238250,238300,238350,238400,238450,238500,238550,238600,238650,238700,238750,238800,238850,238900,238950,239000,239050,239100,239150,239200,239250,239300,239350,239400,239450,239500,239550,239600,239650,239700,239750,239800,239850,239900,239950,240000,240050,240100,240150,240200,240250,240300,240350,240400,240450,240500,240550,240600,240650,240700,240750,240800,240850,240900,240950,241000,241050,241100,241150,241200,241250,241300,241350,241400,241450,241500,241550,241600,241650,241700,241750,241800,241850,241900,241950,242000,242050,242100,242150,242200,242250,242300,242350,242400,242450,242500,242550,242600,242650,242700,242750,242800,242850,242900,242950,243000,243050,243100,243150,243200,243250,243300,243350,243400,243450,243500,243550,243600,243650,243700,243750,243800,243850,243900,243950,244000,244050,244100,244150,244200,244250,244300,244350,244400,244450,244500,244550,244600,244650,244700,244750,244800,244850,244900,244950,245000,245050,245100,245150,245200,245250,245300,245350,245400,245450,245500,245550,245600,245650,245700,245750,245800,245850,245900,245950,246000,246050,246100,246150,246200,246250,246300,246350,246400,246450,246500,246550,246600,246650,246700,246750,246800,246850,246900,246950,247000,247050,247100,247150,247200,247250,247300,247350,247400,247450,247500,247550,247600,247650,247700,247750,247800,247850,247900,247950,248000,248050,248100,248150,248200,248250,248300,248350,248400,248450,248500,248550,248600,248650,248700,248750,248800,248850,248900,248950,249000,249050,249100,249150,249200,249250,249300,249350,249400,249450,249500,249550,249600,249650,249700,249750,249800,249850,249900,249950,250000
n_training_steps_elapsed,2500,5000,7500,10000,12500,15000,17500,20000,22500,25000,27500,30000,32500,35000,37500,40000,42500,45000,47500,50000,52500,55000,57500,60000,62500,65000,67500,70000,72500,75000,77500,80000,82500,85000,87500,90000,92500,95000,97500,100000,102500,105000,107500,110000,112500,115000,117500,120000,122500,125000,127500,130000,132500,135000,137500,140000,142500,145000,147500,150000,152500,155000,157500,160000,162500,165000,167500,170000,172500,175000,177500,180000,182500,185000,187500,190000,192500,195000,197500,200000,202500,205000,207500,210000,212500,215000,217500,220000,222500,225000,227500,230000,232500,235000,237500,240000,242500,245000,247500,250000,252500,255000,257500,260000,262500,265000,267500,270000,272500,275000,277500,280000,282500,285000,287500,290000,292500,295000,297500,300000,302500,305000,307500,310000,312500,315000,317500,320000,322500,325000,327500,330000,332500,335000,337500,340000,342500,345000,347500,350000,352500,355000,357500,360000,362500,365000,367500,370000,372500,375000,377500,380000,382500,385000,387500,390000,392500,395000,397500,400000,402500,405000,407500,410000,412500,415000,417500,420000,422500,425000,427500,430000,432500,435000,437500,440000,442500,445000,447500,450000,452500,455000,457500,460000,462500,465000,467500,470000,472500,475000,477500,480000,482500,485000,487500,490000,492500,495000,497500,500000,502500,505000,507500,510000,512500,515000,517500,520000,522500,525000,527500,530000,532500,535000,537500,540000,542500,545000,547500,550000,552500,555000,557500,560000,562500,565000,567500,570000,572500,575000,577500,580000,582500,585000,587500,590000,592500,595000,597500,600000,602500,605000,607500,610000,612500,615000,617500,620000,622500,625000,627500,630000,632500,635000,637500,640000,642500,645000,647500,650000,652500,655000,657500,660000,662500,665000,667500,670000,672500,675000,677500,680000,682500,685000,687500,690000,692500,695000,697500,700000,702500,705000,707500,710000,712500,715000,717500,720000,722500,725000,727500,730000,732500,735000,737500,740000,742500,745000,747500,750000,752500,755000,757500,760000,762500,765000,767500,770000,772500,775000,777500,780000,782500,785000,787500,790000,792500,795000,797500,800000,802500,805000,807500,810000,812500,815000,817500,820000,822500,825000,827500,830000,832500,835000,837500,840000,842500,845000,847500,850000,852500,855000,857500,860000,862500,865000,867500,870000,872500,875000,877500,880000,882500,885000,887500,890000,892500,895000,897500,900000,902500,905000,907500,910000,912500,915000,917500,920000,922500,925000,927500,930000,932500,935000,937500,940000,942500,945000,947500,950000,952500,955000,957500,960000,962500,965000,967500,970000,972500,975000,977500,980000,982500,985000,987500,990000,992500,995000,997500,1000000,1002500,1005000,1007500,1010000,1012500,1015000,1017500,1020000,1022500,1025000,1027500,1030000,1032500,1035000,1037500,1040000,1042500,1045000,1047500,1050000,1052500,1055000,1057500,1060000,1062500,1065000,1067500,1070000,1072500,1075000,1077500,1080000,1082500,1085000,1087500,1090000,1092500,1095000,1097500,1100000,1102500,1105000,1107500,1110000,1112500,1115000,1117500,1120000,1122500,1125000,1127500,1130000,1132500,1135000,1137500,1140000,1142500,1145000,1147500,1150000,1152500,1155000,1157500,1160000,1162500,1165000,1167500,1170000,1172500,1175000,1177500,1180000,1182500,1185000,1187500,1190000,1192500,1195000,1197500,1200000,1202500,1205000,1207500,1210000,1212500,1215000,1217500,1220000,1222500,1225000,1227500,1230000,1232500,1235000,1237500,1240000,1242500,1245000,1247500,1250000,1252500,1255000,1257500,1260000,1262500,1265000,1267500,1270000,1272500,1275000,1277500,1280000,1282500,1285000,1287500,1290000,1292500,1295000,1297500,1300000,1302500,1305000,1307500,1310000,1312500,1315000,1317500,1320000,1322500,1325000,1327500,1330000,1332500,1335000,1337500,1340000,1342500,1345000,1347500,1350000,1352500,1355000,1357500,1360000,1362500,1365000,1367500,1370000,1372500,1375000,1377500,1380000,1382500,1385000,1387500,1390000,1392500,1395000,1397500,1400000,1402500,1405000,1407500,1410000,1412500,1415000,1417500,1420000,1422500,1425000,1427500,1430000,1432500,1435000,1437500,1440000,1442500,1445000,1447500,1450000,1452500,1455000,1457500,1460000,1462500,1465000,1467500,1470000,1472500,1475000,1477500,1480000,1482500,1485000,1487500,1490000,1492500,1495000,1497500,1500000,1502500,1505000,1507500,1510000,1512500,1515000,1517500,1520000,1522500,1525000,1527500,1530000,1532500,1535000,1537500,1540000,1542500,1545000,1547500,1550000,1552500,1555000,1557500,1560000,1562500,1565000,1567500,1570000,1572500,1575000,1577500,1580000,1582500,1585000,1587500,1590000,1592500,1595000,1597500,1600000,1602500,1605000,1607500,1610000,1612500,1615000,1617500,1620000,1622500,1625000,1627500,1630000,1632500,1635000,1637500,1640000,1642500,1645000,1647500,1650000,1652500,1655000,1657500,1660000,1662500,1665000,1667500,1670000,1672500,1675000,1677500,1680000,1682500,1685000,1687500,1690000,1692500,1695000,1697500,1700000,1702500,1705000,1707500,1710000,1712500,1715000,1717500,1720000,1722500,1725000,1727500,1730000,1732500,1735000,1737500,1740000,1742500,1745000,1747500,1750000,1752500,1755000,1757500,1760000,1762500,1765000,1767500,1770000,1772500,1775000,1777500,1780000,1782500,1785000,1787500,1790000,1792500,1795000,1797500,1800000,1802500,1805000,1807500,1810000,1812500,1815000,1817500,1820000,1822500,1825000,1827500,1830000,1832500,1835000,1837500,1840000,1842500,1845000,1847500,1850000,1852500,1855000,1857500,1860000,1862500,1865000,1867500,1870000,1872500,1875000,1877500,1880000,1882500,1885000,1887500,1890000,1892500,1895000,1897500,1900000,1902500,1905000,1907500,1910000,1912500,1915000,1917500,1920000,1922500,1925000,1927500,1930000,1932500,1935000,1937500,1940000,1942500,1945000,1947500,1950000,1952500,1955000,1957500,1960000,1962500,1965000,1967500,1970000,1972500,1975000,1977500,1980000,1982500,1985000,1987500,1990000,1992500,1995000,1997500,2000000,2002500,2005000,2007500,2010000,2012500,2015000,2017500,2020000,2022500,2025000,2027500,2030000,2032500,2035000,2037500,2040000,2042500,2045000,2047500,2050000,2052500,2055000,2057500,2060000,2062500,2065000,2067500,2070000,2072500,2075000,2077500,2080000,2082500,2085000,2087500,2090000,2092500,2095000,2097500,2100000,2102500,2105000,2107500,2110000,2112500,2115000,2117500,2120000,2122500,2125000,2127500,2130000,2132500,2135000,2137500,2140000,2142500,2145000,2147500,2150000,2152500,2155000,2157500,2160000,2162500,2165000,2167500,2170000,2172500,2175000,2177500,2180000,2182500,2185000,2187500,2190000,2192500,2195000,2197500,2200000,2202500,2205000,2207500,2210000,2212500,2215000,2217500,2220000,2222500,2225000,2227500,2230000,2232500,2235000,2237500,2240000,2242500,2245000,2247500,2250000,2252500,2255000,2257500,2260000,2262500,2265000,2267500,2270000,2272500,2275000,2277500,2280000,2282500,2285000,2287500,2290000,2292500,2295000,2297500,2300000,2302500,2305000,2307500,2310000,2312500,2315000,2317500,2320000,2322500,2325000,2327500,2330000,2332500,2335000,2337500,2340000,2342500,2345000,2347500,2350000,2352500,2355000,2357500,2360000,2362500,2365000,2367500,2370000,2372500,2375000,2377500,2380000,2382500,2385000,2387500,2390000,2392500,2395000,2397500,2400000,2402500,2405000,2407500,2410000,2412500,2415000,2417500,2420000,2422500,2425000,2427500,2430000,2432500,2435000,2437500,2440000,2442500,2445000,2447500,2450000,2452500,2455000,2457500,2460000,2462500,2465000,2467500,2470000,2472500,2475000,2477500,2480000,2482500,2485000,2487500,2490000,2492500,2495000,2497500,2500000,2502500,2505000,2507500,2510000,2512500,2515000,2517500,2520000,2522500,2525000,2527500,2530000,2532500,2535000,2537500,2540000,2542500,2545000,2547500,2550000,2552500,2555000,2557500,2560000,2562500,2565000,2567500,2570000,2572500,2575000,2577500,2580000,2582500,2585000,2587500,2590000,2592500,2595000,2597500,2600000,2602500,2605000,2607500,2610000,2612500,2615000,2617500,2620000,2622500,2625000,2627500,2630000,2632500,2635000,2637500,2640000,2642500,2645000,2647500,2650000,2652500,2655000,2657500,2660000,2662500,2665000,2667500,2670000,2672500,2675000,2677500,2680000,2682500,2685000,2687500,2690000,2692500,2695000,2697500,2700000,2702500,2705000,2707500,2710000,2712500,2715000,2717500,2720000,2722500,2725000,2727500,2730000,2732500,2735000,2737500,2740000,2742500,2745000,2747500,2750000,2752500,2755000,2757500,2760000,2762500,2765000,2767500,2770000,2772500,2775000,2777500,2780000,2782500,2785000,2787500,2790000,2792500,2795000,2797500,2800000,2802500,2805000,2807500,2810000,2812500,2815000,2817500,2820000,2822500,2825000,2827500,2830000,2832500,2835000,2837500,2840000,2842500,2845000,2847500,2850000,2852500,2855000,2857500,2860000,2862500,2865000,2867500,2870000,2872500,2875000,2877500,2880000,2882500,2885000,2887500,2890000,2892500,2895000,2897500,2900000,2902500,2905000,2907500,2910000,2912500,2915000,2917500,2920000,2922500,2925000,2927500,2930000,2932500,2935000,2937500,2940000,2942500,2945000,2947500,2950000,2952500,2955000,2957500,2960000,2962500,2965000,2967500,2970000,2972500,2975000,2977500,2980000,2982500,2985000,2987500,2990000,2992500,2995000,2997500,3000000,3002500,3005000,3007500,3010000,3012500,3015000,3017500,3020000,3022500,3025000,3027500,3030000,3032500,3035000,3037500,3040000,3042500,3045000,3047500,3050000,3052500,3055000,3057500,3060000,3062500,3065000,3067500,3070000,3072500,3075000,3077500,3080000,3082500,3085000,3087500,3090000,3092500,3095000,3097500,3100000,3102500,3105000,3107500,3110000,3112500,3115000,3117500,3120000,3122500,3125000,3127500,3130000,3132500,3135000,3137500,3140000,3142500,3145000,3147500,3150000,3152500,3155000,3157500,3160000,3162500,3165000,3167500,3170000,3172500,3175000,3177500,3180000,3182500,3185000,3187500,3190000,3192500,3195000,3197500,3200000,3202500,3205000,3207500,3210000,3212500,3215000,3217500,3220000,3222500,3225000,3227500,3230000,3232500,3235000,3237500,3240000,3242500,3245000,3247500,3250000,3252500,3255000,3257500,3260000,3262500,3265000,3267500,3270000,3272500,3275000,3277500,3280000,3282500,3285000,3287500,3290000,3292500,3295000,3297500,3300000,3302500,3305000,3307500,3310000,3312500,3315000,3317500,3320000,3322500,3325000,3327500,3330000,3332500,3335000,3337500,3340000,3342500,3345000,3347500,3350000,3352500,3355000,3357500,3360000,3362500,3365000,3367500,3370000,3372500,3375000,3377500,3380000,3382500,3385000,3387500,3390000,3392500,3395000,3397500,3400000,3402500,3405000,3407500,3410000,3412500,3415000,3417500,3420000,3422500,3425000,3427500,3430000,3432500,3435000,3437500,3440000,3442500,3445000,3447500,3450000,3452500,3455000,3457500,3460000,3462500,3465000,3467500,3470000,3472500,3475000,3477500,3480000,3482500,3485000,3487500,3490000,3492500,3495000,3497500,3500000,3502500,3505000,3507500,3510000,3512500,3515000,3517500,3520000,3522500,3525000,3527500,3530000,3532500,3535000,3537500,3540000,3542500,3545000,3547500,3550000,3552500,3555000,3557500,3560000,3562500,3565000,3567500,3570000,3572500,3575000,3577500,3580000,3582500,3585000,3587500,3590000,3592500,3595000,3597500,3600000,3602500,3605000,3607500,3610000,3612500,3615000,3617500,3620000,3622500,3625000,3627500,3630000,3632500,3635000,3637500,3640000,3642500,3645000,3647500,3650000,3652500,3655000,3657500,3660000,3662500,3665000,3667500,3670000,3672500,3675000,3677500,3680000,3682500,3685000,3687500,3690000,3692500,3695000,3697500,3700000,3702500,3705000,3707500,3710000,3712500,3715000,3717500,3720000,3722500,3725000,3727500,3730000,3732500,3735000,3737500,3740000,3742500,3745000,3747500,3750000,3752500,3755000,3757500,3760000,3762500,3765000,3767500,3770000,3772500,3775000,3777500,3780000,3782500,3785000,3787500,3790000,3792500,3795000,3797500,3800000,3802500,3805000,3807500,3810000,3812500,3815000,3817500,3820000,3822500,3825000,3827500,3830000,3832500,3835000,3837500,3840000,3842500,3845000,3847500,3850000,3852500,3855000,3857500,3860000,3862500,3865000,3867500,3870000,3872500,3875000,3877500,3880000,3882500,3885000,3887500,3890000,3892500,3895000,3897500,3900000,3902500,3905000,3907500,3910000,3912500,3915000,3917500,3920000,3922500,3925000,3927500,3930000,3932500,3935000,3937500,3940000,3942500,3945000,3947500,3950000,3952500,3955000,3957500,3960000,3962500,3965000,3967500,3970000,3972500,3975000,3977500,3980000,3982500,3985000,3987500,3990000,3992500,3995000,3997500,4000000,4002500,4005000,4007500,4010000,4012500,4015000,4017500,4020000,4022500,4025000,4027500,4030000,4032500,4035000,4037500,4040000,4042500,4045000,4047500,4050000,4052500,4055000,4057500,4060000,4062500,4065000,4067500,4070000,4072500,4075000,4077500,4080000,4082500,4085000,4087500,4090000,4092500,4095000,4097500,4100000,4102500,4105000,4107500,4110000,4112500,4115000,4117500,4120000,4122500,4125000,4127500,4130000,4132500,4135000,4137500,4140000,4142500,4145000,4147500,4150000,4152500,4155000,4157500,4160000,4162500,4165000,4167500,4170000,4172500,4175000,4177500,4180000,4182500,4185000,4187500,4190000,4192500,4195000,4197500,4200000,4202500,4205000,4207500,4210000,4212500,4215000,4217500,4220000,4222500,4225000,4227500,4230000,4232500,4235000,4237500,4240000,4242500,4245000,4247500,4250000,4252500,4255000,4257500,4260000,4262500,4265000,4267500,4270000,4272500,4275000,4277500,4280000,4282500,4285000,4287500,4290000,4292500,4295000,4297500,4300000,4302500,4305000,4307500,4310000,4312500,4315000,4317500,4320000,4322500,4325000,4327500,4330000,4332500,4335000,4337500,4340000,4342500,4345000,4347500,4350000,4352500,4355000,4357500,4360000,4362500,4365000,4367500,4370000,4372500,4375000,4377500,4380000,4382500,4385000,4387500,4390000,4392500,4395000,4397500,4400000,4402500,4405000,4407500,4410000,4412500,4415000,4417500,4420000,4422500,4425000,4427500,4430000,4432500,4435000,4437500,4440000,4442500,4445000,4447500,4450000,4452500,4455000,4457500,4460000,4462500,4465000,4467500,4470000,4472500,4475000,4477500,4480000,4482500,4485000,4487500,4490000,4492500,4495000,4497500,4500000,4502500,4505000,4507500,4510000,4512500,4515000,4517500,4520000,4522500,4525000,4527500,4530000,4532500,4535000,4537500,4540000,4542500,4545000,4547500,4550000,4552500,4555000,4557500,4560000,4562500,4565000,4567500,4570000,4572500,4575000,4577500,4580000,4582500,4585000,4587500,4590000,4592500,4595000,4597500,4600000,4602500,4605000,4607500,4610000,4612500,4615000,4617500,4620000,4622500,4625000,4627500,4630000,4632500,4635000,4637500,4640000,4642500,4645000,4647500,4650000,4652500,4655000,4657500,4660000,4662500,4665000,4667500,4670000,4672500,4675000,4677500,4680000,4682500,4685000,4687500,4690000,4692500,4695000,4697500,4700000,4702500,4705000,4707500,4710000,4712500,4715000,4717500,4720000,4722500,4725000,4727500,4730000,4732500,4735000,4737500,4740000,4742500,4745000,4747500,4750000,4752500,4755000,4757500,4760000,4762500,4765000,4767500,4770000,4772500,4775000,4777500,4780000,4782500,4785000,4787500,4790000,4792500,4795000,4797500,4800000,4802500,4805000,4807500,4810000,4812500,4815000,4817500,4820000,4822500,4825000,4827500,4830000,4832500,4835000,4837500,4840000,4842500,4845000,4847500,4850000,4852500,4855000,4857500,4860000,4862500,4865000,4867500,4870000,4872500,4875000,4877500,4880000,4882500,4885000,4887500,4890000,4892500,4895000,4897500,4900000,4902500,4905000,4907500,4910000,4912500,4915000,4917500,4920000,4922500,4925000,4927500,4930000,4932500,4935000,4937500,4940000,4942500,4945000,4947500,4950000,4952500,4955000,4957500,4960000,4962500,4965000,4967500,4970000,4972500,4975000,4977500,4980000,4982500,4985000,4987500,4990000,4992500,4995000,4997500,5000000,5002500,5005000,5007500,5010000,5012500,5015000,5017500,5020000,5022500,5025000,5027500,5030000,5032500,5035000,5037500,5040000,5042500,5045000,5047500,5050000,5052500,5055000,5057500,5060000,5062500,5065000,5067500,5070000,5072500,5075000,5077500,5080000,5082500,5085000,5087500,5090000,5092500,5095000,5097500,5100000,5102500,5105000,5107500,5110000,5112500,5115000,5117500,5120000,5122500,5125000,5127500,5130000,5132500,5135000,5137500,5140000,5142500,5145000,5147500,5150000,5152500,5155000,5157500,5160000,5162500,5165000,5167500,5170000,5172500,5175000,5177500,5180000,5182500,5185000,5187500,5190000,5192500,5195000,5197500,5200000,5202500,5205000,5207500,5210000,5212500,5215000,5217500,5220000,5222500,5225000,5227500,5230000,5232500,5235000,5237500,5240000,5242500,5245000,5247500,5250000,5252500,5255000,5257500,5260000,5262500,5265000,5267500,5270000,5272500,5275000,5277500,5280000,5282500,5285000,5287500,5290000,5292500,5295000,5297500,5300000,5302500,5305000,5307500,5310000,5312500,5315000,5317500,5320000,5322500,5325000,5327500,5330000,5332500,5335000,5337500,5340000,5342500,5345000,5347500,5350000,5352500,5355000,5357500,5360000,5362500,5365000,5367500,5370000,5372500,5375000,5377500,5380000,5382500,5385000,5387500,5390000,5392500,5395000,5397500,5400000,5402500,5405000,5407500,5410000,5412500,5415000,5417500,5420000,5422500,5425000,5427500,5430000,5432500,5435000,5437500,5440000,5442500,5445000,5447500,5450000,5452500,5455000,5457500,5460000,5462500,5465000,5467500,5470000,5472500,5475000,5477500,5480000,5482500,5485000,5487500,5490000,5492500,5495000,5497500,5500000,5502500,5505000,5507500,5510000,5512500,5515000,5517500,5520000,5522500,5525000,5527500,5530000,5532500,5535000,5537500,5540000,5542500,5545000,5547500,5550000,5552500,5555000,5557500,5560000,5562500,5565000,5567500,5570000,5572500,5575000,5577500,5580000,5582500,5585000,5587500,5590000,5592500,5595000,5597500,5600000,5602500,5605000,5607500,5610000,5612500,5615000,5617500,5620000,5622500,5625000,5627500,5630000,5632500,5635000,5637500,5640000,5642500,5645000,5647500,5650000,5652500,5655000,5657500,5660000,5662500,5665000,5667500,5670000,5672500,5675000,5677500,5680000,5682500,5685000,5687500,5690000,5692500,5695000,5697500,5700000,5702500,5705000,5707500,5710000,5712500,5715000,5717500,5720000,5722500,5725000,5727500,5730000,5732500,5735000,5737500,5740000,5742500,5745000,5747500,5750000,5752500,5755000,5757500,5760000,5762500,5765000,5767500,5770000,5772500,5775000,5777500,5780000,5782500,5785000,5787500,5790000,5792500,5795000,5797500,5800000,5802500,5805000,5807500,5810000,5812500,5815000,5817500,5820000,5822500,5825000,5827500,5830000,5832500,5835000,5837500,5840000,5842500,5845000,5847500,5850000,5852500,5855000,5857500,5860000,5862500,5865000,5867500,5870000,5872500,5875000,5877500,5880000,5882500,5885000,5887500,5890000,5892500,5895000,5897500,5900000,5902500,5905000,5907500,5910000,5912500,5915000,5917500,5920000,5922500,5925000,5927500,5930000,5932500,5935000,5937500,5940000,5942500,5945000,5947500,5950000,5952500,5955000,5957500,5960000,5962500,5965000,5967500,5970000,5972500,5975000,5977500,5980000,5982500,5985000,5987500,5990000,5992500,5995000,5997500,6000000,6002500,6005000,6007500,6010000,6012500,6015000,6017500,6020000,6022500,6025000,6027500,6030000,6032500,6035000,6037500,6040000,6042500,6045000,6047500,6050000,6052500,6055000,6057500,6060000,6062500,6065000,6067500,6070000,6072500,6075000,6077500,6080000,6082500,6085000,6087500,6090000,6092500,6095000,6097500,6100000,6102500,6105000,6107500,6110000,6112500,6115000,6117500,6120000,6122500,6125000,6127500,6130000,6132500,6135000,6137500,6140000,6142500,6145000,6147500,6150000,6152500,6155000,6157500,6160000,6162500,6165000,6167500,6170000,6172500,6175000,6177500,6180000,6182500,6185000,6187500,6190000,6192500,6195000,6197500,6200000,6202500,6205000,6207500,6210000,6212500,6215000,6217500,6220000,6222500,6225000,6227500,6230000,6232500,6235000,6237500,6240000,6242500,6245000,6247500,6250000,6252500,6255000,6257500,6260000,6262500,6265000,6267500,6270000,6272500,6275000,6277500,6280000,6282500,6285000,6287500,6290000,6292500,6295000,6297500,6300000,6302500,6305000,6307500,6310000,6312500,6315000,6317500,6320000,6322500,6325000,6327500,6330000,6332500,6335000,6337500,6340000,6342500,6345000,6347500,6350000,6352500,6355000,6357500,6360000,6362500,6365000,6367500,6370000,6372500,6375000,6377500,6380000,6382500,6385000,6387500,6390000,6392500,6395000,6397500,6400000,6402500,6405000,6407500,6410000,6412500,6415000,6417500,6420000,6422500,6425000,6427500,6430000,6432500,6435000,6437500,6440000,6442500,6445000,6447500,6450000,6452500,6455000,6457500,6460000,6462500,6465000,6467500,6470000,6472500,6475000,6477500,6480000,6482500,6485000,6487500,6490000,6492500,6495000,6497500,6500000,6502500,6505000,6507500,6510000,6512500,6515000,6517500,6520000,6522500,6525000,6527500,6530000,6532500,6535000,6537500,6540000,6542500,6545000,6547500,6550000,6552500,6555000,6557500,6560000,6562500,6565000,6567500,6570000,6572500,6575000,6577500,6580000,6582500,6585000,6587500,6590000,6592500,6595000,6597500,6600000,6602500,6605000,6607500,6610000,6612500,6615000,6617500,6620000,6622500,6625000,6627500,6630000,6632500,6635000,6637500,6640000,6642500,6645000,6647500,6650000,6652500,6655000,6657500,6660000,6662500,6665000,6667500,6670000,6672500,6675000,6677500,6680000,6682500,6685000,6687500,6690000,6692500,6695000,6697500,6700000,6702500,6705000,6707500,6710000,6712500,6715000,6717500,6720000,6722500,6725000,6727500,6730000,6732500,6735000,6737500,6740000,6742500,6745000,6747500,6750000,6752500,6755000,6757500,6760000,6762500,6765000,6767500,6770000,6772500,6775000,6777500,6780000,6782500,6785000,6787500,6790000,6792500,6795000,6797500,6800000,6802500,6805000,6807500,6810000,6812500,6815000,6817500,6820000,6822500,6825000,6827500,6830000,6832500,6835000,6837500,6840000,6842500,6845000,6847500,6850000,6852500,6855000,6857500,6860000,6862500,6865000,6867500,6870000,6872500,6875000,6877500,6880000,6882500,6885000,6887500,6890000,6892500,6895000,6897500,6900000,6902500,6905000,6907500,6910000,6912500,6915000,6917500,6920000,6922500,6925000,6927500,6930000,6932500,6935000,6937500,6940000,6942500,6945000,6947500,6950000,6952500,6955000,6957500,6960000,6962500,6965000,6967500,6970000,6972500,6975000,6977500,6980000,6982500,6985000,6987500,6990000,6992500,6995000,6997500,7000000,7002500,7005000,7007500,7010000,7012500,7015000,7017500,7020000,7022500,7025000,7027500,7030000,7032500,7035000,7037500,7040000,7042500,7045000,7047500,7050000,7052500,7055000,7057500,7060000,7062500,7065000,7067500,7070000,7072500,7075000,7077500,7080000,7082500,7085000,7087500,7090000,7092500,7095000,7097500,7100000,7102500,7105000,7107500,7110000,7112500,7115000,7117500,7120000,7122500,7125000,7127500,7130000,7132500,7135000,7137500,7140000,7142500,7145000,7147500,7150000,7152500,7155000,7157500,7160000,7162500,7165000,7167500,7170000,7172500,7175000,7177500,7180000,7182500,7185000,7187500,7190000,7192500,7195000,7197500,7200000,7202500,7205000,7207500,7210000,7212500,7215000,7217500,7220000,7222500,7225000,7227500,7230000,7232500,7235000,7237500,7240000,7242500,7245000,7247500,7250000,7252500,7255000,7257500,7260000,7262500,7265000,7267500,7270000,7272500,7275000,7277500,7280000,7282500,7285000,7287500,7290000,7292500,7295000,7297500,7300000,7302500,7305000,7307500,7310000,7312500,7315000,7317500,7320000,7322500,7325000,7327500,7330000,7332500,7335000,7337500,7340000,7342500,7345000,7347500,7350000,7352500,7355000,7357500,7360000,7362500,7365000,7367500,7370000,7372500,7375000,7377500,7380000,7382500,7385000,7387500,7390000,7392500,7395000,7397500,7400000,7402500,7405000,7407500,7410000,7412500,7415000,7417500,7420000,7422500,7425000,7427500,7430000,7432500,7435000,7437500,7440000,7442500,7445000,7447500,7450000,7452500,7455000,7457500,7460000,7462500,7465000,7467500,7470000,7472500,7475000,7477500,7480000,7482500,7485000,7487500,7490000,7492500,7495000,7497500,7500000,7502500,7505000,7507500,7510000,7512500,7515000,7517500,7520000,7522500,7525000,7527500,7530000,7532500,7535000,7537500,7540000,7542500,7545000,7547500,7550000,7552500,7555000,7557500,7560000,7562500,7565000,7567500,7570000,7572500,7575000,7577500,7580000,7582500,7585000,7587500,7590000,7592500,7595000,7597500,7600000,7602500,7605000,7607500,7610000,7612500,7615000,7617500,7620000,7622500,7625000,7627500,7630000,7632500,7635000,7637500,7640000,7642500,7645000,7647500,7650000,7652500,7655000,7657500,7660000,7662500,7665000,7667500,7670000,7672500,7675000,7677500,7680000,7682500,7685000,7687500,7690000,7692500,7695000,7697500,7700000,7702500,7705000,7707500,7710000,7712500,7715000,7717500,7720000,7722500,7725000,7727500,7730000,7732500,7735000,7737500,7740000,7742500,7745000,7747500,7750000,7752500,7755000,7757500,7760000,7762500,7765000,7767500,7770000,7772500,7775000,7777500,7780000,7782500,7785000,7787500,7790000,7792500,7795000,7797500,7800000,7802500,7805000,7807500,7810000,7812500,7815000,7817500,7820000,7822500,7825000,7827500,7830000,7832500,7835000,7837500,7840000,7842500,7845000,7847500,7850000,7852500,7855000,7857500,7860000,7862500,7865000,7867500,7870000,7872500,7875000,7877500,7880000,7882500,7885000,7887500,7890000,7892500,7895000,7897500,7900000,7902500,7905000,7907500,7910000,7912500,7915000,7917500,7920000,7922500,7925000,7927500,7930000,7932500,7935000,7937500,7940000,7942500,7945000,7947500,7950000,7952500,7955000,7957500,7960000,7962500,7965000,7967500,7970000,7972500,7975000,7977500,7980000,7982500,7985000,7987500,7990000,7992500,7995000,7997500,8000000,8002500,8005000,8007500,8010000,8012500,8015000,8017500,8020000,8022500,8025000,8027500,8030000,8032500,8035000,8037500,8040000,8042500,8045000,8047500,8050000,8052500,8055000,8057500,8060000,8062500,8065000,8067500,8070000,8072500,8075000,8077500,8080000,8082500,8085000,8087500,8090000,8092500,8095000,8097500,8100000,8102500,8105000,8107500,8110000,8112500,8115000,8117500,8120000,8122500,8125000,8127500,8130000,8132500,8135000,8137500,8140000,8142500,8145000,8147500,8150000,8152500,8155000,8157500,8160000,8162500,8165000,8167500,8170000,8172500,8175000,8177500,8180000,8182500,8185000,8187500,8190000,8192500,8195000,8197500,8200000,8202500,8205000,8207500,8210000,8212500,8215000,8217500,8220000,8222500,8225000,8227500,8230000,8232500,8235000,8237500,8240000,8242500,8245000,8247500,8250000,8252500,8255000,8257500,8260000,8262500,8265000,8267500,8270000,8272500,8275000,8277500,8280000,8282500,8285000,8287500,8290000,8292500,8295000,8297500,8300000,8302500,8305000,8307500,8310000,8312500,8315000,8317500,8320000,8322500,8325000,8327500,8330000,8332500,8335000,8337500,8340000,8342500,8345000,8347500,8350000,8352500,8355000,8357500,8360000,8362500,8365000,8367500,8370000,8372500,8375000,8377500,8380000,8382500,8385000,8387500,8390000,8392500,8395000,8397500,8400000,8402500,8405000,8407500,8410000,8412500,8415000,8417500,8420000,8422500,8425000,8427500,8430000,8432500,8435000,8437500,8440000,8442500,8445000,8447500,8450000,8452500,8455000,8457500,8460000,8462500,8465000,8467500,8470000,8472500,8475000,8477500,8480000,8482500,8485000,8487500,8490000,8492500,8495000,8497500,8500000,8502500,8505000,8507500,8510000,8512500,8515000,8517500,8520000,8522500,8525000,8527500,8530000,8532500,8535000,8537500,8540000,8542500,8545000,8547500,8550000,8552500,8555000,8557500,8560000,8562500,8565000,8567500,8570000,8572500,8575000,8577500,8580000,8582500,8585000,8587500,8590000,8592500,8595000,8597500,8600000,8602500,8605000,8607500,8610000,8612500,8615000,8617500,8620000,8622500,8625000,8627500,8630000,8632500,8635000,8637500,8640000,8642500,8645000,8647500,8650000,8652500,8655000,8657500,8660000,8662500,8665000,8667500,8670000,8672500,8675000,8677500,8680000,8682500,8685000,8687500,8690000,8692500,8695000,8697500,8700000,8702500,8705000,8707500,8710000,8712500,8715000,8717500,8720000,8722500,8725000,8727500,8730000,8732500,8735000,8737500,8740000,8742500,8745000,8747500,8750000,8752500,8755000,8757500,8760000,8762500,8765000,8767500,8770000,8772500,8775000,8777500,8780000,8782500,8785000,8787500,8790000,8792500,8795000,8797500,8800000,8802500,8805000,8807500,8810000,8812500,8815000,8817500,8820000,8822500,8825000,8827500,8830000,8832500,8835000,8837500,8840000,8842500,8845000,8847500,8850000,8852500,8855000,8857500,8860000,8862500,8865000,8867500,8870000,8872500,8875000,8877500,8880000,8882500,8885000,8887500,8890000,8892500,8895000,8897500,8900000,8902500,8905000,8907500,8910000,8912500,8915000,8917500,8920000,8922500,8925000,8927500,8930000,8932500,8935000,8937500,8940000,8942500,8945000,8947500,8950000,8952500,8955000,8957500,8960000,8962500,8965000,8967500,8970000,8972500,8975000,8977500,8980000,8982500,8985000,8987500,8990000,8992500,8995000,8997500,9000000,9002500,9005000,9007500,9010000,9012500,9015000,9017500,9020000,9022500,9025000,9027500,9030000,9032500,9035000,9037500,9040000,9042500,9045000,9047500,9050000,9052500,9055000,9057500,9060000,9062500,9065000,9067500,9070000,9072500,9075000,9077500,9080000,9082500,9085000,9087500,9090000,9092500,9095000,9097500,9100000,9102500,9105000,9107500,9110000,9112500,9115000,9117500,9120000,9122500,9125000,9127500,9130000,9132500,9135000,9137500,9140000,9142500,9145000,9147500,9150000,9152500,9155000,9157500,9160000,9162500,9165000,9167500,9170000,9172500,9175000,9177500,9180000,9182500,9185000,9187500,9190000,9192500,9195000,9197500,9200000,9202500,9205000,9207500,9210000,9212500,9215000,9217500,9220000,9222500,9225000,9227500,9230000,9232500,9235000,9237500,9240000,9242500,9245000,9247500,9250000,9252500,9255000,9257500,9260000,9262500,9265000,9267500,9270000,9272500,9275000,9277500,9280000,9282500,9285000,9287500,9290000,9292500,9295000,9297500,9300000,9302500,9305000,9307500,9310000,9312500,9315000,9317500,9320000,9322500,9325000,9327500,9330000,9332500,9335000,9337500,9340000,9342500,9345000,9347500,9350000,9352500,9355000,9357500,9360000,9362500,9365000,9367500,9370000,9372500,9375000,9377500,9380000,9382500,9385000,9387500,9390000,9392500,9395000,9397500,9400000,9402500,9405000,9407500,9410000,9412500,9415000,9417500,9420000,9422500,9425000,9427500,9430000,9432500,9435000,9437500,9440000,9442500,9445000,9447500,9450000,9452500,9455000,9457500,9460000,9462500,9465000,9467500,9470000,9472500,9475000,9477500,9480000,9482500,9485000,9487500,9490000,9492500,9495000,9497500,9500000,9502500,9505000,9507500,9510000,9512500,9515000,9517500,9520000,9522500,9525000,9527500,9530000,9532500,9535000,9537500,9540000,9542500,9545000,9547500,9550000,9552500,9555000,9557500,9560000,9562500,9565000,9567500,9570000,9572500,9575000,9577500,9580000,9582500,9585000,9587500,9590000,9592500,9595000,9597500,9600000,9602500,9605000,9607500,9610000,9612500,9615000,9617500,9620000,9622500,9625000,9627500,9630000,9632500,9635000,9637500,9640000,9642500,9645000,9647500,9650000,9652500,9655000,9657500,9660000,9662500,9665000,9667500,9670000,9672500,9675000,9677500,9680000,9682500,9685000,9687500,9690000,9692500,9695000,9697500,9700000,9702500,9705000,9707500,9710000,9712500,9715000,9717500,9720000,9722500,9725000,9727500,9730000,9732500,9735000,9737500,9740000,9742500,9745000,9747500,9750000,9752500,9755000,9757500,9760000,9762500,9765000,9767500,9770000,9772500,9775000,9777500,9780000,9782500,9785000,9787500,9790000,9792500,9795000,9797500,9800000,9802500,9805000,9807500,9810000,9812500,9815000,9817500,9820000,9822500,9825000,9827500,9830000,9832500,9835000,9837500,9840000,9842500,9845000,9847500,9850000,9852500,9855000,9857500,9860000,9862500,9865000,9867500,9870000,9872500,9875000,9877500,9880000,9882500,9885000,9887500,9890000,9892500,9895000,9897500,9900000,9902500,9905000,9907500,9910000,9912500,9915000,9917500,9920000,9922500,9925000,9927500,9930000,9932500,9935000,9937500,9940000,9942500,9945000,9947500,9950000,9952500,9955000,9957500,9960000,9962500,9965000,9967500,9970000,9972500,9975000,9977500,9980000,9982500,9985000,9987500,9990000,9992500,9995000,9997500,10000000,10002500,10005000,10007500,10010000,10012500,10015000,10017500,10020000,10022500,10025000,10027500,10030000,10032500,10035000,10037500,10040000,10042500,10045000,10047500,10050000,10052500,10055000,10057500,10060000,10062500,10065000,10067500,10070000,10072500,10075000,10077500,10080000,10082500,10085000,10087500,10090000,10092500,10095000,10097500,10100000,10102500,10105000,10107500,10110000,10112500,10115000,10117500,10120000,10122500,10125000,10127500,10130000,10132500,10135000,10137500,10140000,10142500,10145000,10147500,10150000,10152500,10155000,10157500,10160000,10162500,10165000,10167500,10170000,10172500,10175000,10177500,10180000,10182500,10185000,10187500,10190000,10192500,10195000,10197500,10200000,10202500,10205000,10207500,10210000,10212500,10215000,10217500,10220000,10222500,10225000,10227500,10230000,10232500,10235000,10237500,10240000,10242500,10245000,10247500,10250000,10252500,10255000,10257500,10260000,10262500,10265000,10267500,10270000,10272500,10275000,10277500,10280000,10282500,10285000,10287500,10290000,10292500,10295000,10297500,10300000,10302500,10305000,10307500,10310000,10312500,10315000,10317500,10320000,10322500,10325000,10327500,10330000,10332500,10335000,10337500,10340000,10342500,10345000,10347500,10350000,10352500,10355000,10357500,10360000,10362500,10365000,10367500,10370000,10372500,10375000,10377500,10380000,10382500,10385000,10387500,10390000,10392500,10395000,10397500,10400000,10402500,10405000,10407500,10410000,10412500,10415000,10417500,10420000,10422500,10425000,10427500,10430000,10432500,10435000,10437500,10440000,10442500,10445000,10447500,10450000,10452500,10455000,10457500,10460000,10462500,10465000,10467500,10470000,10472500,10475000,10477500,10480000,10482500,10485000,10487500,10490000,10492500,10495000,10497500,10500000,10502500,10505000,10507500,10510000,10512500,10515000,10517500,10520000,10522500,10525000,10527500,10530000,10532500,10535000,10537500,10540000,10542500,10545000,10547500,10550000,10552500,10555000,10557500,10560000,10562500,10565000,10567500,10570000,10572500,10575000,10577500,10580000,10582500,10585000,10587500,10590000,10592500,10595000,10597500,10600000,10602500,10605000,10607500,10610000,10612500,10615000,10617500,10620000,10622500,10625000,10627500,10630000,10632500,10635000,10637500,10640000,10642500,10645000,10647500,10650000,10652500,10655000,10657500,10660000,10662500,10665000,10667500,10670000,10672500,10675000,10677500,10680000,10682500,10685000,10687500,10690000,10692500,10695000,10697500,10700000,10702500,10705000,10707500,10710000,10712500,10715000,10717500,10720000,10722500,10725000,10727500,10730000,10732500,10735000,10737500,10740000,10742500,10745000,10747500,10750000,10752500,10755000,10757500,10760000,10762500,10765000,10767500,10770000,10772500,10775000,10777500,10780000,10782500,10785000,10787500,10790000,10792500,10795000,10797500,10800000,10802500,10805000,10807500,10810000,10812500,10815000,10817500,10820000,10822500,10825000,10827500,10830000,10832500,10835000,10837500,10840000,10842500,10845000,10847500,10850000,10852500,10855000,10857500,10860000,10862500,10865000,10867500,10870000,10872500,10875000,10877500,10880000,10882500,10885000,10887500,10890000,10892500,10895000,10897500,10900000,10902500,10905000,10907500,10910000,10912500,10915000,10917500,10920000,10922500,10925000,10927500,10930000,10932500,10935000,10937500,10940000,10942500,10945000,10947500,10950000,10952500,10955000,10957500,10960000,10962500,10965000,10967500,10970000,10972500,10975000,10977500,10980000,10982500,10985000,10987500,10990000,10992500,10995000,10997500,11000000,11002500,11005000,11007500,11010000,11012500,11015000,11017500,11020000,11022500,11025000,11027500,11030000,11032500,11035000,11037500,11040000,11042500,11045000,11047500,11050000,11052500,11055000,11057500,11060000,11062500,11065000,11067500,11070000,11072500,11075000,11077500,11080000,11082500,11085000,11087500,11090000,11092500,11095000,11097500,11100000,11102500,11105000,11107500,11110000,11112500,11115000,11117500,11120000,11122500,11125000,11127500,11130000,11132500,11135000,11137500,11140000,11142500,11145000,11147500,11150000,11152500,11155000,11157500,11160000,11162500,11165000,11167500,11170000,11172500,11175000,11177500,11180000,11182500,11185000,11187500,11190000,11192500,11195000,11197500,11200000,11202500,11205000,11207500,11210000,11212500,11215000,11217500,11220000,11222500,11225000,11227500,11230000,11232500,11235000,11237500,11240000,11242500,11245000,11247500,11250000,11252500,11255000,11257500,11260000,11262500,11265000,11267500,11270000,11272500,11275000,11277500,11280000,11282500,11285000,11287500,11290000,11292500,11295000,11297500,11300000,11302500,11305000,11307500,11310000,11312500,11315000,11317500,11320000,11322500,11325000,11327500,11330000,11332500,11335000,11337500,11340000,11342500,11345000,11347500,11350000,11352500,11355000,11357500,11360000,11362500,11365000,11367500,11370000,11372500,11375000,11377500,11380000,11382500,11385000,11387500,11390000,11392500,11395000,11397500,11400000,11402500,11405000,11407500,11410000,11412500,11415000,11417500,11420000,11422500,11425000,11427500,11430000,11432500,11435000,11437500,11440000,11442500,11445000,11447500,11450000,11452500,11455000,11457500,11460000,11462500,11465000,11467500,11470000,11472500,11475000,11477500,11480000,11482500,11485000,11487500,11490000,11492500,11495000,11497500,11500000,11502500,11505000,11507500,11510000,11512500,11515000,11517500,11520000,11522500,11525000,11527500,11530000,11532500,11535000,11537500,11540000,11542500,11545000,11547500,11550000,11552500,11555000,11557500,11560000,11562500,11565000,11567500,11570000,11572500,11575000,11577500,11580000,11582500,11585000,11587500,11590000,11592500,11595000,11597500,11600000,11602500,11605000,11607500,11610000,11612500,11615000,11617500,11620000,11622500,11625000,11627500,11630000,11632500,11635000,11637500,11640000,11642500,11645000,11647500,11650000,11652500,11655000,11657500,11660000,11662500,11665000,11667500,11670000,11672500,11675000,11677500,11680000,11682500,11685000,11687500,11690000,11692500,11695000,11697500,11700000,11702500,11705000,11707500,11710000,11712500,11715000,11717500,11720000,11722500,11725000,11727500,11730000,11732500,11735000,11737500,11740000,11742500,11745000,11747500,11750000,11752500,11755000,11757500,11760000,11762500,11765000,11767500,11770000,11772500,11775000,11777500,11780000,11782500,11785000,11787500,11790000,11792500,11795000,11797500,11800000,11802500,11805000,11807500,11810000,11812500,11815000,11817500,11820000,11822500,11825000,11827500,11830000,11832500,11835000,11837500,11840000,11842500,11845000,11847500,11850000,11852500,11855000,11857500,11860000,11862500,11865000,11867500,11870000,11872500,11875000,11877500,11880000,11882500,11885000,11887500,11890000,11892500,11895000,11897500,11900000,11902500,11905000,11907500,11910000,11912500,11915000,11917500,11920000,11922500,11925000,11927500,11930000,11932500,11935000,11937500,11940000,11942500,11945000,11947500,11950000,11952500,11955000,11957500,11960000,11962500,11965000,11967500,11970000,11972500,11975000,11977500,11980000,11982500,11985000,11987500,11990000,11992500,11995000,11997500,12000000,12002500,12005000,12007500,12010000,12012500,12015000,12017500,12020000,12022500,12025000,12027500,12030000,12032500,12035000,12037500,12040000,12042500,12045000,12047500,12050000,12052500,12055000,12057500,12060000,12062500,12065000,12067500,12070000,12072500,12075000,12077500,12080000,12082500,12085000,12087500,12090000,12092500,12095000,12097500,12100000,12102500,12105000,12107500,12110000,12112500,12115000,12117500,12120000,12122500,12125000,12127500,12130000,12132500,12135000,12137500,12140000,12142500,12145000,12147500,12150000,12152500,12155000,12157500,12160000,12162500,12165000,12167500,12170000,12172500,12175000,12177500,12180000,12182500,12185000,12187500,12190000,12192500,12195000,12197500,12200000,12202500,12205000,12207500,12210000,12212500,12215000,12217500,12220000,12222500,12225000,12227500,12230000,12232500,12235000,12237500,12240000,12242500,12245000,12247500,12250000,12252500,12255000,12257500,12260000,12262500,12265000,12267500,12270000,12272500,12275000,12277500,12280000,12282500,12285000,12287500,12290000,12292500,12295000,12297500,12300000,12302500,12305000,12307500,12310000,12312500,12315000,12317500,12320000,12322500,12325000,12327500,12330000,12332500,12335000,12337500,12340000,12342500,12345000,12347500,12350000,12352500,12355000,12357500,12360000,12362500,12365000,12367500,12370000,12372500,12375000,12377500,12380000,12382500,12385000,12387500,12390000,12392500,12395000,12397500,12400000,12402500,12405000,12407500,12410000,12412500,12415000,12417500,12420000,12422500,12425000,12427500,12430000,12432500,12435000,12437500,12440000,12442500,12445000,12447500,12450000,12452500,12455000,12457500,12460000,12462500,12465000,12467500,12470000,12472500,12475000,12477500,12480000,12482500,12485000,12487500,12490000,12492500,12495000,12497500,12500000
max_expected_returns,90.2777777777779,90.2777777777779,90.2777777777779,90.2777777777779,90.2777777777779,90.2777777777779,90.2777777777779,90.2777777777779,90.2777777777779,90.2777777777779,90.2777777777779,90.2777777777779,90.2777777777779,90.2777777777779,90.2777777777779,90.2777777777779,90.2777777777779,90.2777777777779,90.2777777777779,90.2777777777779,90.2777777777779,90.2777777777779,90.2777777777779,90.2777777777779,90.2777777777779,90.2777777777779,90.2777777777779,90.2777777777779,90.2777777777779,90.2777777777779,90.2777777777779,90.2777777777779,90.2777777777779,90.2777777777779,90.2777777777779,90.2777777777779,90.2777777777779,90.2777777777779,90.2777777777779,90.2777777777779,90.2777777777779,90.2777777777779,90.2777777777779,90.2777777777779,90.2777777777779,90.2777777777779,90.2777777777779,90.2777777777779,90.2777777777779,90.2777777777779,90.2777777777779,90.2777777777779,90.2777777777779,90.2777777777779,90.2777777777779,90.2777777777779,90.2777777777779,90.2777777777779,90.2777777777779,90.2777777777779,90.2777777777779,90.2777777777779,90.2777777777779,90.2777777777779,90.2777777777779,90.2777777777779,90.2777777777779,90.2777777777779,90.2777777777779,90.2777777777779,90.2777777777779,90.2777777777779,90.2777777777779,90.2777777777779,90.2777777777779,90.2777777777779,90.2777777777779,90.2777777777779,90.2777777777779,90.2777777777779,90.2777777777779,90.2777777777779,90.2777777777779,90.2777777777779,90.2777777777779,90.2777777777779,90.2777777777779,90.2777777777779,90.2777777777779,90.2777777777779,90.2777777777779,90.2777777777779,90.2777777777779,90.2777777777779,90.2777777777779,90.2777777777779,90.2777777777779,90.2777777777779,90.2777777777779,90.2777777777779,90.2777777777779,90.2777777777779,90.2777777777779,90.2777777777779,90.2777777777779,90.2777777777779,90.2777777777779,90.2777777777779,90.2777777777779,90.2777777777779,90.2777777777779,90.2777777777779,90.2777777777779,90.2777777777779,90.2777777777779,90.2777777777779,90.2777777777779,90.2777777777779,90.2777777777779,90.2777777777779,90.2777777777779,90.2777777777779,90.2777777777779,90.2777777777779,90.2777777777779,90.2777777777779,90.2777777777779,90.2777777777779,90.2777777777779,90.2777777777779,90.2777777777779,90.2777777777779,90.2777777777779,90.2777777777779,90.2777777777779,90.2777777777779,90.2777777777779,90.2777777777779,90.2777777777779,90.2777777777779,90.2777777777779,90.2777777777779,90.2777777777779,90.2777777777779,90.2777777777779,90.2777777777779,90.2777777777779,90.2777777777779,90.2777777777779,90.2777777777779,90.2777777777779,90.2777777777779,90.2777777777779,90.2777777777779,90.2777777777779,90.2777777777779,90.2777777777779,90.2777777777779,90.2777777777779,90.2777777777779,90.2777777777779,90.2777777777779,90.2777777777779,90.2777777777779,90.2777777777779,90.2777777777779,90.2777777777779,90.2777777777779,90.2777777777779,90.2777777777779,90.2777777777779,90.2777777777779,90.2777777777779,90.2777777777779,90.2777777777779,90.2777777777779,90.2777777777779,90.2777777777779,90.2777777777779,90.2777777777779,90.2777777777779,90.2777777777779,90.2777777777779,90.2777777777779,90.2777777777779,90.2777777777779,90.2777777777779,90.2777777777779,90.2777777777779,90.2777777777779,90.2777777777779,90.2777777777779,90.2777777777779,90.2777777777779,90.2777777777779,90.2777777777779,90.2777777777779,90.2777777777779,90.2777777777779,90.2777777777779,90.2777777777779,90.2777777777779,90.2777777777779,90.2777777777779,90.2777777777779,90.2777777777779,90.2777777777779,90.2777777777779,90.2777777777779,90.2777777777779,90.2777777777779,90.2777777777779,90.2777777777779,90.2777777777779,90.2777777777779,90.2777777777779,90.2777777777779,90.2777777777779,90.2777777777779,90.2777777777779,90.2777777777779,90.2777777777779,90.2777777777779,90.2777777777779,90.2777777777779,90.2777777777779,90.2777777777779,90.2777777777779,90.2777777777779,90.2777777777779,90.2777777777779,90.2777777777779,90.2777777777779,90.2777777777779,90.2777777777779,90.2777777777779,90.2777777777779,90.2777777777779,90.2777777777779,90.2777777777779,90.2777777777779,90.2777777777779,90.2777777777779,90.2777777777779,90.2777777777779,90.2777777777779,90.2777777777779,90.2777777777779,90.2777777777779,90.2777777777779,90.2777777777779,90.2777777777779,90.2777777777779,90.2777777777779,90.2777777777779,90.2777777777779,90.2777777777779,90.2777777777779,90.2777777777779,90.2777777777779,90.2777777777779,90.2777777777779,90.2777777777779,90.2777777777779,90.2777777777779,90.2777777777779,90.2777777777779,90.2777777777779,90.2777777777779,90.2777777777779,90.2777777777779,90.2777777777779,90.2777777777779,90.2777777777779,90.2777777777779,90.2777777777779,90.2777777777779,90.2777777777779,90.2777777777779,90.2777777777779,90.2777777777779,90.2777777777779,90.2777777777779,90.2777777777779,90.2777777777779,90.2777777777779,90.2777777777779,90.2777777777779,90.2777777777779,90.2777777777779,90.2777777777779,90.2777777777779,90.2777777777779,90.2777777777779,90.2777777777779,90.2777777777779,90.2777777777779,90.2777777777779,90.2777777777779,90.2777777777779,90.2777777777779,90.2777777777779,90.2777777777779,90.2777777777779,90.2777777777779,90.2777777777779,90.2777777777779,90.2777777777779,90.2777777777779,90.2777777777779,90.2777777777779,90.2777777777779,90.2777777777779,90.2777777777779,90.2777777777779,90.2777777777779,90.2777777777779,90.2777777777779,90.2777777777779,90.2777777777779,90.2777777777779,90.2777777777779,90.2777777777779,90.2777777777779,90.2777777777779,90.2777777777779,90.2777777777779,90.2777777777779,90.2777777777779,90.2777777777779,90.2777777777779,90.2777777777779,90.2777777777779,90.2777777777779,90.2777777777779,90.2777777777779,90.2777777777779,90.2777777777779,90.2777777777779,90.2777777777779,90.2777777777779,90.2777777777779,90.2777777777779,90.2777777777779,90.2777777777779,90.2777777777779,90.2777777777779,90.2777777777779,90.2777777777779,90.2777777777779,90.2777777777779,90.2777777777779,90.2777777777779,90.2777777777779,90.2777777777779,90.2777777777779,90.2777777777779,90.2777777777779,90.2777777777779,90.2777777777779,90.2777777777779,90.2777777777779,90.2777777777779,90.2777777777779,90.2777777777779,90.2777777777779,90.2777777777779,90.2777777777779,90.2777777777779,90.2777777777779,90.2777777777779,90.2777777777779,90.2777777777779,90.2777777777779,90.2777777777779,90.2777777777779,90.2777777777779,90.2777777777779,90.2777777777779,90.2777777777779,90.2777777777779,90.2777777777779,90.2777777777779,90.2777777777779,90.2777777777779,90.2777777777779,90.2777777777779,90.2777777777779,90.2777777777779,90.2777777777779,90.2777777777779,90.2777777777779,90.2777777777779,90.2777777777779,90.2777777777779,90.2777777777779,90.2777777777779,90.2777777777779,90.2777777777779,90.2777777777779,90.2777777777779,90.2777777777779,90.2777777777779,90.2777777777779,90.2777777777779,90.2777777777779,90.2777777777779,90.2777777777779,90.2777777777779,90.2777777777779,90.2777777777779,90.2777777777779,90.2777777777779,90.2777777777779,90.2777777777779,90.2777777777779,90.2777777777779,90.2777777777779,90.2777777777779,90.2777777777779,90.2777777777779,90.2777777777779,90.2777777777779,90.2777777777779,90.2777777777779,90.2777777777779,90.2777777777779,90.2777777777779,90.2777777777779,90.2777777777779,90.2777777777779,90.2777777777779,90.2777777777779,90.2777777777779,90.2777777777779,90.2777777777779,90.2777777777779,90.2777777777779,90.2777777777779,90.2777777777779,90.2777777777779,90.2777777777779,90.2777777777779,90.2777777777779,90.2777777777779,90.2777777777779,90.2777777777779,90.2777777777779,90.2777777777779,90.2777777777779,90.2777777777779,90.2777777777779,90.2777777777779,90.2777777777779,90.2777777777779,90.2777777777779,90.2777777777779,90.2777777777779,90.2777777777779,90.2777777777779,90.2777777777779,90.2777777777779,90.2777777777779,90.2777777777779,90.2777777777779,90.2777777777779,90.2777777777779,90.2777777777779,90.2777777777779,90.2777777777779,90.2777777777779,90.2777777777779,90.2777777777779,90.2777777777779,90.2777777777779,90.2777777777779,90.2777777777779,90.2777777777779,90.2777777777779,90.2777777777779,90.2777777777779,90.2777777777779,90.2777777777779,90.2777777777779,90.2777777777779,90.2777777777779,90.2777777777779,90.2777777777779,90.2777777777779,90.2777777777779,90.2777777777779,90.2777777777779,90.2777777777779,90.2777777777779,90.2777777777779,90.2777777777779,90.2777777777779,90.2777777777779,90.2777777777779,90.2777777777779,90.2777777777779,90.2777777777779,90.2777777777779,90.2777777777779,90.2777777777779,90.2777777777779,90.2777777777779,90.2777777777779,90.2777777777779,90.2777777777779,90.2777777777779,90.2777777777779,90.2777777777779,90.2777777777779,90.2777777777779,90.2777777777779,90.2777777777779,90.2777777777779,90.2777777777779,90.2777777777779,90.2777777777779,90.2777777777779,90.2777777777779,90.2777777777779,90.2777777777779,90.2777777777779,90.2777777777779,90.2777777777779,90.2777777777779,90.2777777777779,90.2777777777779,90.2777777777779,90.2777777777779,90.2777777777779,90.2777777777779,90.2777777777779,90.2777777777779,90.2777777777779,90.2777777777779,90.2777777777779,90.2777777777779,90.2777777777779,90.2777777777779,90.2777777777779,90.2777777777779,90.2777777777779,90.2777777777779,90.2777777777779,90.2777777777779,90.2777777777779,90.2777777777779,90.2777777777779,90.2777777777779,90.2777777777779,90.2777777777779,90.2777777777779,90.2777777777779,90.2777777777779,90.2777777777779,90.2777777777779,90.2777777777779,90.2777777777779,90.2777777777779,90.2777777777779,90.2777777777779,90.2777777777779,90.2777777777779,90.2777777777779,90.2777777777779,90.2777777777779,90.2777777777779,90.2777777777779,90.2777777777779,90.2777777777779,90.2777777777779,90.2777777777779,90.2777777777779,90.2777777777779,90.2777777777779,90.2777777777779,90.2777777777779,90.2777777777779,90.2777777777779,90.2777777777779,90.2777777777779,90.2777777777779,90.2777777777779,90.2777777777779,90.2777777777779,90.2777777777779,90.2777777777779,90.2777777777779,90.2777777777779,90.2777777777779,90.2777777777779,90.2777777777779,90.2777777777779,90.2777777777779,90.2777777777779,90.2777777777779,90.2777777777779,90.2777777777779,90.2777777777779,90.2777777777779,90.2777777777779,90.2777777777779,90.2777777777779,90.2777777777779,90.2777777777779,90.2777777777779,90.2777777777779,90.2777777777779,90.2777777777779,90.2777777777779,90.2777777777779,90.2777777777779,90.2777777777779,90.2777777777779,90.2777777777779,90.2777777777779,90.2777777777779,90.2777777777779,90.2777777777779,90.2777777777779,90.2777777777779,90.2777777777779,90.2777777777779,90.2777777777779,90.2777777777779,90.2777777777779,90.2777777777779,90.2777777777779,90.2777777777779,90.2777777777779,90.2777777777779,90.2777777777779,90.2777777777779,90.2777777777779,90.2777777777779,90.2777777777779,90.2777777777779,90.2777777777779,90.2777777777779,90.2777777777779,90.2777777777779,90.2777777777779,90.2777777777779,90.2777777777779,90.2777777777779,90.2777777777779,90.2777777777779,90.2777777777779,90.2777777777779,90.2777777777779,90.2777777777779,90.2777777777779,90.2777777777779,90.2777777777779,90.2777777777779,90.2777777777779,90.2777777777779,90.2777777777779,90.2777777777779,90.2777777777779,90.2777777777779,90.2777777777779,90.2777777777779,90.2777777777779,90.2777777777779,90.2777777777779,90.2777777777779,90.2777777777779,90.2777777777779,90.2777777777779,90.2777777777779,90.2777777777779,90.2777777777779,90.2777777777779,90.2777777777779,90.2777777777779,90.2777777777779,90.2777777777779,90.2777777777779,90.2777777777779,90.2777777777779,90.2777777777779,90.2777777777779,90.2777777777779,90.2777777777779,90.2777777777779,90.2777777777779,90.2777777777779,90.2777777777779,90.2777777777779,90.2777777777779,90.2777777777779,90.2777777777779,90.2777777777779,90.2777777777779,90.2777777777779,90.2777777777779,90.2777777777779,90.2777777777779,90.2777777777779,90.2777777777779,90.2777777777779,90.2777777777779,90.2777777777779,90.2777777777779,90.2777777777779,90.2777777777779,90.2777777777779,90.2777777777779,90.2777777777779,90.2777777777779,90.2777777777779,90.2777777777779,90.2777777777779,90.2777777777779,90.2777777777779,90.2777777777779,90.2777777777779,90.2777777777779,90.2777777777779,90.2777777777779,90.2777777777779,90.2777777777779,90.2777777777779,90.2777777777779,90.2777777777779,90.2777777777779,90.2777777777779,90.2777777777779,90.2777777777779,90.2777777777779,90.2777777777779,90.2777777777779,90.2777777777779,90.2777777777779,90.2777777777779,90.2777777777779,90.2777777777779,90.2777777777779,90.2777777777779,90.2777777777779,90.2777777777779,90.2777777777779,90.2777777777779,90.2777777777779,90.2777777777779,90.2777777777779,90.2777777777779,90.2777777777779,90.2777777777779,90.2777777777779,90.2777777777779,90.2777777777779,90.2777777777779,90.2777777777779,90.2777777777779,90.2777777777779,90.2777777777779,90.2777777777779,90.2777777777779,90.2777777777779,90.2777777777779,90.2777777777779,90.2777777777779,90.2777777777779,90.2777777777779,90.2777777777779,90.2777777777779,90.2777777777779,90.2777777777779,90.2777777777779,90.2777777777779,90.2777777777779,90.2777777777779,90.2777777777779,90.2777777777779,90.2777777777779,90.2777777777779,90.2777777777779,90.2777777777779,90.2777777777779,90.2777777777779,90.2777777777779,90.2777777777779,90.2777777777779,90.2777777777779,90.2777777777779,90.2777777777779,90.2777777777779,90.2777777777779,90.2777777777779,90.2777777777779,90.2777777777779,90.2777777777779,90.2777777777779,90.2777777777779,90.2777777777779,90.2777777777779,90.2777777777779,90.2777777777779,90.2777777777779,90.2777777777779,90.2777777777779,90.2777777777779,90.2777777777779,90.2777777777779,90.2777777777779,90.2777777777779,90.2777777777779,90.2777777777779,90.2777777777779,90.2777777777779,90.2777777777779,90.2777777777779,90.2777777777779,90.2777777777779,90.2777777777779,90.2777777777779,90.2777777777779,90.2777777777779,90.2777777777779,90.2777777777779,90.2777777777779,90.2777777777779,90.2777777777779,90.2777777777779,90.2777777777779,90.2777777777779,90.2777777777779,90.2777777777779,90.2777777777779,90.2777777777779,90.2777777777779,90.2777777777779,90.2777777777779,90.2777777777779,90.2777777777779,90.2777777777779,90.2777777777779,90.2777777777779,90.2777777777779,90.2777777777779,90.2777777777779,90.2777777777779,90.2777777777779,90.2777777777779,90.2777777777779,90.2777777777779,90.2777777777779,90.2777777777779,90.2777777777779,90.2777777777779,90.2777777777779,90.2777777777779,90.2777777777779,90.2777777777779,90.2777777777779,90.2777777777779,90.2777777777779,90.2777777777779,90.2777777777779,90.2777777777779,90.2777777777779,90.2777777777779,90.2777777777779,90.2777777777779,90.2777777777779,90.2777777777779,90.2777777777779,90.2777777777779,90.2777777777779,90.2777777777779,90.2777777777779,90.2777777777779,90.2777777777779,90.2777777777779,90.2777777777779,90.2777777777779,90.2777777777779,90.2777777777779,90.2777777777779,90.2777777777779,90.2777777777779,90.2777777777779,90.2777777777779,90.2777777777779,90.2777777777779,90.2777777777779,90.2777777777779,90.2777777777779,90.2777777777779,90.2777777777779,90.2777777777779,90.2777777777779,90.2777777777779,90.2777777777779,90.2777777777779,90.2777777777779,90.2777777777779,90.2777777777779,90.2777777777779,90.2777777777779,90.2777777777779,90.2777777777779,90.2777777777779,90.2777777777779,90.2777777777779,90.2777777777779,90.2777777777779,90.2777777777779,90.2777777777779,90.2777777777779,90.2777777777779,90.2777777777779,90.2777777777779,90.2777777777779,90.2777777777779,90.2777777777779,90.2777777777779,90.2777777777779,90.2777777777779,90.2777777777779,90.2777777777779,90.2777777777779,90.2777777777779,90.2777777777779,90.2777777777779,90.2777777777779,90.2777777777779,90.2777777777779,90.2777777777779,90.2777777777779,90.2777777777779,90.2777777777779,90.2777777777779,90.2777777777779,90.2777777777779,90.2777777777779,90.2777777777779,90.2777777777779,90.2777777777779,90.2777777777779,90.2777777777779,90.2777777777779,90.2777777777779,90.2777777777779,90.2777777777779,90.2777777777779,90.2777777777779,90.2777777777779,90.2777777777779,90.2777777777779,90.2777777777779,90.2777777777779,90.2777777777779,90.2777777777779,90.2777777777779,90.2777777777779,90.2777777777779,90.2777777777779,90.2777777777779,90.2777777777779,90.2777777777779,90.2777777777779,90.2777777777779,90.2777777777779,90.2777777777779,90.2777777777779,90.2777777777779,90.2777777777779,90.2777777777779,90.2777777777779,90.2777777777779,90.2777777777779,90.2777777777779,90.2777777777779,90.2777777777779,90.2777777777779,90.2777777777779,90.2777777777779,90.2777777777779,90.2777777777779,90.2777777777779,90.2777777777779,90.2777777777779,90.2777777777779,90.2777777777779,90.2777777777779,90.2777777777779,90.2777777777779,90.2777777777779,90.2777777777779,90.2777777777779,90.2777777777779,90.2777777777779,90.2777777777779,90.2777777777779,90.2777777777779,90.2777777777779,90.2777777777779,90.2777777777779,90.2777777777779,90.2777777777779,90.2777777777779,90.2777777777779,90.2777777777779,90.2777777777779,90.2777777777779,90.2777777777779,90.2777777777779,90.2777777777779,90.2777777777779,90.2777777777779,90.2777777777779,90.2777777777779,90.2777777777779,90.2777777777779,90.2777777777779,90.2777777777779,90.2777777777779,90.2777777777779,90.2777777777779,90.2777777777779,90.2777777777779,90.2777777777779,90.2777777777779,90.2777777777779,90.2777777777779,90.2777777777779,90.2777777777779,90.2777777777779,90.2777777777779,90.2777777777779,90.2777777777779,90.2777777777779,90.2777777777779,90.2777777777779,90.2777777777779,90.2777777777779,90.2777777777779,90.2777777777779,90.2777777777779,90.2777777777779,90.2777777777779,90.2777777777779,90.2777777777779,90.2777777777779,90.2777777777779,90.2777777777779,90.2777777777779,90.2777777777779,90.2777777777779,90.2777777777779,90.2777777777779,90.2777777777779,90.2777777777779,90.2777777777779,90.2777777777779,90.2777777777779,90.2777777777779,90.2777777777779,90.2777777777779,90.2777777777779,90.2777777777779,90.2777777777779,90.2777777777779,90.2777777777779,90.2777777777779,90.2777777777779,90.2777777777779,90.2777777777779,90.2777777777779,90.2777777777779,90.2777777777779,90.2777777777779,90.2777777777779,90.2777777777779,90.2777777777779,90.2777777777779,90.2777777777779,90.2777777777779,90.2777777777779,90.2777777777779,90.2777777777779,90.2777777777779,90.2777777777779,90.2777777777779,90.2777777777779,90.2777777777779,90.2777777777779,90.2777777777779,90.2777777777779,90.2777777777779,90.2777777777779,90.2777777777779,90.2777777777779,90.2777777777779,90.2777777777779,90.2777777777779,90.2777777777779,90.2777777777779,90.2777777777779,90.2777777777779,90.2777777777779,90.2777777777779,90.2777777777779,90.2777777777779,90.2777777777779,90.2777777777779,90.2777777777779,90.2777777777779,90.2777777777779,90.2777777777779,90.2777777777779,90.2777777777779,90.2777777777779,90.2777777777779,90.2777777777779,90.2777777777779,90.2777777777779,90.2777777777779,90.2777777777779,90.2777777777779,90.2777777777779,90.2777777777779,90.2777777777779,90.2777777777779,90.2777777777779,90.2777777777779,90.2777777777779,90.2777777777779,90.2777777777779,90.2777777777779,90.2777777777779,90.2777777777779,90.2777777777779,90.2777777777779,90.2777777777779,90.2777777777779,90.2777777777779,90.2777777777779,90.2777777777779,90.2777777777779,90.2777777777779,90.2777777777779,90.2777777777779,90.2777777777779,90.2777777777779,90.2777777777779,90.2777777777779,90.2777777777779,90.2777777777779,90.2777777777779,90.2777777777779,90.2777777777779,90.2777777777779,90.2777777777779,90.2777777777779,90.2777777777779,90.2777777777779,90.2777777777779,90.2777777777779,90.2777777777779,90.2777777777779,90.2777777777779,90.2777777777779,90.2777777777779,90.2777777777779,90.2777777777779,90.2777777777779,90.2777777777779,90.2777777777779,90.2777777777779,90.2777777777779,90.2777777777779,90.2777777777779,90.2777777777779,90.2777777777779,90.2777777777779,90.2777777777779,90.2777777777779,90.2777777777779,90.2777777777779,90.2777777777779,90.2777777777779,90.2777777777779,90.2777777777779,90.2777777777779,90.2777777777779,90.2777777777779,90.2777777777779,90.2777777777779,90.2777777777779,90.2777777777779,90.2777777777779,90.2777777777779,90.2777777777779,90.2777777777779,90.2777777777779,90.2777777777779,90.2777777777779,90.2777777777779,90.2777777777779,90.2777777777779,90.2777777777779,90.2777777777779,90.2777777777779,90.2777777777779,90.2777777777779,90.2777777777779,90.2777777777779,90.2777777777779,90.2777777777779,90.2777777777779,90.2777777777779,90.2777777777779,90.2777777777779,90.2777777777779,90.2777777777779,90.2777777777779,90.2777777777779,90.2777777777779,90.2777777777779,90.2777777777779,90.2777777777779,90.2777777777779,90.2777777777779,90.2777777777779,90.2777777777779,90.2777777777779,90.2777777777779,90.2777777777779,90.2777777777779,90.2777777777779,90.2777777777779,90.2777777777779,90.2777777777779,90.2777777777779,90.2777777777779,90.2777777777779,90.2777777777779,90.2777777777779,90.2777777777779,90.2777777777779,90.2777777777779,90.2777777777779,90.2777777777779,90.2777777777779,90.2777777777779,90.2777777777779,90.2777777777779,90.2777777777779,90.2777777777779,90.2777777777779,90.2777777777779,90.2777777777779,90.2777777777779,90.2777777777779,90.2777777777779,90.2777777777779,90.2777777777779,90.2777777777779,90.2777777777779,90.2777777777779,90.2777777777779,90.2777777777779,90.2777777777779,90.2777777777779,90.2777777777779,90.2777777777779,90.2777777777779,90.2777777777779,90.2777777777779,90.2777777777779,90.2777777777779,90.2777777777779,90.2777777777779,90.2777777777779,90.2777777777779,90.2777777777779,90.2777777777779,90.2777777777779,90.2777777777779,90.2777777777779,90.2777777777779,90.2777777777779,90.2777777777779,90.2777777777779,90.2777777777779,90.2777777777779,90.2777777777779,90.2777777777779,90.2777777777779,90.2777777777779,90.2777777777779,90.2777777777779,90.2777777777779,90.2777777777779,90.2777777777779,90.2777777777779,90.2777777777779,90.2777777777779,90.2777777777779,90.2777777777779,90.2777777777779,90.2777777777779,90.2777777777779,90.2777777777779,90.2777777777779,90.2777777777779,90.2777777777779,90.2777777777779,90.2777777777779,90.2777777777779,90.2777777777779,90.2777777777779,90.2777777777779,90.2777777777779,90.2777777777779,90.2777777777779,90.2777777777779,90.2777777777779,90.2777777777779,90.2777777777779,90.2777777777779,90.2777777777779,90.2777777777779,90.2777777777779,90.2777777777779,90.2777777777779,90.2777777777779,90.2777777777779,90.2777777777779,90.2777777777779,90.2777777777779,90.2777777777779,90.2777777777779,90.2777777777779,90.2777777777779,90.2777777777779,90.2777777777779,90.2777777777779,90.2777777777779,90.2777777777779,90.2777777777779,90.2777777777779,90.2777777777779,90.2777777777779,90.2777777777779,90.2777777777779,90.2777777777779,90.2777777777779,90.2777777777779,90.2777777777779,90.2777777777779,90.2777777777779,90.2777777777779,90.2777777777779,90.2777777777779,90.2777777777779,90.2777777777779,90.2777777777779,90.2777777777779,90.2777777777779,90.2777777777779,90.2777777777779,90.2777777777779,90.2777777777779,90.2777777777779,90.2777777777779,90.2777777777779,90.2777777777779,90.2777777777779,90.2777777777779,90.2777777777779,90.2777777777779,90.2777777777779,90.2777777777779,90.2777777777779,90.2777777777779,90.2777777777779,90.2777777777779,90.2777777777779,90.2777777777779,90.2777777777779,90.2777777777779,90.2777777777779,90.2777777777779,90.2777777777779,90.2777777777779,90.2777777777779,90.2777777777779,90.2777777777779,90.2777777777779,90.2777777777779,90.2777777777779,90.2777777777779,90.2777777777779,90.2777777777779,90.2777777777779,90.2777777777779,90.2777777777779,90.2777777777779,90.2777777777779,90.2777777777779,90.2777777777779,90.2777777777779,90.2777777777779,90.2777777777779,90.2777777777779,90.2777777777779,90.2777777777779,90.2777777777779,90.2777777777779,90.2777777777779,90.2777777777779,90.2777777777779,90.2777777777779,90.2777777777779,90.2777777777779,90.2777777777779,90.2777777777779,90.2777777777779,90.2777777777779,90.2777777777779,90.2777777777779,90.2777777777779,90.2777777777779,90.2777777777779,90.2777777777779,90.2777777777779,90.2777777777779,90.2777777777779,90.2777777777779,90.2777777777779,90.2777777777779,90.2777777777779,90.2777777777779,90.2777777777779,90.2777777777779,90.2777777777779,90.2777777777779,90.2777777777779,90.2777777777779,90.2777777777779,90.2777777777779,90.2777777777779,90.2777777777779,90.2777777777779,90.2777777777779,90.2777777777779,90.2777777777779,90.2777777777779,90.2777777777779,90.2777777777779,90.2777777777779,90.2777777777779,90.2777777777779,90.2777777777779,90.2777777777779,90.2777777777779,90.2777777777779,90.2777777777779,90.2777777777779,90.2777777777779,90.2777777777779,90.2777777777779,90.2777777777779,90.2777777777779,90.2777777777779,90.2777777777779,90.2777777777779,90.2777777777779,90.2777777777779,90.2777777777779,90.2777777777779,90.2777777777779,90.2777777777779,90.2777777777779,90.2777777777779,90.2777777777779,90.2777777777779,90.2777777777779,90.2777777777779,90.2777777777779,90.2777777777779,90.2777777777779,90.2777777777779,90.2777777777779,90.2777777777779,90.2777777777779,90.2777777777779,90.2777777777779,90.2777777777779,90.2777777777779,90.2777777777779,90.2777777777779,90.2777777777779,90.2777777777779,90.2777777777779,90.2777777777779,90.2777777777779,90.2777777777779,90.2777777777779,90.2777777777779,90.2777777777779,90.2777777777779,90.2777777777779,90.2777777777779,90.2777777777779,90.2777777777779,90.2777777777779,90.2777777777779,90.2777777777779,90.2777777777779,90.2777777777779,90.2777777777779,90.2777777777779,90.2777777777779,90.2777777777779,90.2777777777779,90.2777777777779,90.2777777777779,90.2777777777779,90.2777777777779,90.2777777777779,90.2777777777779,90.2777777777779,90.2777777777779,90.2777777777779,90.2777777777779,90.2777777777779,90.2777777777779,90.2777777777779,90.2777777777779,90.2777777777779,90.2777777777779,90.2777777777779,90.2777777777779,90.2777777777779,90.2777777777779,90.2777777777779,90.2777777777779,90.2777777777779,90.2777777777779,90.2777777777779,90.2777777777779,90.2777777777779,90.2777777777779,90.2777777777779,90.2777777777779,90.2777777777779,90.2777777777779,90.2777777777779,90.2777777777779,90.2777777777779,90.2777777777779,90.2777777777779,90.2777777777779,90.2777777777779,90.2777777777779,90.2777777777779,90.2777777777779,90.2777777777779,90.2777777777779,90.2777777777779,90.2777777777779,90.2777777777779,90.2777777777779,90.2777777777779,90.2777777777779,90.2777777777779,90.2777777777779,90.2777777777779,90.2777777777779,90.2777777777779,90.2777777777779,90.2777777777779,90.2777777777779,90.2777777777779,90.2777777777779,90.2777777777779,90.2777777777779,90.2777777777779,90.2777777777779,90.2777777777779,90.2777777777779,90.2777777777779,90.2777777777779,90.2777777777779,90.2777777777779,90.2777777777779,90.2777777777779,90.2777777777779,90.2777777777779,90.2777777777779,90.2777777777779,90.2777777777779,90.2777777777779,90.2777777777779,90.2777777777779,90.2777777777779,90.2777777777779,90.2777777777779,90.2777777777779,90.2777777777779,90.2777777777779,90.2777777777779,90.2777777777779,90.2777777777779,90.2777777777779,90.2777777777779,90.2777777777779,90.2777777777779,90.2777777777779,90.2777777777779,90.2777777777779,90.2777777777779,90.2777777777779,90.2777777777779,90.2777777777779,90.2777777777779,90.2777777777779,90.2777777777779,90.2777777777779,90.2777777777779,90.2777777777779,90.2777777777779,90.2777777777779,90.2777777777779,90.2777777777779,90.2777777777779,90.2777777777779,90.2777777777779,90.2777777777779,90.2777777777779,90.2777777777779,90.2777777777779,90.2777777777779,90.2777777777779,90.2777777777779,90.2777777777779,90.2777777777779,90.2777777777779,90.2777777777779,90.2777777777779,90.2777777777779,90.2777777777779,90.2777777777779,90.2777777777779,90.2777777777779,90.2777777777779,90.2777777777779,90.2777777777779,90.2777777777779,90.2777777777779,90.2777777777779,90.2777777777779,90.2777777777779,90.2777777777779,90.2777777777779,90.2777777777779,90.2777777777779,90.2777777777779,90.2777777777779,90.2777777777779,90.2777777777779,90.2777777777779,90.2777777777779,90.2777777777779,90.2777777777779,90.2777777777779,90.2777777777779,90.2777777777779,90.2777777777779,90.2777777777779,90.2777777777779,90.2777777777779,90.2777777777779,90.2777777777779,90.2777777777779,90.2777777777779,90.2777777777779,90.2777777777779,90.2777777777779,90.2777777777779,90.2777777777779,90.2777777777779,90.2777777777779,90.2777777777779,90.2777777777779,90.2777777777779,90.2777777777779,90.2777777777779,90.2777777777779,90.2777777777779,90.2777777777779,90.2777777777779,90.2777777777779,90.2777777777779,90.2777777777779,90.2777777777779,90.2777777777779,90.2777777777779,90.2777777777779,90.2777777777779,90.2777777777779,90.2777777777779,90.2777777777779,90.2777777777779,90.2777777777779,90.2777777777779,90.2777777777779,90.2777777777779,90.2777777777779,90.2777777777779,90.2777777777779,90.2777777777779,90.2777777777779,90.2777777777779,90.2777777777779,90.2777777777779,90.2777777777779,90.2777777777779,90.2777777777779,90.2777777777779,90.2777777777779,90.2777777777779,90.2777777777779,90.2777777777779,90.2777777777779,90.2777777777779,90.2777777777779,90.2777777777779,90.2777777777779,90.2777777777779,90.2777777777779,90.2777777777779,90.2777777777779,90.2777777777779,90.2777777777779,90.2777777777779,90.2777777777779,90.2777777777779,90.2777777777779,90.2777777777779,90.2777777777779,90.2777777777779,90.2777777777779,90.2777777777779,90.2777777777779,90.2777777777779,90.2777777777779,90.2777777777779,90.2777777777779,90.2777777777779,90.2777777777779,90.2777777777779,90.2777777777779,90.2777777777779,90.2777777777779,90.2777777777779,90.2777777777779,90.2777777777779,90.2777777777779,90.2777777777779,90.2777777777779,90.2777777777779,90.2777777777779,90.2777777777779,90.2777777777779,90.2777777777779,90.2777777777779,90.2777777777779,90.2777777777779,90.2777777777779,90.2777777777779,90.2777777777779,90.2777777777779,90.2777777777779,90.2777777777779,90.2777777777779,90.2777777777779,90.2777777777779,90.2777777777779,90.2777777777779,90.2777777777779,90.2777777777779,90.2777777777779,90.2777777777779,90.2777777777779,90.2777777777779,90.2777777777779,90.2777777777779,90.2777777777779,90.2777777777779,90.2777777777779,90.2777777777779,90.2777777777779,90.2777777777779,90.2777777777779,90.2777777777779,90.2777777777779,90.2777777777779,90.2777777777779,90.2777777777779,90.2777777777779,90.2777777777779,90.2777777777779,90.2777777777779,90.2777777777779,90.2777777777779,90.2777777777779,90.2777777777779,90.2777777777779,90.2777777777779,90.2777777777779,90.2777777777779,90.2777777777779,90.2777777777779,90.2777777777779,90.2777777777779,90.2777777777779,90.2777777777779,90.2777777777779,90.2777777777779,90.2777777777779,90.2777777777779,90.2777777777779,90.2777777777779,90.2777777777779,90.2777777777779,90.2777777777779,90.2777777777779,90.2777777777779,90.2777777777779,90.2777777777779,90.2777777777779,90.2777777777779,90.2777777777779,90.2777777777779,90.2777777777779,90.2777777777779,90.2777777777779,90.2777777777779,90.2777777777779,90.2777777777779,90.2777777777779,90.2777777777779,90.2777777777779,90.2777777777779,90.2777777777779,90.2777777777779,90.2777777777779,90.2777777777779,90.2777777777779,90.2777777777779,90.2777777777779,90.2777777777779,90.2777777777779,90.2777777777779,90.2777777777779,90.2777777777779,90.2777777777779,90.2777777777779,90.2777777777779,90.2777777777779,90.2777777777779,90.2777777777779,90.2777777777779,90.2777777777779,90.2777777777779,90.2777777777779,90.2777777777779,90.2777777777779,90.2777777777779,90.2777777777779,90.2777777777779,90.2777777777779,90.2777777777779,90.2777777777779,90.2777777777779,90.2777777777779,90.2777777777779,90.2777777777779,90.2777777777779,90.2777777777779,90.2777777777779,90.2777777777779,90.2777777777779,90.2777777777779,90.2777777777779,90.2777777777779,90.2777777777779,90.2777777777779,90.2777777777779,90.2777777777779,90.2777777777779,90.2777777777779,90.2777777777779,90.2777777777779,90.2777777777779,90.2777777777779,90.2777777777779,90.2777777777779,90.2777777777779,90.2777777777779,90.2777777777779,90.2777777777779,90.2777777777779,90.2777777777779,90.2777777777779,90.2777777777779,90.2777777777779,90.2777777777779,90.2777777777779,90.2777777777779,90.2777777777779,90.2777777777779,90.2777777777779,90.2777777777779,90.2777777777779,90.2777777777779,90.2777777777779,90.2777777777779,90.2777777777779,90.2777777777779,90.2777777777779,90.2777777777779,90.2777777777779,90.2777777777779,90.2777777777779,90.2777777777779,90.2777777777779,90.2777777777779,90.2777777777779,90.2777777777779,90.2777777777779,90.2777777777779,90.2777777777779,90.2777777777779,90.2777777777779,90.2777777777779,90.2777777777779,90.2777777777779,90.2777777777779,90.2777777777779,90.2777777777779,90.2777777777779,90.2777777777779,90.2777777777779,90.2777777777779,90.2777777777779,90.2777777777779,90.2777777777779,90.2777777777779,90.2777777777779,90.2777777777779,90.2777777777779,90.2777777777779,90.2777777777779,90.2777777777779,90.2777777777779,90.2777777777779,90.2777777777779,90.2777777777779,90.2777777777779,90.2777777777779,90.2777777777779,90.2777777777779,90.2777777777779,90.2777777777779,90.2777777777779,90.2777777777779,90.2777777777779,90.2777777777779,90.2777777777779,90.2777777777779,90.2777777777779,90.2777777777779,90.2777777777779,90.2777777777779,90.2777777777779,90.2777777777779,90.2777777777779,90.2777777777779,90.2777777777779,90.2777777777779,90.2777777777779,90.2777777777779,90.2777777777779,90.2777777777779,90.2777777777779,90.2777777777779,90.2777777777779,90.2777777777779,90.2777777777779,90.2777777777779,90.2777777777779,90.2777777777779,90.2777777777779,90.2777777777779,90.2777777777779,90.2777777777779,90.2777777777779,90.2777777777779,90.2777777777779,90.2777777777779,90.2777777777779,90.2777777777779,90.2777777777779,90.2777777777779,90.2777777777779,90.2777777777779,90.2777777777779,90.2777777777779,90.2777777777779,90.2777777777779,90.2777777777779,90.2777777777779,90.2777777777779,90.2777777777779,90.2777777777779,90.2777777777779,90.2777777777779,90.2777777777779,90.2777777777779,90.2777777777779,90.2777777777779,90.2777777777779,90.2777777777779,90.2777777777779,90.2777777777779,90.2777777777779,90.2777777777779,90.2777777777779,90.2777777777779,90.2777777777779,90.2777777777779,90.2777777777779,90.2777777777779,90.2777777777779,90.2777777777779,90.2777777777779,90.2777777777779,90.2777777777779,90.2777777777779,90.2777777777779,90.2777777777779,90.2777777777779,90.2777777777779,90.2777777777779,90.2777777777779,90.2777777777779,90.2777777777779,90.2777777777779,90.2777777777779,90.2777777777779,90.2777777777779,90.2777777777779,90.2777777777779,90.2777777777779,90.2777777777779,90.2777777777779,90.2777777777779,90.2777777777779,90.2777777777779,90.2777777777779,90.2777777777779,90.2777777777779,90.2777777777779,90.2777777777779,90.2777777777779,90.2777777777779,90.2777777777779,90.2777777777779,90.2777777777779,90.2777777777779,90.2777777777779,90.2777777777779,90.2777777777779,90.2777777777779,90.2777777777779,90.2777777777779,90.2777777777779,90.2777777777779,90.2777777777779,90.2777777777779,90.2777777777779,90.2777777777779,90.2777777777779,90.2777777777779,90.2777777777779,90.2777777777779,90.2777777777779,90.2777777777779,90.2777777777779,90.2777777777779,90.2777777777779,90.2777777777779,90.2777777777779,90.2777777777779,90.2777777777779,90.2777777777779,90.2777777777779,90.2777777777779,90.2777777777779,90.2777777777779,90.2777777777779,90.2777777777779,90.2777777777779,90.2777777777779,90.2777777777779,90.2777777777779,90.2777777777779,90.2777777777779,90.2777777777779,90.2777777777779,90.2777777777779,90.2777777777779,90.2777777777779,90.2777777777779,90.2777777777779,90.2777777777779,90.2777777777779,90.2777777777779,90.2777777777779,90.2777777777779,90.2777777777779,90.2777777777779,90.2777777777779,90.2777777777779,90.2777777777779,90.2777777777779,90.2777777777779,90.2777777777779,90.2777777777779,90.2777777777779,90.2777777777779,90.2777777777779,90.2777777777779,90.2777777777779,90.2777777777779,90.2777777777779,90.2777777777779,90.2777777777779,90.2777777777779,90.2777777777779,90.2777777777779,90.2777777777779,90.2777777777779,90.2777777777779,90.2777777777779,90.2777777777779,90.2777777777779,90.2777777777779,90.2777777777779,90.2777777777779,90.2777777777779,90.2777777777779,90.2777777777779,90.2777777777779,90.2777777777779,90.2777777777779,90.2777777777779,90.2777777777779,90.2777777777779,90.2777777777779,90.2777777777779,90.2777777777779,90.2777777777779,90.2777777777779,90.2777777777779,90.2777777777779,90.2777777777779,90.2777777777779,90.2777777777779,90.2777777777779,90.2777777777779,90.2777777777779,90.2777777777779,90.2777777777779,90.2777777777779,90.2777777777779,90.2777777777779,90.2777777777779,90.2777777777779,90.2777777777779,90.2777777777779,90.2777777777779,90.2777777777779,90.2777777777779,90.2777777777779,90.2777777777779,90.2777777777779,90.2777777777779,90.2777777777779,90.2777777777779,90.2777777777779,90.2777777777779,90.2777777777779,90.2777777777779,90.2777777777779,90.2777777777779,90.2777777777779,90.2777777777779,90.2777777777779,90.2777777777779,90.2777777777779,90.2777777777779,90.2777777777779,90.2777777777779,90.2777777777779,90.2777777777779,90.2777777777779,90.2777777777779,90.2777777777779,90.2777777777779,90.2777777777779,90.2777777777779,90.2777777777779,90.2777777777779,90.2777777777779,90.2777777777779,90.2777777777779,90.2777777777779,90.2777777777779,90.2777777777779,90.2777777777779,90.2777777777779,90.2777777777779,90.2777777777779,90.2777777777779,90.2777777777779,90.2777777777779,90.2777777777779,90.2777777777779,90.2777777777779,90.2777777777779,90.2777777777779,90.2777777777779,90.2777777777779,90.2777777777779,90.2777777777779,90.2777777777779,90.2777777777779,90.2777777777779,90.2777777777779,90.2777777777779,90.2777777777779,90.2777777777779,90.2777777777779,90.2777777777779,90.2777777777779,90.2777777777779,90.2777777777779,90.2777777777779,90.2777777777779,90.2777777777779,90.2777777777779,90.2777777777779,90.2777777777779,90.2777777777779,90.2777777777779,90.2777777777779,90.2777777777779,90.2777777777779,90.2777777777779,90.2777777777779,90.2777777777779,90.2777777777779,90.2777777777779,90.2777777777779,90.2777777777779,90.2777777777779,90.2777777777779,90.2777777777779,90.2777777777779,90.2777777777779,90.2777777777779,90.2777777777779,90.2777777777779,90.2777777777779,90.2777777777779,90.2777777777779,90.2777777777779,90.2777777777779,90.2777777777779,90.2777777777779,90.2777777777779,90.2777777777779,90.2777777777779,90.2777777777779,90.2777777777779,90.2777777777779,90.2777777777779,90.2777777777779,90.2777777777779,90.2777777777779,90.2777777777779,90.2777777777779,90.2777777777779,90.2777777777779,90.2777777777779,90.2777777777779,90.2777777777779,90.2777777777779,90.2777777777779,90.2777777777779,90.2777777777779,90.2777777777779,90.2777777777779,90.2777777777779,90.2777777777779,90.2777777777779,90.2777777777779,90.2777777777779,90.2777777777779,90.2777777777779,90.2777777777779,90.2777777777779,90.2777777777779,90.2777777777779,90.2777777777779,90.2777777777779,90.2777777777779,90.2777777777779,90.2777777777779,90.2777777777779,90.2777777777779,90.2777777777779,90.2777777777779,90.2777777777779,90.2777777777779,90.2777777777779,90.2777777777779,90.2777777777779,90.2777777777779,90.2777777777779,90.2777777777779,90.2777777777779,90.2777777777779,90.2777777777779,90.2777777777779,90.2777777777779,90.2777777777779,90.2777777777779,90.2777777777779,90.2777777777779,90.2777777777779,90.2777777777779,90.2777777777779,90.2777777777779,90.2777777777779,90.2777777777779,90.2777777777779,90.2777777777779,90.2777777777779,90.2777777777779,90.2777777777779,90.2777777777779,90.2777777777779,90.2777777777779,90.2777777777779,90.2777777777779,90.2777777777779,90.2777777777779,90.2777777777779,90.2777777777779,90.2777777777779,90.2777777777779,90.2777777777779,90.2777777777779,90.2777777777779,90.2777777777779,90.2777777777779,90.2777777777779,90.2777777777779,90.2777777777779,90.2777777777779,90.2777777777779,90.2777777777779,90.2777777777779,90.2777777777779,90.2777777777779,90.2777777777779,90.2777777777779,90.2777777777779,90.2777777777779,90.2777777777779,90.2777777777779,90.2777777777779,90.2777777777779,90.2777777777779,90.2777777777779,90.2777777777779,90.2777777777779,90.2777777777779,90.2777777777779,90.2777777777779,90.2777777777779,90.2777777777779,90.2777777777779,90.2777777777779,90.2777777777779,90.2777777777779,90.2777777777779,90.2777777777779,90.2777777777779,90.2777777777779,90.2777777777779,90.2777777777779,90.2777777777779,90.2777777777779,90.2777777777779,90.2777777777779,90.2777777777779,90.2777777777779,90.2777777777779,90.2777777777779,90.2777777777779,90.2777777777779,90.2777777777779,90.2777777777779,90.2777777777779,90.2777777777779,90.2777777777779,90.2777777777779,90.2777777777779,90.2777777777779,90.2777777777779,90.2777777777779,90.2777777777779,90.2777777777779,90.2777777777779,90.2777777777779,90.2777777777779,90.2777777777779,90.2777777777779,90.2777777777779,90.2777777777779,90.2777777777779,90.2777777777779,90.2777777777779,90.2777777777779,90.2777777777779,90.2777777777779,90.2777777777779,90.2777777777779,90.2777777777779,90.2777777777779,90.2777777777779,90.2777777777779,90.2777777777779,90.2777777777779,90.2777777777779,90.2777777777779,90.2777777777779,90.2777777777779,90.2777777777779,90.2777777777779,90.2777777777779,90.2777777777779,90.2777777777779,90.2777777777779,90.2777777777779,90.2777777777779,90.2777777777779,90.2777777777779,90.2777777777779,90.2777777777779,90.2777777777779,90.2777777777779,90.2777777777779,90.2777777777779,90.2777777777779,90.2777777777779,90.2777777777779,90.2777777777779,90.2777777777779,90.2777777777779,90.2777777777779,90.2777777777779,90.2777777777779,90.2777777777779,90.2777777777779,90.2777777777779,90.2777777777779,90.2777777777779,90.2777777777779,90.2777777777779,90.2777777777779,90.2777777777779,90.2777777777779,90.2777777777779,90.2777777777779,90.2777777777779,90.2777777777779,90.2777777777779,90.2777777777779,90.2777777777779,90.2777777777779,90.2777777777779,90.2777777777779,90.2777777777779,90.2777777777779,90.2777777777779,90.2777777777779,90.2777777777779,90.2777777777779,90.2777777777779,90.2777777777779,90.2777777777779,90.2777777777779,90.2777777777779,90.2777777777779,90.2777777777779,90.2777777777779,90.2777777777779,90.2777777777779,90.2777777777779,90.2777777777779,90.2777777777779,90.2777777777779,90.2777777777779,90.2777777777779,90.2777777777779,90.2777777777779,90.2777777777779,90.2777777777779,90.2777777777779,90.2777777777779,90.2777777777779,90.2777777777779,90.2777777777779,90.2777777777779,90.2777777777779,90.2777777777779,90.2777777777779,90.2777777777779,90.2777777777779,90.2777777777779,90.2777777777779,90.2777777777779,90.2777777777779,90.2777777777779,90.2777777777779,90.2777777777779,90.2777777777779,90.2777777777779,90.2777777777779,90.2777777777779,90.2777777777779,90.2777777777779,90.2777777777779,90.2777777777779,90.2777777777779,90.2777777777779,90.2777777777779,90.2777777777779,90.2777777777779,90.2777777777779,90.2777777777779,90.2777777777779,90.2777777777779,90.2777777777779,90.2777777777779,90.2777777777779,90.2777777777779,90.2777777777779,90.2777777777779,90.2777777777779,90.2777777777779,90.2777777777779,90.2777777777779,90.2777777777779,90.2777777777779,90.2777777777779,90.2777777777779,90.2777777777779,90.2777777777779,90.2777777777779,90.2777777777779,90.2777777777779,90.2777777777779,90.2777777777779,90.2777777777779,90.2777777777779,90.2777777777779,90.2777777777779,90.2777777777779,90.2777777777779,90.2777777777779,90.2777777777779,90.2777777777779,90.2777777777779,90.2777777777779,90.2777777777779,90.2777777777779,90.2777777777779,90.2777777777779,90.2777777777779,90.2777777777779,90.2777777777779,90.2777777777779,90.2777777777779,90.2777777777779,90.2777777777779,90.2777777777779,90.2777777777779,90.2777777777779,90.2777777777779,90.2777777777779,90.2777777777779,90.2777777777779,90.2777777777779,90.2777777777779,90.2777777777779,90.2777777777779,90.2777777777779,90.2777777777779,90.2777777777779,90.2777777777779,90.2777777777779,90.2777777777779,90.2777777777779,90.2777777777779,90.2777777777779,90.2777777777779,90.2777777777779,90.2777777777779,90.2777777777779,90.2777777777779,90.2777777777779,90.2777777777779,90.2777777777779,90.2777777777779,90.2777777777779,90.2777777777779,90.2777777777779,90.2777777777779,90.2777777777779,90.2777777777779,90.2777777777779,90.2777777777779,90.2777777777779,90.2777777777779,90.2777777777779,90.2777777777779,90.2777777777779,90.2777777777779,90.2777777777779,90.2777777777779,90.2777777777779,90.2777777777779,90.2777777777779,90.2777777777779,90.2777777777779,90.2777777777779,90.2777777777779,90.2777777777779,90.2777777777779,90.2777777777779,90.2777777777779,90.2777777777779,90.2777777777779,90.2777777777779,90.2777777777779,90.2777777777779,90.2777777777779,90.2777777777779,90.2777777777779,90.2777777777779,90.2777777777779,90.2777777777779,90.2777777777779,90.2777777777779,90.2777777777779,90.2777777777779,90.2777777777779,90.2777777777779,90.2777777777779,90.2777777777779,90.2777777777779,90.2777777777779,90.2777777777779,90.2777777777779,90.2777777777779,90.2777777777779,90.2777777777779,90.2777777777779,90.2777777777779,90.2777777777779,90.2777777777779,90.2777777777779,90.2777777777779,90.2777777777779,90.2777777777779,90.2777777777779,90.2777777777779,90.2777777777779,90.2777777777779,90.2777777777779,90.2777777777779,90.2777777777779,90.2777777777779,90.2777777777779,90.2777777777779,90.2777777777779,90.2777777777779,90.2777777777779,90.2777777777779,90.2777777777779,90.2777777777779,90.2777777777779,90.2777777777779,90.2777777777779,90.2777777777779,90.2777777777779,90.2777777777779,90.2777777777779,90.2777777777779,90.2777777777779,90.2777777777779,90.2777777777779,90.2777777777779,90.2777777777779,90.2777777777779,90.2777777777779,90.2777777777779,90.2777777777779,90.2777777777779,90.2777777777779,90.2777777777779,90.2777777777779,90.2777777777779,90.2777777777779,90.2777777777779,90.2777777777779,90.2777777777779,90.2777777777779,90.2777777777779,90.2777777777779,90.2777777777779,90.2777777777779,90.2777777777779,90.2777777777779,90.2777777777779,90.2777777777779,90.2777777777779,90.2777777777779,90.2777777777779,90.2777777777779,90.2777777777779,90.2777777777779,90.2777777777779,90.2777777777779,90.2777777777779,90.2777777777779,90.2777777777779,90.2777777777779,90.2777777777779,90.2777777777779,90.2777777777779,90.2777777777779,90.2777777777779,90.2777777777779,90.2777777777779,90.2777777777779,90.2777777777779,90.2777777777779,90.2777777777779,90.2777777777779,90.2777777777779,90.2777777777779,90.2777777777779,90.2777777777779,90.2777777777779,90.2777777777779,90.2777777777779,90.2777777777779,90.2777777777779,90.2777777777779,90.2777777777779,90.2777777777779,90.2777777777779,90.2777777777779,90.2777777777779,90.2777777777779,90.2777777777779,90.2777777777779,90.2777777777779,90.2777777777779,90.2777777777779,90.2777777777779,90.2777777777779,90.2777777777779,90.2777777777779,90.2777777777779,90.2777777777779,90.2777777777779,90.2777777777779,90.2777777777779,90.2777777777779,90.2777777777779,90.2777777777779,90.2777777777779,90.2777777777779,90.2777777777779,90.2777777777779,90.2777777777779,90.2777777777779,90.2777777777779,90.2777777777779,90.2777777777779,90.2777777777779,90.2777777777779,90.2777777777779,90.2777777777779,90.2777777777779,90.2777777777779,90.2777777777779,90.2777777777779,90.2777777777779,90.2777777777779,90.2777777777779,90.2777777777779,90.2777777777779,90.2777777777779,90.2777777777779,90.2777777777779,90.2777777777779,90.2777777777779,90.2777777777779,90.2777777777779,90.2777777777779,90.2777777777779,90.2777777777779,90.2777777777779,90.2777777777779,90.2777777777779,90.2777777777779,90.2777777777779,90.2777777777779,90.2777777777779,90.2777777777779,90.2777777777779,90.2777777777779,90.2777777777779,90.2777777777779,90.2777777777779,90.2777777777779,90.2777777777779,90.2777777777779,90.2777777777779,90.2777777777779,90.2777777777779,90.2777777777779,90.2777777777779,90.2777777777779,90.2777777777779,90.2777777777779,90.2777777777779,90.2777777777779,90.2777777777779,90.2777777777779,90.2777777777779,90.2777777777779,90.2777777777779,90.2777777777779,90.2777777777779,90.2777777777779,90.2777777777779,90.2777777777779,90.2777777777779,90.2777777777779,90.2777777777779,90.2777777777779,90.2777777777779,90.2777777777779,90.2777777777779,90.2777777777779,90.2777777777779,90.2777777777779,90.2777777777779,90.2777777777779,90.2777777777779,90.2777777777779,90.2777777777779,90.2777777777779,90.2777777777779,90.2777777777779,90.2777777777779,90.2777777777779,90.2777777777779,90.2777777777779,90.2777777777779,90.2777777777779,90.2777777777779,90.2777777777779,90.2777777777779,90.2777777777779,90.2777777777779,90.2777777777779,90.2777777777779,90.2777777777779,90.2777777777779,90.2777777777779,90.2777777777779,90.2777777777779,90.2777777777779,90.2777777777779,90.2777777777779,90.2777777777779,90.2777777777779,90.2777777777779,90.2777777777779,90.2777777777779,90.2777777777779,90.2777777777779,90.2777777777779,90.2777777777779,90.2777777777779,90.2777777777779,90.2777777777779,90.2777777777779,90.2777777777779,90.2777777777779,90.2777777777779,90.2777777777779,90.2777777777779,90.2777777777779,90.2777777777779,90.2777777777779,90.2777777777779,90.2777777777779,90.2777777777779,90.2777777777779,90.2777777777779,90.2777777777779,90.2777777777779,90.2777777777779,90.2777777777779,90.2777777777779,90.2777777777779,90.2777777777779,90.2777777777779,90.2777777777779,90.2777777777779,90.2777777777779,90.2777777777779,90.2777777777779,90.2777777777779,90.2777777777779,90.2777777777779,90.2777777777779,90.2777777777779,90.2777777777779,90.2777777777779,90.2777777777779,90.2777777777779,90.2777777777779,90.2777777777779,90.2777777777779,90.2777777777779,90.2777777777779,90.2777777777779,90.2777777777779,90.2777777777779,90.2777777777779,90.2777777777779,90.2777777777779,90.2777777777779,90.2777777777779,90.2777777777779,90.2777777777779,90.2777777777779,90.2777777777779,90.2777777777779,90.2777777777779,90.2777777777779,90.2777777777779,90.2777777777779,90.2777777777779,90.2777777777779,90.2777777777779,90.2777777777779,90.2777777777779,90.2777777777779,90.2777777777779,90.2777777777779,90.2777777777779,90.2777777777779,90.2777777777779,90.2777777777779,90.2777777777779,90.2777777777779,90.2777777777779,90.2777777777779,90.2777777777779,90.2777777777779,90.2777777777779,90.2777777777779,90.2777777777779,90.2777777777779,90.2777777777779,90.2777777777779,90.2777777777779,90.2777777777779,90.2777777777779,90.2777777777779,90.2777777777779,90.2777777777779,90.2777777777779,90.2777777777779,90.2777777777779,90.2777777777779,90.2777777777779,90.2777777777779,90.2777777777779,90.2777777777779,90.2777777777779,90.2777777777779,90.2777777777779,90.2777777777779,90.2777777777779,90.2777777777779,90.2777777777779,90.2777777777779,90.2777777777779,90.2777777777779,90.2777777777779,90.2777777777779,90.2777777777779,90.2777777777779,90.2777777777779,90.2777777777779,90.2777777777779,90.2777777777779,90.2777777777779,90.2777777777779,90.2777777777779,90.2777777777779,90.2777777777779,90.2777777777779,90.2777777777779,90.2777777777779,90.2777777777779,90.2777777777779,90.2777777777779,90.2777777777779,90.2777777777779,90.2777777777779,90.2777777777779,90.2777777777779,90.2777777777779,90.2777777777779,90.2777777777779,90.2777777777779,90.2777777777779,90.2777777777779,90.2777777777779,90.2777777777779,90.2777777777779,90.2777777777779,90.2777777777779,90.2777777777779,90.2777777777779,90.2777777777779,90.2777777777779,90.2777777777779,90.2777777777779,90.2777777777779,90.2777777777779,90.2777777777779,90.2777777777779,90.2777777777779,90.2777777777779,90.2777777777779,90.2777777777779,90.2777777777779,90.2777777777779,90.2777777777779,90.2777777777779,90.2777777777779,90.2777777777779,90.2777777777779,90.2777777777779,90.2777777777779,90.2777777777779,90.2777777777779,90.2777777777779,90.2777777777779,90.2777777777779,90.2777777777779,90.2777777777779,90.2777777777779,90.2777777777779,90.2777777777779,90.2777777777779,90.2777777777779,90.2777777777779,90.2777777777779,90.2777777777779,90.2777777777779,90.2777777777779,90.2777777777779,90.2777777777779,90.2777777777779,90.2777777777779,90.2777777777779,90.2777777777779,90.2777777777779,90.2777777777779,90.2777777777779,90.2777777777779,90.2777777777779,90.2777777777779,90.2777777777779,90.2777777777779,90.2777777777779,90.2777777777779,90.2777777777779,90.2777777777779,90.2777777777779,90.2777777777779,90.2777777777779,90.2777777777779,90.2777777777779,90.2777777777779,90.2777777777779,90.2777777777779,90.2777777777779,90.2777777777779,90.2777777777779,90.2777777777779,90.2777777777779,90.2777777777779,90.2777777777779,90.2777777777779,90.2777777777779,90.2777777777779,90.2777777777779,90.2777777777779,90.2777777777779,90.2777777777779,90.2777777777779,90.2777777777779,90.2777777777779,90.2777777777779,90.2777777777779,90.2777777777779,90.2777777777779,90.2777777777779,90.2777777777779,90.2777777777779,90.2777777777779,90.2777777777779,90.2777777777779,90.2777777777779,90.2777777777779,90.2777777777779,90.2777777777779,90.2777777777779,90.2777777777779,90.2777777777779,90.2777777777779,90.2777777777779,90.2777777777779,90.2777777777779,90.2777777777779,90.2777777777779,90.2777777777779,90.2777777777779,90.2777777777779,90.2777777777779,90.2777777777779,90.2777777777779,90.2777777777779,90.2777777777779,90.2777777777779,90.2777777777779,90.2777777777779,90.2777777777779,90.2777777777779,90.2777777777779,90.2777777777779,90.2777777777779,90.2777777777779,90.2777777777779,90.2777777777779,90.2777777777779,90.2777777777779,90.2777777777779,90.2777777777779,90.2777777777779,90.2777777777779,90.2777777777779,90.2777777777779,90.2777777777779,90.2777777777779,90.2777777777779,90.2777777777779,90.2777777777779,90.2777777777779,90.2777777777779,90.2777777777779,90.2777777777779,90.2777777777779,90.2777777777779,90.2777777777779,90.2777777777779,90.2777777777779,90.2777777777779,90.2777777777779,90.2777777777779,90.2777777777779,90.2777777777779,90.2777777777779,90.2777777777779,90.2777777777779,90.2777777777779,90.2777777777779,90.2777777777779,90.2777777777779,90.2777777777779,90.2777777777779,90.2777777777779,90.2777777777779,90.2777777777779,90.2777777777779,90.2777777777779,90.2777777777779,90.2777777777779,90.2777777777779,90.2777777777779,90.2777777777779,90.2777777777779,90.2777777777779,90.2777777777779,90.2777777777779,90.2777777777779,90.2777777777779,90.2777777777779,90.2777777777779,90.2777777777779,90.2777777777779,90.2777777777779,90.2777777777779,90.2777777777779,90.2777777777779,90.2777777777779,90.2777777777779,90.2777777777779,90.2777777777779,90.2777777777779,90.2777777777779,90.2777777777779,90.2777777777779,90.2777777777779,90.2777777777779,90.2777777777779,90.2777777777779,90.2777777777779,90.2777777777779,90.2777777777779,90.2777777777779,90.2777777777779,90.2777777777779,90.2777777777779,90.2777777777779,90.2777777777779,90.2777777777779,90.2777777777779,90.2777777777779,90.2777777777779,90.2777777777779,90.2777777777779,90.2777777777779,90.2777777777779,90.2777777777779,90.2777777777779,90.2777777777779,90.2777777777779,90.2777777777779,90.2777777777779,90.2777777777779,90.2777777777779,90.2777777777779,90.2777777777779,90.2777777777779,90.2777777777779,90.2777777777779,90.2777777777779,90.2777777777779,90.2777777777779,90.2777777777779,90.2777777777779,90.2777777777779,90.2777777777779,90.2777777777779,90.2777777777779,90.2777777777779,90.2777777777779,90.2777777777779,90.2777777777779,90.2777777777779,90.2777777777779,90.2777777777779,90.2777777777779,90.2777777777779,90.2777777777779,90.2777777777779,90.2777777777779,90.2777777777779,90.2777777777779,90.2777777777779,90.2777777777779,90.2777777777779,90.2777777777779,90.2777777777779,90.2777777777779,90.2777777777779,90.2777777777779,90.2777777777779,90.2777777777779,90.2777777777779,90.2777777777779,90.2777777777779,90.2777777777779,90.2777777777779,90.2777777777779,90.2777777777779,90.2777777777779,90.2777777777779,90.2777777777779,90.2777777777779,90.2777777777779,90.2777777777779,90.2777777777779,90.2777777777779,90.2777777777779,90.2777777777779,90.2777777777779,90.2777777777779,90.2777777777779,90.2777777777779,90.2777777777779,90.2777777777779,90.2777777777779,90.2777777777779,90.2777777777779,90.2777777777779,90.2777777777779,90.2777777777779,90.2777777777779,90.2777777777779,90.2777777777779,90.2777777777779,90.2777777777779,90.2777777777779,90.2777777777779,90.2777777777779,90.2777777777779,90.2777777777779,90.2777777777779,90.2777777777779,90.2777777777779,90.2777777777779,90.2777777777779,90.2777777777779,90.2777777777779,90.2777777777779,90.2777777777779,90.2777777777779,90.2777777777779,90.2777777777779,90.2777777777779,90.2777777777779,90.2777777777779,90.2777777777779,90.2777777777779,90.2777777777779,90.2777777777779,90.2777777777779,90.2777777777779,90.2777777777779,90.2777777777779,90.2777777777779,90.2777777777779,90.2777777777779,90.2777777777779,90.2777777777779,90.2777777777779,90.2777777777779,90.2777777777779,90.2777777777779,90.2777777777779,90.2777777777779,90.2777777777779,90.2777777777779,90.2777777777779,90.2777777777779,90.2777777777779,90.2777777777779,90.2777777777779,90.2777777777779,90.2777777777779,90.2777777777779,90.2777777777779,90.2777777777779,90.2777777777779,90.2777777777779,90.2777777777779,90.2777777777779,90.2777777777779,90.2777777777779,90.2777777777779,90.2777777777779,90.2777777777779,90.2777777777779,90.2777777777779,90.2777777777779,90.2777777777779,90.2777777777779,90.2777777777779,90.2777777777779,90.2777777777779,90.2777777777779,90.2777777777779,90.2777777777779,90.2777777777779,90.2777777777779,90.2777777777779,90.2777777777779,90.2777777777779,90.2777777777779,90.2777777777779,90.2777777777779,90.2777777777779,90.2777777777779,90.2777777777779,90.2777777777779,90.2777777777779,90.2777777777779,90.2777777777779,90.2777777777779,90.2777777777779,90.2777777777779,90.2777777777779,90.2777777777779,90.2777777777779,90.2777777777779,90.2777777777779,90.2777777777779,90.2777777777779,90.2777777777779,90.2777777777779,90.2777777777779,90.2777777777779,90.2777777777779,90.2777777777779,90.2777777777779,90.2777777777779,90.2777777777779,90.2777777777779,90.2777777777779,90.2777777777779,90.2777777777779,90.2777777777779,90.2777777777779,90.2777777777779,90.2777777777779,90.2777777777779,90.2777777777779,90.2777777777779,90.2777777777779,90.2777777777779,90.2777777777779,90.2777777777779,90.2777777777779,90.2777777777779,90.2777777777779,90.2777777777779,90.2777777777779,90.2777777777779,90.2777777777779,90.2777777777779,90.2777777777779,90.2777777777779,90.2777777777779,90.2777777777779,90.2777777777779,90.2777777777779,90.2777777777779,90.2777777777779,90.2777777777779,90.2777777777779,90.2777777777779,90.2777777777779,90.2777777777779,90.2777777777779,90.2777777777779,90.2777777777779,90.2777777777779,90.2777777777779,90.2777777777779,90.2777777777779,90.2777777777779,90.2777777777779,90.2777777777779,90.2777777777779,90.2777777777779,90.2777777777779,90.2777777777779,90.2777777777779,90.2777777777779,90.2777777777779,90.2777777777779,90.2777777777779,90.2777777777779,90.2777777777779,90.2777777777779,90.2777777777779,90.2777777777779,90.2777777777779,90.2777777777779,90.2777777777779,90.2777777777779,90.2777777777779,90.2777777777779,90.2777777777779,90.2777777777779,90.2777777777779,90.2777777777779,90.2777777777779,90.2777777777779,90.2777777777779,90.2777777777779,90.2777777777779,90.2777777777779,90.2777777777779,90.2777777777779,90.2777777777779,90.2777777777779,90.2777777777779,90.2777777777779,90.2777777777779,90.2777777777779,90.2777777777779,90.2777777777779,90.2777777777779,90.2777777777779,90.2777777777779,90.2777777777779,90.2777777777779,90.2777777777779,90.2777777777779,90.2777777777779,90.2777777777779,90.2777777777779,90.2777777777779,90.2777777777779,90.2777777777779,90.2777777777779,90.2777777777779,90.2777777777779,90.2777777777779,90.2777777777779,90.2777777777779,90.2777777777779,90.2777777777779,90.2777777777779,90.2777777777779,90.2777777777779,90.2777777777779,90.2777777777779,90.2777777777779,90.2777777777779,90.2777777777779,90.2777777777779,90.2777777777779,90.2777777777779,90.2777777777779,90.2777777777779,90.2777777777779,90.2777777777779,90.2777777777779,90.2777777777779,90.2777777777779,90.2777777777779,90.2777777777779,90.2777777777779,90.2777777777779,90.2777777777779,90.2777777777779,90.2777777777779,90.2777777777779,90.2777777777779,90.2777777777779,90.2777777777779,90.2777777777779,90.2777777777779,90.2777777777779,90.2777777777779,90.2777777777779,90.2777777777779,90.2777777777779,90.2777777777779,90.2777777777779,90.2777777777779,90.2777777777779,90.2777777777779,90.2777777777779,90.2777777777779,90.2777777777779,90.2777777777779,90.2777777777779,90.2777777777779,90.2777777777779,90.2777777777779,90.2777777777779,90.2777777777779,90.2777777777779,90.2777777777779,90.2777777777779,90.2777777777779,90.2777777777779,90.2777777777779,90.2777777777779,90.2777777777779,90.2777777777779,90.2777777777779,90.2777777777779,90.2777777777779,90.2777777777779,90.2777777777779,90.2777777777779,90.2777777777779,90.2777777777779,90.2777777777779,90.2777777777779,90.2777777777779,90.2777777777779,90.2777777777779,90.2777777777779,90.2777777777779,90.2777777777779,90.2777777777779,90.2777777777779,90.2777777777779,90.2777777777779,90.2777777777779,90.2777777777779,90.2777777777779,90.2777777777779,90.2777777777779,90.2777777777779,90.2777777777779,90.2777777777779,90.2777777777779,90.2777777777779,90.2777777777779,90.2777777777779,90.2777777777779,90.2777777777779,90.2777777777779,90.2777777777779,90.2777777777779,90.2777777777779,90.2777777777779,90.2777777777779,90.2777777777779,90.2777777777779,90.2777777777779,90.2777777777779,90.2777777777779,90.2777777777779,90.2777777777779,90.2777777777779,90.2777777777779,90.2777777777779,90.2777777777779,90.2777777777779,90.2777777777779,90.2777777777779,90.2777777777779,90.2777777777779,90.2777777777779,90.2777777777779,90.2777777777779,90.2777777777779,90.2777777777779,90.2777777777779,90.2777777777779,90.2777777777779,90.2777777777779,90.2777777777779,90.2777777777779,90.2777777777779,90.2777777777779,90.2777777777779,90.2777777777779,90.2777777777779,90.2777777777779,90.2777777777779,90.2777777777779,90.2777777777779,90.2777777777779,90.2777777777779,90.2777777777779,90.2777777777779,90.2777777777779,90.2777777777779,90.2777777777779,90.2777777777779,90.2777777777779,90.2777777777779,90.2777777777779,90.2777777777779,90.2777777777779,90.2777777777779,90.2777777777779,90.2777777777779,90.2777777777779,90.2777777777779,90.2777777777779,90.2777777777779,90.2777777777779,90.2777777777779,90.2777777777779,90.2777777777779,90.2777777777779,90.2777777777779,90.2777777777779,90.2777777777779,90.2777777777779,90.2777777777779,90.2777777777779,90.2777777777779,90.2777777777779,90.2777777777779,90.2777777777779,90.2777777777779,90.2777777777779,90.2777777777779,90.2777777777779,90.2777777777779,90.2777777777779,90.2777777777779,90.2777777777779,90.2777777777779,90.2777777777779,90.2777777777779,90.2777777777779,90.2777777777779,90.2777777777779,90.2777777777779,90.2777777777779,90.2777777777779,90.2777777777779,90.2777777777779,90.2777777777779,90.2777777777779,90.2777777777779,90.2777777777779,90.2777777777779,90.2777777777779,90.2777777777779,90.2777777777779,90.2777777777779,90.2777777777779,90.2777777777779,90.2777777777779,90.2777777777779,90.2777777777779,90.2777777777779,90.2777777777779,90.2777777777779,90.2777777777779,90.2777777777779,90.2777777777779,90.2777777777779,90.2777777777779,90.2777777777779,90.2777777777779,90.2777777777779,90.2777777777779,90.2777777777779,90.2777777777779,90.2777777777779,90.2777777777779,90.2777777777779,90.2777777777779,90.2777777777779,90.2777777777779,90.2777777777779,90.2777777777779,90.2777777777779,90.2777777777779,90.2777777777779,90.2777777777779,90.2777777777779,90.2777777777779,90.2777777777779,90.2777777777779,90.2777777777779,90.2777777777779,90.2777777777779,90.2777777777779,90.2777777777779,90.2777777777779,90.2777777777779,90.2777777777779,90.2777777777779,90.2777777777779,90.2777777777779,90.2777777777779,90.2777777777779,90.2777777777779,90.2777777777779,90.2777777777779,90.2777777777779,90.2777777777779,90.2777777777779,90.2777777777779,90.2777777777779,90.2777777777779,90.2777777777779,90.2777777777779,90.2777777777779,90.2777777777779,90.2777777777779,90.2777777777779,90.2777777777779,90.2777777777779,90.2777777777779,90.2777777777779,90.2777777777779,90.2777777777779,90.2777777777779,90.2777777777779,90.2777777777779,90.2777777777779,90.2777777777779,90.2777777777779,90.2777777777779,90.2777777777779,90.2777777777779,90.2777777777779,90.2777777777779,90.2777777777779,90.2777777777779,90.2777777777779,90.2777777777779,90.2777777777779,90.2777777777779,90.2777777777779,90.2777777777779,90.2777777777779,90.2777777777779,90.2777777777779,90.2777777777779,90.2777777777779,90.2777777777779,90.2777777777779,90.2777777777779,90.2777777777779,90.2777777777779,90.2777777777779,90.2777777777779,90.2777777777779,90.2777777777779,90.2777777777779,90.2777777777779,90.2777777777779,90.2777777777779,90.2777777777779,90.2777777777779,90.2777777777779,90.2777777777779,90.2777777777779,90.2777777777779,90.2777777777779,90.2777777777779,90.2777777777779,90.2777777777779,90.2777777777779,90.2777777777779,90.2777777777779,90.2777777777779,90.2777777777779,90.2777777777779,90.2777777777779,90.2777777777779,90.2777777777779,90.2777777777779,90.2777777777779,90.2777777777779,90.2777777777779,90.2777777777779,90.2777777777779,90.2777777777779,90.2777777777779,90.2777777777779,90.2777777777779,90.2777777777779,90.2777777777779,90.2777777777779,90.2777777777779,90.2777777777779,90.2777777777779,90.2777777777779,90.2777777777779,90.2777777777779,90.2777777777779,90.2777777777779,90.2777777777779,90.2777777777779,90.2777777777779,90.2777777777779,90.2777777777779,90.2777777777779,90.2777777777779,90.2777777777779,90.2777777777779,90.2777777777779,90.2777777777779,90.2777777777779,90.2777777777779,90.2777777777779,90.2777777777779,90.2777777777779,90.2777777777779,90.2777777777779,90.2777777777779,90.2777777777779,90.2777777777779,90.2777777777779,90.2777777777779,90.2777777777779,90.2777777777779,90.2777777777779,90.2777777777779,90.2777777777779,90.2777777777779,90.2777777777779,90.2777777777779,90.2777777777779,90.2777777777779,90.2777777777779,90.2777777777779,90.2777777777779,90.2777777777779,90.2777777777779,90.2777777777779,90.2777777777779,90.2777777777779,90.2777777777779,90.2777777777779,90.2777777777779,90.2777777777779,90.2777777777779,90.2777777777779,90.2777777777779,90.2777777777779,90.2777777777779,90.2777777777779,90.2777777777779,90.2777777777779,90.2777777777779,90.2777777777779,90.2777777777779,90.2777777777779,90.2777777777779,90.2777777777779,90.2777777777779,90.2777777777779,90.2777777777779,90.2777777777779,90.2777777777779,90.2777777777779,90.2777777777779,90.2777777777779,90.2777777777779,90.2777777777779,90.2777777777779,90.2777777777779,90.2777777777779,90.2777777777779,90.2777777777779,90.2777777777779,90.2777777777779,90.2777777777779,90.2777777777779,90.2777777777779,90.2777777777779,90.2777777777779,90.2777777777779,90.2777777777779,90.2777777777779,90.2777777777779,90.2777777777779,90.2777777777779,90.2777777777779,90.2777777777779,90.2777777777779,90.2777777777779,90.2777777777779,90.2777777777779,90.2777777777779,90.2777777777779,90.2777777777779,90.2777777777779,90.2777777777779,90.2777777777779,90.2777777777779,90.2777777777779,90.2777777777779,90.2777777777779,90.2777777777779,90.2777777777779,90.2777777777779,90.2777777777779,90.2777777777779,90.2777777777779,90.2777777777779,90.2777777777779,90.2777777777779,90.2777777777779,90.2777777777779,90.2777777777779,90.2777777777779,90.2777777777779,90.2777777777779,90.2777777777779,90.2777777777779,90.2777777777779,90.2777777777779,90.2777777777779,90.2777777777779,90.2777777777779,90.2777777777779,90.2777777777779,90.2777777777779,90.2777777777779,90.2777777777779,90.2777777777779,90.2777777777779,90.2777777777779,90.2777777777779,90.2777777777779,90.2777777777779,90.2777777777779,90.2777777777779,90.2777777777779,90.2777777777779,90.2777777777779,90.2777777777779,90.2777777777779,90.2777777777779,90.2777777777779,90.2777777777779,90.2777777777779,90.2777777777779,90.2777777777779,90.2777777777779,90.2777777777779,90.2777777777779,90.2777777777779,90.2777777777779,90.2777777777779,90.2777777777779,90.2777777777779,90.2777777777779,90.2777777777779,90.2777777777779,90.2777777777779,90.2777777777779,90.2777777777779,90.2777777777779,90.2777777777779,90.2777777777779,90.2777777777779,90.2777777777779,90.2777777777779,90.2777777777779,90.2777777777779,90.2777777777779,90.2777777777779,90.2777777777779,90.2777777777779,90.2777777777779,90.2777777777779,90.2777777777779,90.2777777777779,90.2777777777779,90.2777777777779,90.2777777777779,90.2777777777779,90.2777777777779,90.2777777777779,90.2777777777779,90.2777777777779,90.2777777777779,90.2777777777779,90.2777777777779,90.2777777777779,90.2777777777779,90.2777777777779,90.2777777777779,90.2777777777779,90.2777777777779,90.2777777777779,90.2777777777779,90.2777777777779,90.2777777777779,90.2777777777779,90.2777777777779,90.2777777777779,90.2777777777779,90.2777777777779,90.2777777777779,90.2777777777779,90.2777777777779,90.2777777777779,90.2777777777779,90.2777777777779,90.2777777777779,90.2777777777779,90.2777777777779,90.2777777777779,90.2777777777779,90.2777777777779,90.2777777777779,90.2777777777779,90.2777777777779,90.2777777777779,90.2777777777779,90.2777777777779,90.2777777777779,90.2777777777779,90.2777777777779,90.2777777777779,90.2777777777779,90.2777777777779,90.2777777777779,90.2777777777779,90.2777777777779,90.2777777777779,90.2777777777779,90.2777777777779,90.2777777777779,90.2777777777779,90.2777777777779,90.2777777777779,90.2777777777779,90.2777777777779,90.2777777777779,90.2777777777779,90.2777777777779,90.2777777777779,90.2777777777779,90.2777777777779,90.2777777777779,90.2777777777779,90.2777777777779,90.2777777777779,90.2777777777779,90.2777777777779,90.2777777777779,90.2777777777779,90.2777777777779,90.2777777777779,90.2777777777779,90.2777777777779,90.2777777777779,90.2777777777779,90.2777777777779,90.2777777777779,90.2777777777779,90.2777777777779,90.2777777777779,90.2777777777779,90.2777777777779,90.2777777777779,90.2777777777779,90.2777777777779,90.2777777777779,90.2777777777779,90.2777777777779,90.2777777777779,90.2777777777779,90.2777777777779,90.2777777777779,90.2777777777779,90.2777777777779,90.2777777777779,90.2777777777779,90.2777777777779,90.2777777777779,90.2777777777779,90.2777777777779,90.2777777777779,90.2777777777779,90.2777777777779,90.2777777777779,90.2777777777779,90.2777777777779,90.2777777777779,90.2777777777779,90.2777777777779,90.2777777777779,90.2777777777779,90.2777777777779,90.2777777777779,90.2777777777779,90.2777777777779,90.2777777777779,90.2777777777779,90.2777777777779,90.2777777777779,90.2777777777779,90.2777777777779,90.2777777777779,90.2777777777779,90.2777777777779,90.2777777777779,90.2777777777779,90.2777777777779,90.2777777777779,90.2777777777779,90.2777777777779,90.2777777777779,90.2777777777779,90.2777777777779,90.2777777777779,90.2777777777779,90.2777777777779,90.2777777777779,90.2777777777779,90.2777777777779,90.2777777777779,90.2777777777779,90.2777777777779,90.2777777777779,90.2777777777779,90.2777777777779,90.2777777777779,90.2777777777779,90.2777777777779,90.2777777777779,90.2777777777779,90.2777777777779,90.2777777777779,90.2777777777779,90.2777777777779,90.2777777777779,90.2777777777779,90.2777777777779,90.2777777777779,90.2777777777779,90.2777777777779,90.2777777777779,90.2777777777779,90.2777777777779,90.2777777777779,90.2777777777779,90.2777777777779,90.2777777777779,90.2777777777779,90.2777777777779,90.2777777777779,90.2777777777779,90.2777777777779,90.2777777777779,90.2777777777779,90.2777777777779,90.2777777777779,90.2777777777779,90.2777777777779,90.2777777777779,90.2777777777779,90.2777777777779,90.2777777777779,90.2777777777779,90.2777777777779,90.2777777777779,90.2777777777779,90.2777777777779,90.2777777777779,90.2777777777779,90.2777777777779,90.2777777777779,90.2777777777779,90.2777777777779,90.2777777777779,90.2777777777779,90.2777777777779,90.2777777777779,90.2777777777779,90.2777777777779,90.2777777777779,90.2777777777779,90.2777777777779,90.2777777777779,90.2777777777779,90.2777777777779,90.2777777777779,90.2777777777779,90.2777777777779,90.2777777777779,90.2777777777779,90.2777777777779,90.2777777777779,90.2777777777779,90.2777777777779,90.2777777777779,90.2777777777779,90.2777777777779,90.2777777777779,90.2777777777779,90.2777777777779,90.2777777777779,90.2777777777779,90.2777777777779,90.2777777777779,90.2777777777779,90.2777777777779,90.2777777777779,90.2777777777779,90.2777777777779,90.2777777777779,90.2777777777779,90.2777777777779,90.2777777777779,90.2777777777779,90.2777777777779,90.2777777777779,90.2777777777779,90.2777777777779,90.2777777777779,90.2777777777779,90.2777777777779,90.2777777777779,90.2777777777779,90.2777777777779,90.2777777777779,90.2777777777779,90.2777777777779,90.2777777777779,90.2777777777779,90.2777777777779,90.2777777777779,90.2777777777779,90.2777777777779,90.2777777777779,90.2777777777779,90.2777777777779,90.2777777777779,90.2777777777779,90.2777777777779,90.2777777777779,90.2777777777779,90.2777777777779,90.2777777777779,90.2777777777779,90.2777777777779,90.2777777777779,90.2777777777779,90.2777777777779,90.2777777777779,90.2777777777779,90.2777777777779,90.2777777777779,90.2777777777779,90.2777777777779,90.2777777777779,90.2777777777779,90.2777777777779,90.2777777777779,90.2777777777779,90.2777777777779,90.2777777777779,90.2777777777779,90.2777777777779,90.2777777777779,90.2777777777779,90.2777777777779,90.2777777777779,90.2777777777779,90.2777777777779,90.2777777777779,90.2777777777779,90.2777777777779,90.2777777777779,90.2777777777779,90.2777777777779,90.2777777777779,90.2777777777779,90.2777777777779,90.2777777777779,90.2777777777779,90.2777777777779,90.2777777777779,90.2777777777779,90.2777777777779,90.2777777777779,90.2777777777779,90.2777777777779,90.2777777777779,90.2777777777779,90.2777777777779,90.2777777777779,90.2777777777779,90.2777777777779,90.2777777777779,90.2777777777779,90.2777777777779,90.2777777777779,90.2777777777779,90.2777777777779,90.2777777777779,90.2777777777779,90.2777777777779,90.2777777777779,90.2777777777779,90.2777777777779,90.2777777777779,90.2777777777779,90.2777777777779,90.2777777777779,90.2777777777779,90.2777777777779,90.2777777777779,90.2777777777779,90.2777777777779,90.2777777777779,90.2777777777779,90.2777777777779,90.2777777777779,90.2777777777779,90.2777777777779,90.2777777777779,90.2777777777779,90.2777777777779,90.2777777777779,90.2777777777779,90.2777777777779,90.2777777777779,90.2777777777779,90.2777777777779,90.2777777777779,90.2777777777779,90.2777777777779,90.2777777777779,90.2777777777779,90.2777777777779,90.2777777777779,90.2777777777779,90.2777777777779,90.2777777777779,90.2777777777779,90.2777777777779,90.2777777777779,90.2777777777779,90.2777777777779,90.2777777777779,90.2777777777779,90.2777777777779,90.2777777777779,90.2777777777779,90.2777777777779,90.2777777777779,90.2777777777779,90.2777777777779,90.2777777777779,90.2777777777779,90.2777777777779,90.2777777777779,90.2777777777779,90.2777777777779,90.2777777777779,90.2777777777779,90.2777777777779,90.2777777777779,90.2777777777779,90.2777777777779,90.2777777777779,90.2777777777779,90.2777777777779,90.2777777777779,90.2777777777779,90.2777777777779,90.2777777777779,90.2777777777779,90.2777777777779,90.2777777777779,90.2777777777779,90.2777777777779,90.2777777777779,90.2777777777779,90.2777777777779,90.2777777777779,90.2777777777779,90.2777777777779,90.2777777777779,90.2777777777779,90.2777777777779,90.2777777777779,90.2777777777779,90.2777777777779,90.2777777777779,90.2777777777779,90.2777777777779,90.2777777777779,90.2777777777779,90.2777777777779,90.2777777777779,90.2777777777779,90.2777777777779,90.2777777777779,90.2777777777779,90.2777777777779,90.2777777777779,90.2777777777779,90.2777777777779,90.2777777777779,90.2777777777779,90.2777777777779,90.2777777777779,90.2777777777779,90.2777777777779,90.2777777777779,90.2777777777779,90.2777777777779,90.2777777777779,90.2777777777779,90.2777777777779,90.2777777777779,90.2777777777779,90.2777777777779,90.2777777777779,90.2777777777779,90.2777777777779,90.2777777777779,90.2777777777779,90.2777777777779,90.2777777777779,90.2777777777779,90.2777777777779,90.2777777777779,90.2777777777779,90.2777777777779,90.2777777777779,90.2777777777779,90.2777777777779,90.2777777777779,90.2777777777779,90.2777777777779,90.2777777777779,90.2777777777779,90.2777777777779,90.2777777777779,90.2777777777779,90.2777777777779,90.2777777777779,90.2777777777779,90.2777777777779,90.2777777777779,90.2777777777779,90.2777777777779,90.2777777777779,90.2777777777779,90.2777777777779,90.2777777777779,90.2777777777779,90.2777777777779,90.2777777777779,90.2777777777779,90.2777777777779,90.2777777777779,90.2777777777779,90.2777777777779,90.2777777777779,90.2777777777779,90.2777777777779,90.2777777777779,90.2777777777779,90.2777777777779,90.2777777777779,90.2777777777779,90.2777777777779,90.2777777777779,90.2777777777779,90.2777777777779,90.2777777777779,90.2777777777779,90.2777777777779,90.2777777777779,90.2777777777779,90.2777777777779,90.2777777777779,90.2777777777779,90.2777777777779,90.2777777777779,90.2777777777779,90.2777777777779,90.2777777777779,90.2777777777779,90.2777777777779,90.2777777777779,90.2777777777779,90.2777777777779,90.2777777777779,90.2777777777779,90.2777777777779,90.2777777777779,90.2777777777779,90.2777777777779,90.2777777777779,90.2777777777779,90.2777777777779,90.2777777777779,90.2777777777779,90.2777777777779,90.2777777777779,90.2777777777779,90.2777777777779,90.2777777777779,90.2777777777779,90.2777777777779,90.2777777777779,90.2777777777779,90.2777777777779,90.2777777777779,90.2777777777779,90.2777777777779,90.2777777777779,90.2777777777779,90.2777777777779,90.2777777777779,90.2777777777779,90.2777777777779,90.2777777777779,90.2777777777779,90.2777777777779,90.2777777777779,90.2777777777779,90.2777777777779,90.2777777777779,90.2777777777779,90.2777777777779,90.2777777777779,90.2777777777779,90.2777777777779,90.2777777777779,90.2777777777779,90.2777777777779,90.2777777777779,90.2777777777779,90.2777777777779,90.2777777777779,90.2777777777779,90.2777777777779,90.2777777777779,90.2777777777779,90.2777777777779,90.2777777777779,90.2777777777779,90.2777777777779,90.2777777777779,90.2777777777779,90.2777777777779,90.2777777777779,90.2777777777779,90.2777777777779,90.2777777777779,90.2777777777779,90.2777777777779,90.2777777777779,90.2777777777779,90.2777777777779,90.2777777777779,90.2777777777779,90.2777777777779,90.2777777777779,90.2777777777779,90.2777777777779,90.2777777777779,90.2777777777779,90.2777777777779,90.2777777777779,90.2777777777779,90.2777777777779,90.2777777777779,90.2777777777779,90.2777777777779,90.2777777777779,90.2777777777779,90.2777777777779,90.2777777777779,90.2777777777779,90.2777777777779,90.2777777777779,90.2777777777779,90.2777777777779,90.2777777777779,90.2777777777779,90.2777777777779,90.2777777777779,90.2777777777779,90.2777777777779,90.2777777777779,90.2777777777779,90.2777777777779,90.2777777777779,90.2777777777779,90.2777777777779,90.2777777777779,90.2777777777779,90.2777777777779,90.2777777777779,90.2777777777779,90.2777777777779,90.2777777777779,90.2777777777779,90.2777777777779,90.2777777777779,90.2777777777779,90.2777777777779,90.2777777777779,90.2777777777779,90.2777777777779,90.2777777777779,90.2777777777779,90.2777777777779,90.2777777777779,90.2777777777779,90.2777777777779,90.2777777777779,90.2777777777779,90.2777777777779,90.2777777777779,90.2777777777779,90.2777777777779,90.2777777777779,90.2777777777779,90.2777777777779,90.2777777777779,90.2777777777779,90.2777777777779,90.2777777777779,90.2777777777779,90.2777777777779,90.2777777777779,90.2777777777779,90.2777777777779,90.2777777777779,90.2777777777779,90.2777777777779,90.2777777777779,90.2777777777779,90.2777777777779,90.2777777777779,90.2777777777779,90.2777777777779,90.2777777777779,90.2777777777779,90.2777777777779,90.2777777777779,90.2777777777779,90.2777777777779,90.2777777777779,90.2777777777779,90.2777777777779,90.2777777777779,90.2777777777779,90.2777777777779,90.2777777777779,90.2777777777779,90.2777777777779,90.2777777777779,90.2777777777779,90.2777777777779,90.2777777777779,90.2777777777779,90.2777777777779,90.2777777777779,90.2777777777779,90.2777777777779,90.2777777777779,90.2777777777779,90.2777777777779,90.2777777777779,90.2777777777779,90.2777777777779,90.2777777777779,90.2777777777779,90.2777777777779,90.2777777777779,90.2777777777779,90.2777777777779,90.2777777777779,90.2777777777779,90.2777777777779,90.2777777777779,90.2777777777779,90.2777777777779,90.2777777777779,90.2777777777779,90.2777777777779,90.2777777777779,90.2777777777779,90.2777777777779,90.2777777777779,90.2777777777779,90.2777777777779,90.2777777777779,90.2777777777779,90.2777777777779,90.2777777777779,90.2777777777779,90.2777777777779,90.2777777777779,90.2777777777779,90.2777777777779,90.2777777777779,90.2777777777779,90.2777777777779,90.2777777777779,90.2777777777779,90.2777777777779,90.2777777777779,90.2777777777779,90.2777777777779,90.2777777777779,90.2777777777779,90.2777777777779,90.2777777777779,90.2777777777779,90.2777777777779,90.2777777777779,90.2777777777779,90.2777777777779,90.2777777777779,90.2777777777779,90.2777777777779,90.2777777777779,90.2777777777779,90.2777777777779,90.2777777777779,90.2777777777779,90.2777777777779,90.2777777777779,90.2777777777779,90.2777777777779,90.2777777777779,90.2777777777779,90.2777777777779,90.2777777777779,90.2777777777779,90.2777777777779,90.2777777777779,90.2777777777779,90.2777777777779,90.2777777777779,90.2777777777779,90.2777777777779,90.2777777777779,90.2777777777779,90.2777777777779,90.2777777777779,90.2777777777779,90.2777777777779,90.2777777777779,90.2777777777779,90.2777777777779,90.2777777777779,90.2777777777779,90.2777777777779,90.2777777777779,90.2777777777779,90.2777777777779,90.2777777777779,90.2777777777779,90.2777777777779,90.2777777777779,90.2777777777779,90.2777777777779,90.2777777777779,90.2777777777779,90.2777777777779,90.2777777777779,90.2777777777779,90.2777777777779,90.2777777777779,90.2777777777779,90.2777777777779,90.2777777777779,90.2777777777779,90.2777777777779,90.2777777777779,90.2777777777779,90.2777777777779,90.2777777777779,90.2777777777779,90.2777777777779,90.2777777777779,90.2777777777779,90.2777777777779,90.2777777777779,90.2777777777779,90.2777777777779,90.2777777777779,90.2777777777779,90.2777777777779,90.2777777777779,90.2777777777779,90.2777777777779,90.2777777777779,90.2777777777779,90.2777777777779,90.2777777777779,90.2777777777779,90.2777777777779,90.2777777777779,90.2777777777779,90.2777777777779,90.2777777777779,90.2777777777779,90.2777777777779,90.2777777777779,90.2777777777779,90.2777777777779,90.2777777777779,90.2777777777779,90.2777777777779,90.2777777777779,90.2777777777779,90.2777777777779,90.2777777777779,90.2777777777779,90.2777777777779,90.2777777777779,90.2777777777779,90.2777777777779,90.2777777777779,90.2777777777779,90.2777777777779,90.2777777777779,90.2777777777779,90.2777777777779,90.2777777777779,90.2777777777779,90.2777777777779,90.2777777777779,90.2777777777779,90.2777777777779,90.2777777777779,90.2777777777779,90.2777777777779,90.2777777777779,90.2777777777779,90.2777777777779,90.2777777777779,90.2777777777779,90.2777777777779,90.2777777777779,90.2777777777779,90.2777777777779,90.2777777777779,90.2777777777779,90.2777777777779,90.2777777777779,90.2777777777779,90.2777777777779,90.2777777777779,90.2777777777779,90.2777777777779,90.2777777777779,90.2777777777779,90.2777777777779,90.2777777777779,90.2777777777779,90.2777777777779,90.2777777777779,90.2777777777779,90.2777777777779,90.2777777777779,90.2777777777779,90.2777777777779,90.2777777777779,90.2777777777779,90.2777777777779,90.2777777777779
scores,46.17832016993431,76.8755415335564,32.45818669970932,57.090692052799405,36.556380064663685,63.75744581894412,85.5170567637295,53.88193263235859,74.20469556928357,71.19670410395345,59.03057448341247,55.144146823064936,58.814179938328095,36.570876079724606,75.63678972069617,66.36067145914124,35.46025639588615,64.56196389471792,41.06149322903507,37.797582954987824,43.409311882469595,66.96713118771284,38.704799359797136,35.266000155217604,41.12807366995286,64.8358984429792,57.435164628900075,55.770898965755826,46.17104766779585,53.962415866847834,101.45037801006023,67.61207559797896,56.46946076312584,58.91704362824847,62.67606179012679,26.451661565953074,81.92756967916037,73.06062584931314,37.2419588074455,91.46995392146822,80.37612614016793,52.04076379331861,56.38509360862452,79.23172753962194,82.72403825661729,87.02769424069113,65.72973502146846,34.065648874097946,59.60964651430544,64.81306121097899,64.43076201181132,40.910060514829,81.70663347396435,46.42744198710952,91.86921257789822,70.49081182139562,49.4989269032762,82.31591076611619,40.578114139203436,40.99785358284859,69.26720674605619,79.56527911491227,64.22461552160047,38.92060377308008,50.7513553002511,75.2468501406458,55.17052639702682,59.14238894154531,80.01179539201225,75.48917236587059,68.4473334001353,78.35672519240028,109.36910472749936,74.25989499030048,82.1671698466007,84.32424804649352,73.9914063910238,51.35801398039493,69.35785216179386,79.94428828006089,81.27572791993657,58.83968211384306,86.81634326240892,88.47280072046239,42.403459173095946,75.47541471369036,67.0259216269362,55.52124561525211,103.75043139095641,64.94909816173525,94.93639927725037,83.99384457921559,62.974309715370396,83.8116986415074,39.98709392015581,76.73101706265997,69.42598454533648,76.39250098531174,87.68573396960524,63.39069076365081,50.520953873311484,59.5937371325416,59.38350429440894,71.29529975951438,52.9808966646153,80.7790369064485,72.13053207887198,51.64662502787354,54.46050027337746,89.64035833900714,70.70456702171536,65.40174562987747,72.85187978926486,50.91787694860348,78.77888965690167,77.34644643887457,53.78021504496839,55.0239827686554,81.11742014744256,66.52587237370996,81.347325052312,100.85880800340897,63.188779861923514,94.96260664114763,79.46655069363965,103.25983115728461,79.82114187048828,60.1027491050007,71.76800006475708,131.48732155907712,66.47290991949043,72.21196646759091,52.63286620461031,92.8114962414413,47.275328261864686,92.49249189392133,56.867813338690084,85.85998804869429,64.8068525749699,94.28785131797814,99.93449489585596,103.10967291058589,53.430070219045085,77.03119134104193,62.80622990151409,67.26909603602455,68.52610871604503,91.3529173543905,72.60383930788262,60.28842876469436,85.8656783036939,86.0369995825246,66.04113915866868,73.28095353682046,61.880709796927405,72.1065673552748,79.3699383855915,61.3162530194181,78.90638108565345,90.06668026620609,66.68788402729335,69.84533165908587,113.39429634625309,90.10738709180644,82.06991134334034,71.72528731493321,86.24121491989719,82.14706662571477,93.7668316098723,60.28336652090017,38.672689377651196,65.75658380138383,49.347397452934125,82.15641383556272,63.82825452101026,81.2199752023994,73.04299395928727,66.30283227151894,84.00516799947107,92.68201078677048,76.87527716832868,91.140567535498,70.52313763547386,58.48976301065807,48.938376320972075,110.75394613224151,90.90688331136174,79.30992802054114,60.46939685037919,62.227242596839034,70.47366753170232,85.76164488049957,72.37341956761422,93.33477596961828,89.18315112882644,72.24547563815317,69.29366099106554,79.96970281775972,63.895851860853355,104.08642875742495,80.30197805550324,81.45425655790422,110.35461756417635,69.60977278251139,70.73812315930773,100.42412261633415,59.564524782512386,90.23881696445774,83.76397918480649,120.44737563903875,76.43479178684194,65.02544915713953,50.051969824576354,110.00387384522944,91.5362906296435,100.41984454652837,129.8011219670427,102.33715334458802,59.92421373628084,98.9196416457424,73.57220285726295,99.85260607743217,89.71932215191212,91.4215762949182,90.62734386433814,72.33130359911225,122.54524539506295,59.510287792707224,109.42658439777487,109.48901410283155,110.22191054472344,72.77219569845083,79.97528794174312,113.63811619624963,70.14793594998106,109.34691344032375,30.419376234199536,68.2505420992839,91.62723259239687,86.47590560605289,70.44347365003857,79.879677829899,70.20378753446181,99.88662987557461,69.28196211350094,62.27374810869438,81.40134971706101,79.9769207425998,94.75212170454625,111.02076002109881,79.64777552736837,90.08741375755449,70.21586202856484,90.14777261722261,90.2470388113412,69.78681915623552,99.18813897148655,70.11843784041712,109.99119196045079,101.0339177985065,99.52601345328107,110.27744037298447,39.3877092536713,100.386885923931,100.09971038203949,70.36997690510267,79.79053348657582,90.0096813912084,70.53806689828299,99.80504241879056,95.73477658630574,91.26888397728294,79.91251471534761,80.55132847931327,120.84343780291411,100.21697540325196,93.17765573932078,83.34760152417283,80.68083576152007,79.72005024400349,99.73100963678223,82.25010007765046,109.97610372455121,109.17361316816533,80.17714277689082,100.43037681950409,80.07988413267935,69.73093587641598,89.97380343116842,100.79280201017744,49.34615190591816,91.5428035266224,80.35643636951276,79.59831392171903,110.00090424147355,129.7088408805348,109.94522222998982,69.18091654932985,29.020052760854824,110.01779240358829,129.35436921017987,100.74932414839346,100.13257067448023,80.62636872493118,100.01744787520515,90.59470102236318,69.78676569380441,89.71049810414598,70.5924943494871,60.26588775893884,110.10973430498365,60.38274608818292,129.14303741689648,79.01962972161765,80.76081313475073,79.85456510988976,89.84432834500936,99.85037584804265,99.86996527846033,110.45031785128778,80.26101676219085,80.10551244129506,69.85746426121675,110.07423589765848,79.94302740999481,90.0902161821698,99.90517327508806,109.92772429961794,120.23749189442256,101.23123548054865,110.18181381439062,110.09373730906606,49.71587800288584,119.16742075223394,90.10353858828199,69.96322077063714,80.14161686848806,109.82747774704713,100.12151686018665,99.95476764738837,79.72574194070862,90.03810970564189,60.98605154415409,60.275393584167894,89.60616758891473,30.23101841722808,70.17225372734516,109.60929705697696,130.25829598496983,60.33999024397958,90.41463537368618,90.76052224107266,61.020397243501094,110.1214068972777,83.45365121451687,140.92586373399234,119.43859327529547,110.30881811042836,82.18758039348172,89.79985813148974,81.01352134760424,69.99961812463549,70.45141417808249,119.44883839194868,90.49383512636291,109.64240688385969,80.00455522679346,36.65331507524561,61.24924422222468,50.078196461582785,79.63137486664941,90.70410511438298,70.20361168492296,110.09824574395596,131.16017772485384,100.07665674062287,98.48446122842735,80.11104492754792,101.12314311423901,119.68883922809927,80.69814318392251,90.31191341087275,100.64960146891258,90.37742464712666,50.1965942178043,100.52152917519658,90.46521782539875,100.62369264602307,79.58832454771321,69.69136053005256,99.78318801004238,89.80084701216192,70.13961970323994,81.7679983945979,92.60839804044166,80.62840885423407,79.80041689284215,100.41341298775303,109.43619263065203,110.03728698789747,111.4519631238988,80.24140169309239,110.6059724566514,100.36247322585248,99.89011701192355,89.46890174690984,120.0246616535666,79.65758941855543,90.46112581288457,60.639632870780126,79.3769674454581,90.01042733827781,69.44625400496994,69.88082937421873,69.79845206725827,69.56321563888089,73.17880936537566,100.16968780879742,69.97312049993785,38.75914652936456,109.77185223198838,80.12673089587793,99.38922055694614,81.81714872027017,90.25919198730061,110.15737664877618,90.46133182335801,112.17661069114094,90.11832216438609,109.6640840961219,79.76315312959176,92.5483421053404,59.864699375985616,70.28646151418852,99.90903662947929,99.87519016143234,100.17069366079772,59.99039847677867,100.40114756814012,89.73610417847442,89.64411454683736,100.2185872855225,80.56191315004348,89.64909306017054,138.9129498778997,60.719377550824646,119.92141249518716,59.935252123403004,70.89138994535182,63.96264190895209,140.0351379161816,130.17612218531164,80.36441129179222,89.62879603786395,90.54817659209405,69.27116417884625,70.29449555825522,120.18833736870332,79.74056746752251,59.19131309080806,79.98062583375483,50.17188560965163,101.84896108680087,59.975289278587695,110.01854207928959,110.19445108120787,110.60474912956388,89.92190619748335,83.0200128566808,90.34822703105344,109.40079775260146,91.08699069388648,120.56605696870528,100.14696884622207,80.41542679366142,100.7424870019578,88.6693052549832,109.81068362774924,65.78531261945747,81.19335019059169,90.16299886816755,110.34761338836698,109.76572348092668,123.27098538736999,130.1944158309103,80.40293063711728,79.96263031273216,99.44058367337217,60.30127348989766,90.3415955855624,109.78247382796101,100.6164546517296,90.92677840598365,90.06700668462477,110.15733734946396,79.44364157183537,109.78050499557601,90.44659008311922,120.32893837509836,79.76384494495834,90.02370971428907,119.99640714872312,90.11010410441588,109.84212447616638,109.87756881801836,110.2030791462308,99.58213359744609,80.57010669226415,80.0722573884212,70.45469339607303,89.85794777294582,120.92521541525882,59.301112301615056,120.03771766125057,59.25956059233953,70.53573190285752,60.74830673598132,79.57701767652631,59.692887525162625,50.10996168304191,99.8781892262795,90.10114762760237,79.04428777961841,90.05723412831725,70.1810071852024,60.06931997262968,59.53977658930792,89.70402303955673,49.886887300811615,79.37985291926718,69.77210775174662,80.11584147300087,80.15579611835899,69.73394857739825,98.88772419938097,79.72345448468592,109.11965786107028,93.14942320719518,70.47118080776335,129.66598996533673,89.91278327657214,59.33813773660823,79.70404599374784,100.18136721750267,71.2363584356016,79.55878355812739,120.16074047693115,80.40858155229043,89.85333099501631,89.42160436140328,110.19364824014575,89.50013909014727,90.18344044267126,120.08095165383578,70.4343376659653,70.80587931224363,80.12893511045897,100.04943500449909,59.71846055446436,79.85090950826722,89.62977389871085,80.37471261991995,70.23798946264837,119.27041465389175,110.00564626177304,61.78878596540018,100.16808594416729,59.82846926776662,89.61243995601026,99.45161315257133,80.45260821763472,90.10653125520312,79.72257408068398,89.88489136512206,70.04865513711336,80.543131526133,110.14169512881129,60.362412225084995,70.0964936292257,119.86256500637361,80.01382706866193,130.51171802399375,80.03813278821244,110.25647809341443,109.57009968783962,109.8817488430598,79.89607516824188,59.160240227861195,120.59493314981081,89.98330594284919,69.90428442912166,90.75410036405123,59.76397538642211,100.08266758583231,76.33442077749852,100.67697364389282,50.38252673587104,70.43618953953049,109.76422677192869,109.54652444391144,89.83194921354719,69.9487034974543,80.90028089825918,79.91879036847352,79.98475776634915,80.52495848640399,69.83912395674474,110.15746785689056,110.19047850415244,109.48478004616855,100.20460254335484,93.52677758107328,69.48589472496334,80.52303508345153,90.48153651870626,89.54954832801931,59.72075372455808,148.94533203653305,74.86666088846313,119.72649568726425,110.08230461211484,80.24645909119246,110.63099790255622,99.4909126727163,129.8484972130651,49.32032213631394,89.59309644116354,79.59724003492104,110.28217407830842,89.52690123333028,120.37433006880893,60.59823211715593,99.4331335804066,50.24371496541851,90.07886618639893,109.06092897325559,100.39518090412632,80.41538358038805,92.59527596399981,91.10777169418141,100.14704799364009,59.9916857898745,69.83251005044507,90.51455217295047,60.66819724044261,59.40632217041087,60.353902283264304,79.76930712688433,89.83344718329958,69.86931572637381,60.40189208532728,70.07398216486443,89.76008063603769,89.36924875401162,100.2807569667689,122.34483897509507,99.85429595639688,100.32136054664049,69.89836115072747,75.80671791531503,90.45673751387605,99.56842978314485,60.80305478129261,70.07819104409208,89.74381603817716,120.84258484247052,120.11315106457879,100.08609300348677,69.93741792459602,130.21888731623395,90.04314434651191,69.89606472037002,119.76375838485802,79.97298880810001,109.94160305074463,79.78844220165907,79.5080986359102,105.44574547411041,130.50935412207085,123.63288384314262,60.436921617311334,110.15397287596386,99.43439909697153,90.46496204901422,90.06627580995678,65.78671591672872,59.73539085456294,90.12684584709837,70.49156040592813,100.0530521842208,69.68423500260192,100.12905016979043,100.49401855602952,139.53894487308088,99.47411467672214,89.78025365827307,100.42518773882756,109.70164804646876,59.44121498519372,89.59451642053249,130.72245137378133,140.1919128208492,99.26801947536,79.57978467628065,60.26825474073493,80.59756813103293,119.83138789816917,61.12039645604212,100.09445032688323,80.42924249412343,100.60327264509874,110.30352508468093,89.85609492293239,70.52732094704078,69.93055434281526,81.13303019006025,89.96112455205673,100.2579267207627,100.39411714407706,59.23712162493326,80.60765284060207,76.01982741410129,69.77087732651266,109.46087812859484,120.16965105870673,119.71803794242152,82.43366080800193,89.49879870977159,80.09466811864475,49.58752683963843,100.03497909774518,129.69520760266047,45.458496857539195,99.93417376527358,99.48342326899771,70.37617315935404,119.4671078002014,120.65602408118423,49.8989405139395,79.83588915863663,90.63789097378947,109.59754929678972,89.60368265308855,99.99577097573128,79.35276163818594,80.48617101897484,80.35171979612716,99.66502526555837,109.24442758534195,89.92749448964263,89.34241730070381,120.41712161035167,110.3895336446437,99.48065466265322,89.57624267321474,80.1464535948149,89.88671958154795,79.34268615206223,89.37721519729077,70.26531095802251,60.41797708781437,80.35713911346718,40.12485799008673,89.72821088599989,109.48144112022767,70.19965410857642,99.77192885053988,110.15990895144316,79.7655952294603,129.0875169496122,100.2111546027261,96.22255049254979,59.72898249890222,131.2766645696243,89.97509965086853,60.807220885290285,110.34349715629853,99.80892293790251,90.0733593014971,79.86178075536509,70.34511586074477,94.025448174502,90.5945744535532,60.48915096045534,110.16829728492705,89.61366288031375,100.99473148578636,99.21467370301504,80.34146346175336,80.72981937629612,91.58727425643863,80.2014555390409,90.80188292623566,69.39875734701393,100.12963380822993,79.72232849050047,60.098264733148774,99.75426447939975,70.23901270036596,90.51853287605725,120.45653809045713,90.55716925808328,80.01105510019548,72.05135565295396,49.805126285490154,79.95624179260608,119.54186923485747,80.70076704166648,89.4623393169651,100.00034697215845,79.74214422133139,90.62875532202054,88.65033724669915,140.71298924275874,79.74534161819946,70.26777330986855,69.56079608873664,110.20756771297873,64.75424784806145,109.92395222258537,89.4953458188961,90.32950329549926,129.73632980638675,99.39374584869554,89.96343693878572,109.48453012043825,79.34618870885515,60.35335666042149,70.67396327165775,48.90204380041747,59.24334552887139,80.38619825381154,110.10859952023155,108.8229382066273,131.47745271553487,69.5186626190228,89.70075700937875,120.66271260817946,99.61502310706787,80.38494317182456,79.97008406995857,79.91095082102214,130.25534076376175,119.85301065239997,79.59691160482367,29.988807263346118,79.8425941901573,119.55605733254322,109.88972464769343,61.69631429835164,89.92715654660155,70.20742812395231,60.416369814181216,100.8315758767731,49.707545584448155,49.3465570479811,120.21019385098755,79.37469818528191,69.40638937480955,70.11509266244246,60.2748209284054,71.10905722100101,80.17765353347329,99.38300854044955,99.63604892596905,89.57096182558107,89.88899258273254,80.0798101571277,99.55028198166991,89.60523060205236,100.08352919736119,89.47952620501925,89.65486877649512,130.06791539831755,49.74741308591397,109.7477654714825,69.66999585402118,99.39294687176637,104.14509572510502,59.92787489910121,120.04273482563512,80.097866289909,60.08026512501277,109.82416847103502,79.72554567047712,79.1585958835639,69.30268674692104,69.96560077738019,99.54881668429141,50.08126549351077,90.10200465917477,93.19967356724851,90.14225969038209,99.38400143747663,89.77102139341504,99.59100536178934,60.276129609908644,89.5588198662861,69.53298618447194,89.66621218941543,79.73685311763248,69.86038729779328,69.45364961062076,90.5174357664236,80.78716314567808,100.43171354294289,110.4976059213217,80.40450143360927,79.98629056420089,99.87238290813104,80.15745119289109,99.6555513746485,99.81309076184509,140.2270245611959,69.6618589278263,89.34890622147907,50.30022554582242,79.33058903627138,99.68834702634932,90.81869703285862,90.38400552517275,110.10653016675428,79.46995439150128,100.0011503415872,69.96752466405614,60.17092066725499,129.48358881822938,79.74963393721505,80.36134136693843,59.944310490564874,120.11265890995564,110.13903022735578,77.11928443116467,100.3956077271656,100.22547857144593,70.62809477336073,80.59239758386268,109.57496603419486,72.81190026077681,100.24531332239,99.9162949642599,99.89061559107112,109.92653749345635,89.77054370822526,109.29253008245685,79.608476756754,70.2146997005937,69.91917033326828,99.97402985266349,69.6655710351154,109.86681073129161,80.82050661454664,89.66704619246357,79.75939492348617,90.83657376457347,100.27010910038192,89.79487181417642,50.87195148001965,70.42193784094913,100.65126710837455,69.4938764281064,120.39451134264776,89.72625832509964,54.0965059687086,79.73773082438437,89.8640841030256,119.48561678989408,80.05204523395275,69.60046895366223,99.94955677965024,80.19264909946652,89.91633274732925,90.43840872750177,69.53174356721789,69.10500019825616,99.61086046943996,89.72972257917766,99.51054850528512,80.24714485822794,111.15353936659554,99.51671188409983,60.25586625999423,59.72329846505326,100.60879045933152,119.53240408955605,129.59666318027294,120.70885564566487,100.06985649458082,70.1372742710063,69.98676200437939,120.02856961391024,93.8832682500498,100.02118838062812,111.00719386486934,79.90992043748534,79.76963626566851,90.17618384745047,109.11800680508448,89.58814699398215,49.872826635526344,89.81680614565221,100.03667233560398,79.11755542191594,49.64453999273129,50.272542651112865,80.14153575463301,80.0211622177331,80.38539112445177,90.09642167639572,80.1729473884605,90.75447604201341,90.5738854191124,90.27460127365647,99.82105706501187,110.4013999852101,89.94470185931058,69.37817846626461,79.75748799992027,29.385057829650187,79.7801082475706,70.84808673725573,100.94535062276462,80.20213449394774,79.65753645695017,90.36727648410366,79.85121228018905,79.29852287821127,109.31585279177138,90.71907469792626,49.449889768256696,122.20617210964197,79.7517074906657,89.8799663109884,119.73992050129816,100.28504707133065,80.0146737892268,79.76325467674833,100.12502054119258,99.59761727651777,130.74429427484026,90.56528736857906,109.6601160261674,38.84589392937105,99.81155651553453,109.84125892612454,79.23791305240503,119.93826349044353,80.32800831451611,89.93128882393714,110.23659451404417,119.80314462064074,80.16142815117402,100.16961128385387,140.26161205185198,105.78847607533686,40.39777242060126,70.61773404124696,109.6917763468674,89.28613690579753,110.14366870460715,89.67783593286917,89.19389634426611,79.93228027266642,99.52724184205395,109.83214878960591,120.00720133890923,89.77788817119348,69.33703454787293,110.54385500981557,130.17121148994892,89.23800397360411,89.45630596916786,120.07947410209957,60.66476878071695,89.89512369661267,93.28171031875843,109.87279049438084,114.14999501008889,109.90959403622054,85.6477036437763,89.57364446334573,89.29025427122548,91.1027666739767,100.18200360879874,70.18646592607746,60.388371734101845,60.30167936804644,90.66188753025119,79.1546091748597,79.58103382884786,80.85926542494055,89.35937877107195,70.1032338851813,119.33694963107467,109.78407116102365,109.70250779917444,90.06716044527492,60.06041174727748,89.63683751035407,90.05852082805222,90.1154330313662,99.78388543219423,79.72940573912403,109.67529388688178,69.66202369073922,80.40833521493443,80.78048454051257,99.44168010547642,90.23867458934197,109.97100566882212,82.87705416353116,79.92847540076083,100.10897928285472,119.9243650728849,80.87689677132205,90.00993374383987,59.995683238292045,70.38265900179553,79.72414544816864,89.90561139088894,89.6529310389698,100.1612845812152,100.04262118382833,63.14999813145121,69.58912037447517,89.97286225167267,80.41186029017777,60.125255294942306,80.53664336576026,69.52664640522238,90.21908043775674,109.32200286421617,90.187684864152,89.61997359225145,100.0523214582593,90.70128846153726,91.44870363313328,99.66331221965517,120.2143895124186,99.91853302330317,90.30511479644014,119.87190184819733,120.04752106012204,99.71427447941241,70.8442371894064,79.86324862946188,97.07556750524118,100.90753589763769,70.45656518996454,149.59775369521302,70.74051250114071,99.79260516782563,80.1683647869691,59.96730821677947,89.98997974775864,120.33148955852012,99.25307404408866,60.74543458576759,70.1635348608462,100.22324271269248,69.70606475787397,79.28014322511379,100.22098196931844,100.46576398576136,69.58802508468877,70.4389488018215,62.468302540555385,119.56522717027237,109.42805283157587,130.1952965356519,90.2923763818501,98.91662243831703,130.02103315143282,60.104157271727985,70.00010218941877,99.81339722131278,99.92938885132276,90.46151743514345,100.39507129222412,90.23753840649668,90.0790469924596,100.20325119596274,93.368718657978,80.15436541431718,90.1762083681224,74.4485912238469,79.47371862227146,79.7085474431637,89.48636662835908,109.92309267592618,109.72022829551256,79.5745185170423,139.83350965497473,100.08700069424128,119.91654210644808,119.5260231665867,50.34129705549171,101.56002144322613,89.7947559255719,89.94103228225667,40.24577078852326,130.1021046413546,109.96513256992627,59.929023652827354,99.82793753247716,69.866577699888,120.49503834442335,80.06555258339156,99.68846602543277,100.23262903600902,64.2239628715365,109.47495320031062,100.17200420319932,90.26312822812584,110.20270592426989,100.16560346998016,59.64304494991413,89.62846903676429,80.03674796125509,89.97358039812484,90.08593499308981,59.68655014978657,120.46904787555275,79.38693461049161,109.78203280012941,69.24274087348874,110.36731279353805,50.195353926764824,80.41116872566217,110.57767199151986,59.246166181976946,90.66578902238265,129.22459977076028,80.00617005174391,129.7881505254357,59.727450720610264,129.1057297530605,40.391203807474625,49.52041671646875,79.24158270818835,69.61085027384243,80.85458533515329,80.0889913436505,60.45745479826528,57.30922707166307,69.80579496383308,69.48029427439542,100.2865304189452,110.6255213712513,89.11706064835417,123.1922446663062,110.50709356343489,99.31120648732411,69.52963877326505,69.84077743793503,90.57364051541731,70.1996222948985,110.0436948958384,89.56749004104927,79.96922747339897,90.48037131085263,79.97858395793914,69.66983767698547,90.78338950616701,68.24163573635603,110.2275054310867,89.78167798437923,90.00285786253818,109.57155019289662,79.26514088795237,92.5426005729018,80.13020463866518,39.580015674983436,59.43580271649465,39.19367636874169,90.7619820108344,89.76597626614682,79.61049483105842,99.31912465313351,129.77640690716495,89.96515804488183,69.57005430205143,89.55232411076575,69.90063711117035,90.31778435834893,90.18125059182803,79.8230173777361,130.12556001116388,129.9559738783843,50.32098871963044,120.53197083160464,109.82931262861692,70.0258592286558,70.11484681334838,80.6254106439045,79.5619875536103,93.70596440514312,90.2797151648146,49.70306977766196,91.44649020997288,110.00677936426742,80.27988879185915,100.43536463216384,89.94507254176213,109.76296364203905,80.062216324808,99.146008047477,130.2711988600704,120.07197802289062,80.43466947540072,119.49388549215894,79.25832362163835,61.01619132131868,89.83494535029088,89.30873204973776,70.18542358661482,99.80626255277367,60.36702225448871,89.85279078594235,81.16586790661107,90.6029276332546,109.77025288673156,90.77407484229023,100.03755249834272,89.64858172453404,90.84457903272666,90.92661654131209,110.13964350032892,89.72673701178779,69.91780888630389,70.19673113272142,90.33073238793068,70.03478545002872,59.953376686782455,90.05593248537738,129.36370401186477,70.42986317003992,89.8398707519548,111.68653072003643,100.01335251150151,50.51754103663277,110.02924987539282,69.2299040410205,70.11660157959179,89.90261251969964,99.44329537886999,79.25290463808726,80.33455195325242,99.72606894851626,79.8387637139162,100.56276371971784,76.45593476435867,60.1178662558722,70.1838259241965,109.98178784671877,101.77012391999382,99.3039714592153,119.60296261119166,149.9050899133425,89.92327078642377,69.30294121355774,60.602942793210154,49.09694851919312,89.22811265995267,90.54010830080817,121.02459037135803,120.09262514429189,99.81997510336892,70.11600991279937,89.83498417822302,100.58980228211003,100.07614114891912,100.09507546002503,89.95958399506956,79.93118903793449,109.66742987585397,90.15081673801217,109.40143116057037,99.67865812771156,109.56733197460522,69.6261700769031,100.00769612531961,89.509180804628,100.0259024623584,60.72503263981787,110.15605821232012,100.17539080322601,69.5086931516826,89.63052927455747,99.60234546212614,89.97748997463707,80.1498183993554,89.33364632169284,80.41398534680627,69.86913729812257,80.58600987801508,79.50080516738329,80.02537736950863,60.13964770244269,110.03230390949294,78.90213242397166,110.45424705471854,50.98025585740307,100.27480522514387,99.34613626552192,110.67283847995692,79.31405659250412,60.01138987962563,90.47183226040363,69.71014085759244,70.54128109634443,79.50630822979417,110.21848417838396,81.2824990248935,119.5910356192937,100.73497651198346,109.85519590711135,109.84643622317064,100.13587383178026,99.98558961824692,109.78224548391889,90.75102902701222,89.89336099228673,99.66708631961998,69.61553726351102,105.75462846974004,90.14325148063276,69.0137231313776,89.34829052760806,60.35602427010086,109.47601525094706,90.09746796997558,60.084999179977686,90.0426032402658,40.77475045372806,109.59874651068762,99.5884986365389,140.20254917105044,90.088800860541,99.67411519262384,80.30799274317235,88.95410460017965,89.38522357292099,90.4751816523664,130.19896207790083,39.71240943183979,79.71925168318477,110.26216456259827,80.95660594440105,79.34853790178231,80.30105343967881,100.99795520619475,109.7067874379806,90.8340453505963,101.0489759442295,110.53040722828774,90.04934738013272,80.42303544553754,120.20744819959319,100.55627593773103,59.69549018979453,69.77145493822051,90.24526803645871,70.40963765478328,80.05884448728776,89.79609780972665,110.03275618991742,80.21037631889283,80.05496654639747,109.7474560692946,69.864285307567,70.09730259642632,79.78762518297667,99.74436280973205,110.33389416168355,39.312964241965936,99.66879845105329,89.88309530987438,79.99992703304065,99.42304110126585,90.27975207404816,80.3268795666042,80.23345416845373,110.36576639366692,90.52675625511458,110.15623018224667,69.69206065096941,90.6898392119582,65.62812068140718,119.88845197312648,40.497954236779165,89.35806523325179,89.69853762167133,90.58287685882942,100.32094426861775,100.28916576536388,100.0392332090253,90.53917607732704,80.8536292550548,129.79075873494364,130.23439832026745,90.20545994267616,70.4790204035499,80.55214778444449,99.42925265414677,80.02095991355793,99.4126051754862,110.07391928774622,86.96878641841461,79.6243651073626,79.76610293779366,109.24578592412306,79.86125863590168,100.35320948019861,60.07987257006957,79.60912952722553,90.66990465302163,130.22617526849427,70.3289694461506,69.534982495438,110.37300080360004,90.79875314617495,39.46588653786653,129.97258828582844,89.57298585829875,39.48277402385553,92.28746054061264,110.38353538418131,99.83158734869252,119.98558861547437,100.5735489608889,139.92987338037824,60.28848036689538,100.41183808412265,69.76649117194873,69.67153395550343,80.73398804903763,89.73477911209321,79.820252976867,89.82686971957283,79.44911952343584,108.7335220148523,119.76890698581967,129.9276790116459,110.57249112447936,129.95649571503262,70.49154284599516,91.17374721902937,80.00631581370985,79.26902451523847,129.66151954037,89.78049865373976,79.76672730862094,129.96706544955083,110.18489553325671,59.530869246979435,90.42947754003882,110.23778018290179,110.36100629350118,90.11675324354869,89.83671941660508,109.91870549447994,69.9075153316434,99.93111250830083,75.7601370140798,119.62917480183734,130.03974283885265,99.56403413755305,96.49114600917423,90.67715972902454,70.06124217206576,90.11228992592419,59.502030730168855,79.63263268203848,100.25553026002108,79.89329709574916,97.77436521052982,69.47021080183164,100.1586885853636,70.14839167495622,89.77484138147841,129.992914646462,80.0256345380948,109.97852766444673,70.77034337728419,109.44565750268045,50.487131322042856,39.72065025089871,81.42332144909903,119.42419573068791,110.76225748243,70.53010726614978,49.39577233217452,90.61506587799937,69.60803550314478,100.32101156926169,80.48999489807845,89.48152833142726,70.26813977563614,79.93813541562733,90.58437895465063,80.22795411374358,99.47684286885966,89.7630261885317,120.2139763501753,80.24405773787764,89.73024101936403,80.95637519435999,69.73474647558537,69.76348926282115,80.48664635080752,80.33588852553952,79.23252913197751,69.77908606801093,70.18289229765772,89.72008448174857,59.894793119811126,109.50094766553718,39.89655020361468,140.06235680551293,49.89227354809338,119.9517294344454,100.66683062367656,90.30384411743695,130.55661298952518,99.76919472642948,90.96143988068907,49.89643539629577,80.55380063645497,80.68998430438938,120.809099498179,90.43624456856865,90.06139938672233,69.90791230234419,81.26799646322984,90.28557122527911,50.2422237464462,90.44816636947127,89.75834081945652,109.94560934896946,70.14587204618483,40.04250027976468,100.56990995787682,120.25501800270325,109.87822606047646,80.18478109096705,120.40209013093407,51.58960713750702,80.11258372359757,80.96566207617893,92.42449103113161,50.376054737335195,110.26081701457782,140.7957464932893,120.42161446354453,79.15093603673681,89.78701459814502,110.37177389864463,90.2371366433734,78.89542558267684,109.97385031451762,60.522561463852796,89.6635667151838,70.76567118079439,139.69193654752218,150.72001852004547,50.324200971878746,59.54896895428003,80.1807543369665,79.44007236993917,109.87379379337237,119.86170688966403,80.03210310880766,49.80020960301173,80.13379353691944,60.62928059001121,50.15226595905464,61.231233219200895,100.61488575854632,89.51202328468696,38.59869283316345,90.01269542222232,89.02341285721661,99.22965194205044,70.01300367974592,99.75465305033676,110.56095169033452,90.29337463359573,110.7222936948642,69.5026442209729,99.53745947295931,80.10054438859257,129.6352632478348,60.30369680752099,90.45920870655831,59.83140884000464,90.1352441785734,109.52443815273585,110.4880178267195,80.38169705394571,70.03747486073007,59.91085852644695,79.94456358212035,109.65548684205012,77.5456809840834,119.66742458001066,69.95701943904737,99.84663323139944,89.81792032221922,90.2966145311311,110.57433783139615,79.70253646434983,109.835164755336,89.59041430995573,89.62318686937559,90.18627183698172,99.62683231458742,59.23504998796673,110.03358312289808,80.95250780581544,110.09784088363364,99.40684599391453,79.81696317838399,70.00944997917733,99.40927389556555,112.07899319999274,100.1803837247031,80.07463282861919,119.360799080704,99.4378059100685,69.6599763294482,160.15192526014764,129.56385849737032,89.62925651194354,79.77388843984534,69.46850917747237,89.76555746740235,99.80883920302769,79.41519128784839,49.761882001464734,90.13765030317343,120.36624137674843,80.05612036694531,69.58028977105117,76.41279243297186,90.0616467620949,129.39912285773116,110.31544220250912,59.7193377183956,90.13588675464844,89.84265836621546,140.35985305132675,100.34134785243793,90.16670043260225,109.72820320162275,59.42436296833134,100.16382375678722,49.2731213086908,99.85880745902365,70.8182169678774,110.35866361488576,60.19881017805304,89.72747856678514,89.32521331629742,60.412209546322934,49.833322053660176,90.41604139665976,80.01804604484543,82.05154758264037,99.72360547120277,77.96881252936707,91.05857561112322,99.95947010103214,90.25339920653754,110.07281464782885,90.42618423231603,130.27768781592556,69.6799311591298,83.76533332666352,80.92065483111882,73.13009665492935,120.56658949933701,79.75486477874007,99.73112810798308,69.73054728869515,89.70404760260841,99.88322238146347,65.12132024343846,79.98434557948697,90.74098313787228,49.855454036288876,89.53454007485581,89.62565765438984,110.57043649345357,97.01933411321824,109.78740826237058,80.68697707456518,110.35522673155782,59.8468631307067,79.4955634607642,90.07931671305155,70.40189391337316,110.10354892205481,79.31603299054284,69.0790214238536,70.86367637997562,130.3176545858119,58.9791613897832,120.19168181184162,89.98903653716614,89.33576137788364,80.72691858819478,119.27645997526602,119.7041058993195,70.51147356948992,39.740830171700004,49.81264750694628,95.06133344443136,89.34433697184444,120.63609017830191,69.70622780477538,79.40378700720805,80.20243801855727,100.14910796373117,62.676256439469,99.22639587133541,119.64943153778768,109.89519982768667,69.77788698185464,89.81278443583061,130.5844668966572,70.06772407879089,79.54067934955609,69.97290877936703,79.88512491035438,109.78300542090186,98.86153188046823,99.58170734939353,89.51844512009923,70.03091744697866,92.25123942288153,70.0091672206622,79.60993886064698,99.55490766235815,110.27972720072653,89.40752441196284,79.86397670126897,100.11377327065577,119.41552575376927,80.58390886381453,79.94071598322846,99.49987111983559,100.17982801857248,49.64497722921374,99.83873274417122,70.16963859441668,69.77299796266766,100.1255484932595,123.327037726514,110.84687752878222,90.06839934743097,130.06722851154987,110.00827374809877,90.26624020451689,102.5398058846304,73.86085396118341,89.40795126107162,85.03627426144817,100.80827717786245,130.28006664577416,89.54504209194015,109.62402550513775,99.8778714036393,90.03710347902967,70.05709269066196,92.68113770539576,90.26715720151664,89.27053901631659,79.15904387471133,59.686220920107914,86.93702504765346,89.8452354869396,49.733752609398685,99.75223884215298,109.85013306488537,109.92946096951889,89.79881670027154,89.22399033942138,89.92836371995739,59.47242897656716,85.40551540557964,109.54602801612832,29.432925201565766,60.59504140953589,109.84144681950377,60.29705024455931,69.65338713971376,50.46994233718079,100.77862686614492,109.72543802515243,60.001783740339306,58.8776017018562,50.547287874242116,80.09954235443152,89.64843352769711,79.24912543839253,110.19509908362592,80.10957322185048,79.92111132435248,80.3406833068059,70.52402401280668,69.89994854673152,90.21262809901778,39.150581300756414,80.04873155155954,116.17915311991361,59.789550772429635,119.78241451708335,90.00114313906377,109.82165876533873,70.32444297889302,69.54382909800749,70.16117453582747,89.91544413520957,100.19163562344224,80.36621358528848,81.49944586198883,49.25660590795851,130.56592099665707,59.19587683444621,89.35484568558743,79.68487602283693,89.27608462264796,90.39837657428531,70.73622090251571,89.09680331422928,98.81390090773873,104.08338020897025,90.60853787808972,89.39951942193086,80.31425838719724,110.25178274138935,99.98005387104243,99.54990865726431,109.98500191560744,110.37041409641134,99.73606571631514,109.5575511024743,60.34549446344929,79.24345785709984,109.62868797727097,109.914504742485,99.95507482885847,79.82666974971764,70.32716061734489,59.280624650928736,99.3949648899386,110.0296187651032,130.25425339710614,70.55083931908061,110.24792166130585,110.11285245476003,59.890528922652216,69.58062032199007,79.29297013495693,110.20660119476945,149.66984459794318,110.81943030962476,100.387244274077,80.12938234757178,129.72390531710454,60.06659165703469,119.94064121170351,89.52730917070177,110.84684037518419,89.96082013407946,90.94150533883196,90.42532386935669,50.43896655341208,109.87164751031017,70.25031999133866,99.64805229686027,90.66122217529909,99.44010629422093,69.405492525025,100.63546047933927,109.91559866425486,129.5912917652269,99.81495095076076,60.24900197341994,69.60349304357268,69.72858934894596,80.56588142868111,99.6185180805345,63.5201293714788,80.07393483010543,105.83461381707238,70.2031254791461,59.180300625000754,79.69164578674805,70.22958227322081,99.93822758114901,99.4510060236379,80.15437101079297,100.4585416046113,90.47664117987597,79.17334099829381,120.03623700443025,89.85303109430309,70.46265161299348,79.73562690384053,50.06858212361036,109.84326330680744,90.47071093767873,99.98883856900979,59.59786435413874,70.15975433542066,69.83872375249983,79.22302099834648,119.19747706507138,79.74344881653121,120.47955737557022,79.52134778692128,119.23130171049071,130.28896211665153,99.62750322175624,109.59906085997785,129.99489472021074,60.27924956179508,109.88113786503521,99.97872404561822,89.88846802831686,89.89912805098983,90.33704103099406,90.1738205247388,80.26274936280326,90.71132296773179,80.19797407325356,77.1467063711333,60.74292929294736,70.1837304230682,99.65110629403625,69.95868784147173,99.81310500770172,80.03372476298395,90.45957963154763,129.87634464386483,140.96630346261384,109.94582413204041,60.39067284850377,109.40527110177223,61.13792402175003,70.00722358547074,50.139712117614145,90.38169765521836,100.20682083529297,100.49750873191473,120.14397714711032,59.656694446355814,110.52493295822259,93.33038794403583,129.89753837387946,90.77729643306685,119.29757303484753,80.13456764129478,40.10009093731639,100.43352744829494,110.35767081741798,90.29514864937869,102.86505055291269,80.00665382715819,80.0486970408328,69.94002569175275,76.45034916205616,80.07295567152075,113.02215799075086,60.65140211972991,79.42230869279008,80.06810196486948,90.34707692769588,70.30754157309251,69.80541386377868,89.60762400878939,100.45967516830336,82.98887088522342,69.95241438393768,129.82061329963813,60.338280966435434,100.39331692641451,109.86664848958259,130.4707593637022,69.78068685002044,79.9396922987483,119.47254324960058,109.59682124757053,100.42244992068422,80.31211967764533,91.06916434660577,89.82535386412032,80.01482345704723,70.28904888982589,109.69443708749495,50.62768538691504,99.96259008546967,70.18712030637887,109.45658883767067,79.57157161621303,109.32286924456471,59.78410745405458,79.7975010654172,89.62101226007877,89.54839849764953,129.54466927286646,79.56858734126111,111.03014222816492,120.49546951317758,69.85781385056433,80.35754938594688,90.04344108226921,90.01471771387958,100.25934002534947,109.78549986569597,94.22903151103506,79.94973944998212,70.129515349236,89.74436756211583,109.57344953731221,90.15540535444735,70.03569298643207,70.16833015740617,80.21576693076533,49.59304823904648,89.80586899234586,109.61854778259843,109.57293239372497,99.67018206820194,79.97539379217018,120.6284539112721,110.53440757020194,91.62503846942676,109.79220938818865,79.86277517800195,78.02102151816467,109.60534533847103,90.24995767887282,91.6550617841621,110.04922750134445,110.79064711363871,70.06516149646805,90.62257837749797,70.69854776999215,89.97753595171768,90.22246550146458,79.32703354598799,80.35095748157252,79.52924088456706,129.83637181055707,109.53473226122819,119.08453271580716,59.69908445671917,110.25362940219343,100.0016934478969,70.35417142403992,90.06115829014391,90.15429836430222,90.09137842690052,69.39940879723166,120.503321180633,130.3613579147681,100.16517007427632,80.26801072409592,79.81666556933173,100.29622430706448,119.58338995538546,80.59126108646748,89.7674006117207,70.18144832082912,79.40805023339034,90.72587097301117,89.75992946256423,90.35337184850201,89.29580851933532,60.453518553533144,60.25029429670555,110.40539325913885,90.40866081168946,84.79088213263299,59.25816406788166,39.58831629650447,89.8758414159989,109.6848952589666,102.29861605504162,99.32925085849229,99.62527348007548,90.28001971364213,70.2190569451171,70.27988612818471,129.59434878063158,100.5559225482961,59.74816592984449,89.97682002885098,89.85956333006439,80.39395405610598,79.56104178444772,100.1307026629083,100.15538360571074,39.76448416589904,80.0457425248782,90.38810665606198,108.92947349198292,60.222988567576074,70.2046940971039,59.82838272407201,50.0470926959148,109.68701782578177,89.48981528680255,90.23324202451971,120.44569934405219,110.04850834554813,110.25306581104165,81.03575943709149,69.68588664383807,90.72964065906653,70.62726090607077,69.67501344854654,90.08751427311957,69.76584644548964,109.62627442142217,80.09164060035228,89.44260796203814,69.37455834269822,30.90978707902578,49.6073745641515,78.78367423736722,90.01823149811013,109.93111185793317,99.43617128523111,80.4032627135279,69.51985216603241,69.9901551441267,89.90274682420213,90.40420952703425,90.58656970659156,69.3670873501888,100.22536052010987,29.90528129067289,90.3004157148535,89.61586128887868,99.75756679842057,139.86559924225418,80.1221074476776,90.6787205428811,74.18399105576118,71.83659032717478,119.22621737059137,79.62287866685406,110.5273249124267,79.87289078003231,95.56249562558645,79.94206936962901,90.20113788945841,89.90743591449919,99.69925520071317,110.31674680958352,69.1796866793529,71.29957887897523,90.26897469863245,90.6962498221257,90.04610719444389,90.58341723524306,109.64443949438125,99.42011535031514,70.29989689168032,79.57688064863468,129.88116879285135,109.34226444702249,80.5724193808831,60.05671617069676,90.54132485842166,91.04592995768058,119.5069520575166,69.97570152865542,89.43569776833496,98.801977489052,70.39415060875254,69.24845346626296,80.11453991952253,50.612178497832275,59.29919455230732,129.45146751117858,89.71328121595083,89.99551223857385,54.27243313184882,99.83307972072885,109.95525102616763,99.4876912233314,81.16319722889219,59.7786492429532,110.25048654709538,50.254579619603675,120.74222633075016,59.58551493568747,109.7273718241485,100.07159024988736,70.49357287503183,79.58994255496007,70.41401597996573,100.30239409044687,100.42887675009925,99.8550847566836,80.14603776292789,110.64001740435188,90.07102224077336,69.88418865080267,119.89412791528683,70.30898051076556,99.59504867950531,109.68876845506595,59.57186037468973,69.349450795545,121.04331686523857,99.94764207515885,90.06503537918998,79.88245548120662,89.57039141771732,69.87257913490208,61.08350774075174,90.29455859521897,79.75716446607123,89.52684885264077,60.11325938012754,131.04989388122968,70.33259700195522,99.67453578771179,89.39202972106008,110.3600383736059,99.69505185648022,89.56556319460032,80.01050606630915,90.04943096636006,90.0580827567717,70.5157560634022,100.10922687194744,62.269268747457225,91.11351305185387,90.04190027551553,100.32415486164732,69.78138339156857,99.70930045463405,81.29146159638161,90.00649454517948,68.90254321066271,69.73277878456611,110.64024032651446,80.73595153567301,69.7844008139734,119.82439131599936,99.83913664487957,70.55967825471566,49.605046661969105,59.85730369608819,60.58419100702814,119.90232485453815,129.79363062124133,90.60472172076558,79.84369992311781,80.16052724865864,90.20986159440909,89.67558396451669,60.22875972996416,109.64468563751637,109.99507075624473,60.31295679970638,80.39849235999681,60.0140246235869,101.03975071946421,51.381038907458326,89.58798032409345,49.34876209519922,76.70910952419645,90.50498690072449,120.67097705819188,69.7611803017771,100.58796118654556,89.7565594423017,119.73462030853752,120.30297679540253,79.98091606895471,89.95788163744922,70.88298811363902,104.05616509063202,80.14692331092887,110.16236015353597,79.75313121409796,100.03968745551293,60.000918347050494,81.8795263498869,79.51074361254952,90.51768675207454,89.53062010244075,110.91627287286113,89.24768206615039,119.57993829464665,99.15957530235802,90.02342182227932,90.17226556229748,120.06950396115191,79.90956167919396,89.31858035163256,69.94254695884274,99.70847566230493,99.84187192382308,79.78464284513657,119.26866185417771,59.23037564655608,109.87400572357934,69.89013887844641,69.89751553003201,110.06770498923926,100.50109146194646,154.42934780764517,109.21569695704623,69.4996097640256,90.31200205338321,70.2760593575822,110.12059982405286,80.29766931658708,70.91714015526289,103.93640853178624,59.89162222037171,130.43740185318924,80.19171436194794,119.61632007167499,89.70095177212337,89.89126264669545,70.7200017430193,100.54335820649179,69.5066197448551,110.36922763617106,130.09676183217724,90.46954889953416,70.99181771640683,50.46350676497287,100.09964055830362,69.91446304193836,80.13162579702922,100.08073828975661,100.69805535775411,80.72586575637486,129.59743566660242,90.08927591547835,63.25802789334844,110.51088653986076,93.22466870830621,99.6597855362384,100.64096741530994,59.20246884604557,80.5355701083468,120.33835215154977,129.9072155745054,119.89337019041353,110.33313461471377,100.25277207368214,70.00357059856753,110.09469061987454,60.59554354742576,71.3964332258533,70.24715648362496,93.3549219328069,90.37686122180945,90.27367065283966,103.52688637913472,90.49747404805383,80.56600906631517,80.47656609712747,79.93803822311656,99.87134830102733,98.83809477806233,110.32721451690847,79.79662147013646,119.27717923615704,100.14333074983907,90.3470979187057,80.34667350362487,90.24470268978047,99.78655239406963,90.10819311801461,89.29719131657616,60.489947544086085,80.31073114874967,69.4543772270965,99.53440813774436,109.76897262593454,124.69280171161618,99.63523062079688,69.90792958716214,90.37482256106355,109.72965850015635,62.63273697378423,69.51695750653359,59.74135971478033,60.286124302941246,79.86327966706297,90.02650398367561,79.97075283765328,111.16711290966046,80.0144221701734,90.13275271675657,70.25240252734963,79.32376763065308,75.69497680398071,110.40952604539892,70.16268121423147,50.07165592403154,100.46638122583707,99.84327570461659,120.52466944029885,100.44209542821434,89.72035534641289,39.52534732009781,100.05617072106364,120.37235527859016,69.76715744089648,119.81368248362209,90.14425609885356,89.75908431688512,79.47941717887034,120.07262994877313,119.70186921465952,120.08894839861838,89.94204664675551,90.10431248740782,60.4215751955507,99.84910876626904,110.12500419093121,90.12569456196769,60.48163063419427,70.0974682961238,100.30559491152549,79.8252545752225,80.01222762803252,40.99732032243869,89.81526200096656,120.83623709782037,89.63041697197569,114.66062109502496,49.605207729220915,99.29275114436848,89.73452922086332,80.04685099436703,70.24295511226117,90.18291491269859,110.28849283272544,80.11299782484213,60.17843445899974,80.24199153754749,90.14298812757548,90.86440821571905,120.25670941265625,89.97939923067608,79.99761642248592,90.29464814346301,90.72273359183072,111.9968378191902,89.63865592428918,90.49978764390835,70.04145316582392,89.97975906146299,59.64627797945935,120.35763581951407,110.42708903158874,120.96203926556855,89.81183130175468,140.13378145053645,60.113757888140036,99.92334401331645,99.59027135839986,69.97642463038164,99.92731216222307,79.87063180713777,99.31341405480563,88.70112965637372,80.01426925822165,109.78803467350694,100.39710154526274,70.04330186671302,92.8846267977736,109.91122283019922,140.32436103001467,129.2160219055534,101.10256649277575,110.44209371496042,130.61835650903254,109.88401940173019,110.05609938330298,129.68676871230153,109.79675696070403,80.09376972588369,90.3420939430886,90.29901305795822,96.12567094435632,120.17052508914261,116.87393096361208,110.17779042119224,80.43597792357106,49.999821570887526,89.82970238081334,70.54931265169334,100.73353162308999,129.4631767799401,90.71200272133997,89.78458903996447,79.87588524933088,97.64774049244748,69.83300164415961,70.07781885497305,60.506075268777145,29.925490119797065,109.75124813918283,71.19155157063993,81.72696459387663,79.69954020380162,89.7784013648515,79.60042128782673,89.89759736224364,109.82150415517893,109.70925728543565,70.84500269085918,80.2899232826421,60.1244487833819,69.83577457438726,90.53634354847624,79.4951910378634,90.49034561263731,70.24268345703415,139.1301895495446,90.64781994080147,79.69434152296475,100.56340343070445,60.13623133075977,70.1053304472748,100.0938671775015,90.30176878253107,86.34298546207168,79.87993309949609,59.7977580572397,80.87165639057208,59.340328288474424,120.14511593615664,59.4624719128558,90.16692306482194,110.05911981476258,80.00176207012433,89.7722563012054,79.41423618726242,80.12323321545956,60.31007310683787,109.67582678286796,59.42427440868152,89.48787289934283,112.58700448223885,108.41595040566739,91.24376842607803,119.5528864991756,101.11647362929527,69.92716342233958,108.75127040266776,99.63174091462153,69.84567234484716,110.73491488603118,80.14065084424126,59.96241906835691,90.27777539540814,79.73676694694625,100.34193923126506,50.49176394783306,79.58701987959779,129.62755042861392,109.11707392386319,79.38779970658425,79.86365483517346,119.5100623446684,79.85927331073486,122.97990577853594,100.83523060740902,89.1703610559116,79.19816320940254,69.05196532046715,60.13184538764,110.46633029306182,89.88807280257092,61.19622120741061,100.35459986570288,89.75839471358353,110.17857052066307,100.11555231438383,110.66369108288524,109.30288663471924,110.20693319273747,99.68671722878584,99.65160880272164,80.2333128210239,120.44251854769122,93.53177485720985,119.91493201376004,79.61418182520877,99.9972851615765,60.5043413761443,79.49128256307795,99.51800463989662,46.84931397631629,129.9491313387318,90.66626463184299,80.62032210526544,69.98867424772936,81.67476285984976,92.9155590931124,71.08367228260141,50.197696063530245,60.38231058349358,99.71619999870096,69.66031196366568,109.79827881958789,123.0516105318007,76.67111501905535,69.65890333030475,70.07977734452892,100.12018157269073,100.25847645456034,69.26776740572372,79.43939393935578,109.6751740870506,80.08432945527275,79.98314716874745,90.35057133012097,130.40771490010593,120.25589605366355,89.97917699943123,99.11504865340835,109.79034138755989,110.15066254384672,99.61175497114898,70.34311137412433,90.24896647547818,100.16456819443174,100.05426507383251,69.92114830003125,99.72470288253245,89.53443204063045,80.4335695334788,69.64338218379399,50.166334241213036,99.71274080316813,109.8979003248743,99.36721130135632,60.271319731565264,79.33675816103519,60.51843674918763,139.64227056883027,69.78454992635417,80.45510936155512,79.6681629522597,60.003001546479744,110.61860928377058,80.88006722399071,120.37214132014782,129.56474092668444,109.85488132968682,80.03212376888399,79.31891567607464,89.40354156946327,110.07936737900009,89.6700970639839,79.94242636418328,50.26716353375564,59.52455467854157,99.67025239099097,120.15260215409003,109.80268995186101,86.1832208134225,60.09054597368957,89.89721464729243,99.97267143904342,80.70933764527057,69.80946758456085,50.37147513460505,89.94351055634425,120.3831328963218,110.40830604686867,50.87754349870963,129.64510059727266,100.31623170283802,89.6933372874446,110.0654438589315,109.61228771222855,119.07981964182571,90.44414807541855,79.85878783487341,120.57380809197186,100.3784356289245,80.54444909555374,90.28771866342,109.49788439949008,60.623679280173455,79.80698959930544,109.9165380592651,100.34610032022965,90.08688997097316,70.17625810487456,102.53260033043392,78.9111533468005,59.66967346544809,79.96763333854975,59.845533406192814,99.97880783911387,130.55822425677178,100.15172768098077,99.96099733173317,119.40696993727119,50.0187059548134,69.94131696499757,80.38775708672728,69.60181780731799,89.9438734744206,69.27251701907392,79.38820839800215,70.10604012669015,89.82221596101571,110.41308235686942,80.35613342028918,110.29024952115327,110.06911055285799,99.64946327276665,120.18918992147121,90.08024230676544,100.67487342876318,120.74945501928212,100.00564753298669,59.076677522577,60.3554147772466,99.61870585352571,79.22435984914819,99.72906332776247,59.818580012934646,100.02732012128489,69.94096483581495,114.20276992129956,89.79356317831964,59.64206474399094,88.27533650833932,89.63412521959181,140.7002652215067,79.82005452246898,79.96663390196468,100.33666397820478,110.4294626251647,79.94897525386898,69.9310155399226,79.94199787818434,79.52484414961026,90.17278330203914,89.3429646606212,70.05607788085403,110.32062560507437,69.95963815783782,100.29307343565587,59.93430422606689,79.87808443631805,79.80970012467318,139.61018916672575,110.48670119435144,100.1880637123171,110.19793483014897,80.01718696411733,120.038836804578,90.74979243007566,90.96253567882783,70.20292491966603,100.08799551212316,69.90559055380061,109.51922452617967,59.88155960697002,89.69162214809981,81.37017890578997,99.56771902023021,110.49667027525874,59.70251639168947,90.62017082372408,49.94997062062483,90.1390770742486,59.503204801431856,69.86366468579851,109.68165398646786,89.65832834676272,40.39586160699465,69.86200109031287,79.73722528330443,130.36056809141863,90.31225447216185,99.31314668405166,69.1349538211692,89.64996886366607,80.4145963191544,110.1429360315138,90.1113221082819,110.12867812502176,90.79101304863678,79.89584558417326,80.11786050086396,110.37634179658407,70.02480494834232,79.51095867606273,59.58813450404965,60.163286709431,110.39824416096178,109.59691904543287,80.40493579233907,80.0883166946091,84.95440861115742,99.83628247638053,70.13685883459868,80.18829271263978,59.363582507859206,114.06505208707628,50.20229319828411,109.25663640300333,97.11330107304428,40.78111532936492,99.42245314096677,69.78661014755909,70.74280903272141,81.01059726139103,96.62396064653208,110.35663164990962,109.92426670274469,90.54510540157378,103.75683456018511,79.23957211794175,59.641465945160554,71.99180349638539,79.60906374947044,69.47090980705299,90.64003999716786,59.54270030330426,89.97030178523619,69.02470222337676,69.0347106392407,70.16803255320842,79.53878696924727,49.455735933608445,119.77199589547988,89.57617833555301,80.36007530157603,109.4484213919558,79.82534888085083,79.51886679758397,70.37543600178446,80.29164346069604,80.20474312574703,100.3943037245818,83.12771796012743,100.10618366055444,99.46330168951319,139.6950888604198,80.65015430100003,150.56305185729934,69.4816113114743,80.03061213016997,80.41072311413167,89.67325606195007,89.66983630157065,109.96710602235193,120.62229709881707,70.9647540048394,140.4003816876725,70.0730426200769,90.15355721050237,90.34561491220879,59.78701574986831,80.85385485732455,80.27743635313948,89.3062326433054,89.83462483623984,100.90114867077256,99.93562715145083,90.62349683483578,99.35705775396532,89.01167727144076,59.99426122515781,60.02889757250616,40.06898875912089,110.14015947686477,49.98241496978372,48.84532462223562,110.15462808175869,49.90133517304714,150.30583312158882,119.19102394377039,90.36743807743973,109.92333583122569,70.46346363529588,79.83551872661602,71.05661529607765,129.4573514664704,60.71620698174601,119.3349446268454,70.12916859130583,110.61740576271855,79.66278178590754,79.91505268522643,79.70030082141064,90.47100747283618,120.84815914623611,99.62948429655371,69.48347994447036,110.56158083056116,59.59977613349382,110.20943266874346,80.98665075994685,90.1119804129859,93.32835330295858,110.07699143635006,99.92000826396276,90.48829858710434,139.38164096613826,80.54996688802288,59.87406770891961,100.46048127653432,99.97037134055455,100.2329586006619,89.68120470575572,119.84089868625871,102.52824884732354,89.42250474983894,80.60216873638372,80.25691289277172,99.91395996077225,79.55222156351448,40.79433327963155,100.26194643752811,89.55771141350115,89.69008676806457,89.57648049017617,99.77821503268804,80.886401045376,119.58259258207849,80.54980363285128,109.7909024263056,79.04307829850225,120.10575198822043,90.3584466827324,130.912757718784,110.63276324169702,80.64941177831135,100.32594550247315,89.66431208761284,80.56112862156306,100.05891195761559,89.92346582570495,100.24522265286035,60.041257965375735,80.36417266349669,89.60923139086091,60.06693951233546,79.88025619881938,109.84807188198373,80.18973579796709,90.98707005556611,100.80452323112621,140.32715728630245,111.86909840343299,70.78090470463314,80.16224106137147,99.19203356709399,89.29880733849751,80.29543022682809,60.54922516647095,79.7507902502358,100.22884454008538,76.2985544711828,99.61446060691956,110.87885954012181,80.3929773415152,129.6943252494044,69.59424426959923,90.43943691632064,134.87836522869884,99.65605364274069,110.09608336096042,89.75096178532021,90.2324557716284,90.14100165840779,79.60943863587987,79.84043979027074,99.71670044493132,79.26683193199081,89.64776996561199,79.38579466263049,59.85790969796223,99.69394242014846,90.6315988544702,79.82564368462063,90.27264885602001,71.03399875934404,100.53010408733114,118.11787451789297,65.5615366020157,80.53376729229528,110.2090686909736,109.3480417921632,59.65013441538348,80.14852458953305,70.45610510391036,100.24655479707005,102.10124453420532,80.2613872743717,100.52870011287335,79.61454044188882,109.87003855484308,80.29129668213376,49.43117113053863,90.81097024401649,89.90798172350358,50.13183159033848,80.35243117165182,109.89382408460422,90.11968731738216,129.8877482062537,79.78658477545143,120.11539789401988,110.11345677602066,119.73885480621982,60.15831665522999,59.96554831418665,89.47346465738538,89.89833734481668,89.7185522083627,99.82014401303651,79.74388700152981,89.91324099292348,100.43681525041396,130.23314371361909,89.96468798777214,111.70462991373766,79.27069973523369,92.0905491171146,90.02759065079735,59.92387751764775,92.04324137992458,109.86077654998608,90.47124590824748,139.2535271123874,90.5947721286158,80.8850922456012,99.83089460433474,69.58347004395867,90.5276016622425,139.45245787386673,120.24753763154506,90.05783196915007,79.6968022970434,70.45154388684362,110.28342863612255,150.13897226921088,109.43260122000537,64.84407754502216,79.75845164286831,100.19960281241393,70.0585811231092,79.81322904211284,100.05558674537025,80.55418523183855,80.20255385609622,60.41687206349357,80.32449572496824,89.32422464052831,70.41322565623148,69.5193227302149,59.720776048060074,49.77261360702638,100.192214145597,49.540632631145904,60.03464127818017,109.66341393621066,99.97011152857871,40.241762433928635,100.70009734204112,70.09285071706798,49.360100871452076,100.63211565113409,114.01153600500392,62.978915867318456,109.40127888236128,79.40718284809522,69.71739939853144,80.64827166668353,90.30712739887096,89.51032199186552,119.95550616321815,90.52799500332512,60.311344291217196,89.82125660429355,80.7099329580366,129.74752623891533,80.23433179324331,89.07475508124112,110.04115522373982,99.11974694809304,49.54041633229344,99.8065542623569,120.67156560314913,101.00142794939295,91.71627306062291,119.87438206763689,110.15126978030214,80.24922488164232,70.82038876587694,89.95752820065827,90.17598482085519,40.3855031904894,100.28257533107383,89.6572122825719,120.62151071327338,79.70987929725702,79.61194703028387,99.62734526772016,70.40198763393035,90.2323960910959,53.428077659482234,80.21214066456682,89.01517935022515,100.40812213839651,92.3660901709626,90.1309850319465,99.85596663375908,90.28203220363983,69.57729996717092,90.78682373135766,120.12950650799469,109.70296605040991,80.56629025347388,99.90690740212496,100.15014407091427,120.12936749977926,60.039472534803515,110.39268864383378,80.15092784041616,89.77752366017847,90.08708979951587,79.67824260924026,90.10190944058304,89.88107695905259,80.15417563188942,99.82834286593868,90.43482341675148,110.14134388476351,129.4790246785418,60.385865975512154,69.55226761169374,89.27370875845853,88.10360046867771,99.74702827468047,90.07957958455881,90.51773785663673,89.46156146082902,69.50207561513052,90.33489059334387,79.55488500941094,60.32542141539453,109.90112102757628,119.18811618227355,90.51096630381198,120.2194972816621,90.10624030415173,99.87251606004384,129.45385313157982,99.7559647237541,110.75550932229238,100.03583621984943,99.48833357524914,113.1949946615878,99.64438924664677,60.27769425466146,80.39367204753223,80.25099655518983,120.23901093770253,90.2804812983683,30.249726814058345,120.34682695254297,99.02080568310198,109.71522712664448,80.59321425046392,99.64309199610092,89.39883455821239,126.35824225642389,70.24837386663766,79.71423937054013,79.56849027760823,102.34502673593306,70.03255601741532,90.35861640277152,70.3015603753825,110.00093891785923,93.84781864451047,70.73993216904564,59.7379950061615,79.46984389057752,90.30685169201126,119.69614847122402,69.59168689386321,90.5447467192288,100.43788853569606,80.09363684955588,91.47879731957742,60.330104244167785,69.44605382973381,99.37752101435443,100.0466182291598,79.52169915205634,117.47671731559444,82.85172741790225,62.46150499399402,99.4421935390866,70.42070269582814,79.9659938735187,90.20807609779798,91.06837568247441,79.67942925400313,99.52734747106476,89.71333250493527,30.137912674872798,40.387261867466506,40.47057655830272,76.67530357968006,80.06123264748877,120.49663018074436,100.01915211694755,60.06977803514147,79.63414218147105,89.82441903092065,70.78092944435126,99.79417214870818,130.5150355039702,120.23639381039646,109.52438677845832,56.75739041545041,109.8776090949903,49.92176893073121,89.98594463525329,60.455276382299424,119.86809402409449,39.838579086653404,39.654432563030966,70.5365343528242,79.92223611241347,90.83676790698762,60.363590017501075,70.00546097382673,109.23589558415023,79.21732150030145,61.874131399782804,60.231679462413645,69.27155828633006,89.55624171256218,60.232767292742054,100.39505421557739,110.79223639134915,110.35702858603675,80.82464407645493,80.77903315789268,110.12621202563949,90.27544465081152,90.18544308125381,89.93483609924024,79.72109519808429,70.29834175925444,109.6616419937642,80.0800685266097,69.83956673859062,90.79520727717826,69.83136753751202,89.54711333018793,99.94722294002187,89.82879929544315,100.22502437635586,80.54412326556341,60.115635850615355,79.53745737870956,79.91101827041028,129.54498353180165,100.00784656805806,90.48816145118403,109.53064033706714,40.613997298004534,89.92138521569163,69.7443795432729,100.15376075442326,100.02780888316391,99.99553802256143,80.16528514338825,90.05937700178524,90.18843853091707,110.33450178360226,50.34486163754391,79.93302638040171,59.38863431812828,130.10501467372927,90.24174852011276,98.96605697134339,88.5033766086607,99.45117595418685,61.1258084766567,40.57345491771753,110.70860478509157,90.59526678375481,149.92724622043485,69.58376190737302,89.83073044834268,120.3423993511912,79.87291440864607,100.62817654166882,79.93930658073884,59.6236239934345,119.32669580900365,79.80675826128011,69.98226411918503,99.83678919373388,100.06239619938583,49.842379721356544,90.20561072670174,110.83195023370605,49.983836311892205,80.40230830987134,80.46049796755295,70.50462904366702,90.26040787353476,79.90259755408528,70.02374353610072,69.38817777927125,100.32422867965609,50.14977306082804,69.91210509928608,65.01049879403672,104.46043179472952,120.4034768010254,46.132588887365955,50.65816996157607,89.78211558888341,84.33991867131991,99.7828096831475,69.94522338833828,70.80283979090946,99.8531321501976,89.75477889986843,150.2476510336099,69.31244891488468,99.9592775132951,95.45698068379816,89.2712993408778,79.35408566212016,70.65309408633733,100.4981427352535,70.23969127552208,89.46539428477377,80.1451900135064,120.43478703273816,90.43201142186797,109.52256003847076,50.25290805863787,100.31924875624422,92.02604035464084,89.50132299281792,50.27769806101863,99.96964754801624,109.97354962822361,109.5164590393152,100.36062035753079,80.24176914883809,79.42433609179083,99.5160781861805,40.39830988429472,89.70896550466202,90.63919709912096,100.19719672885118,110.034623278656,110.0449522222269,90.44991652424835,106.39487943064402,53.92409600485679,71.18968444490194,70.26939357498058,49.71982896622188,119.00148595397235,120.22967890950449,99.90383001564155,100.25754700745219,100.36969870554498,79.60771024278674,59.8888226356963,89.92058788253978,79.87179159745146,89.66658213176086,79.46014666853425,79.58362725825017,109.8433061911892,109.75785381639183,60.01285886342427,90.23981523271581,100.27273337309275,50.0004972426139,70.29489549173789,79.82739960391122,59.68352255375916,99.82069880008628,79.9732980501334,120.6219751959111,79.50247012512678,99.6198048084746,69.85261539331212,110.82441094052808,120.48271664953974,119.8708415297656,110.0291787295567,100.11495920367206,120.25618550129514,120.14498396305706,99.80888813393464,90.40088135766918,109.97559723203275,79.82449657698268,99.85615854019701,80.03728121924941,91.77649506388329,79.84486655981028,80.19920702012742,100.83321675172891,29.45243538371756,100.43238788319759,110.14123904866275,82.09249365115781,99.64625126692631,59.28492416444875,130.03284201660423,60.63567073247367,90.68608609032331,101.0445901695113,99.35776905485552,100.39670238832868,89.66485161232855,110.15982753504882,110.14040566057487,99.94747427297183,70.87292114066949,100.38643031495431,110.09950782685132,99.29696523007568,110.25253671215026,89.02406421282693,80.41182044662023,79.64345459798145,59.997004914077756,89.93551323454565,69.85902564854476,89.24951232005769,100.20037245367398,130.03563609638147,60.205306711467344,90.03592544743907,39.57600630903471,103.95900781486863,110.31718852180782,90.56251300529527,99.4746759547356,90.47521222532146,60.728897160342434,79.68675995296051,119.37492203296439,68.81847495156207,50.26639069414431,70.56111218567233,79.16394946118915,90.08130558620813,128.88995501803714,79.70715107296883,80.05475808643389,100.25771875414992,69.68880733343559,70.31332627813538,119.5983819923327,100.16184913963554,70.88208072320984,74.00918589999978,79.70007619272019,98.15190501426187,80.4285864647998,60.47360282454423,60.03207257403004,100.12241158073515,60.29531080497959,70.37109184623361,70.7620018541636,120.20199226192838,118.88596339441716,70.6926508255729,90.00585967821868,129.49834121432275,90.54909147522427,100.12336784217213,99.84722150018766,100.40957231637027,109.773428321267,89.43670711390108,119.52375229527865,90.01658704321257,70.07228950796986,109.79236518462582,89.69695149184996,93.42658596402661,110.69801376442997,49.18876460894112,99.44964514867269,79.23453149233606,129.80632902949677,60.029708419356254,90.07787126983189,79.57938658901193,80.37401687823748,67.96421059639864,120.60439517599742,79.93454367605077,70.82269520115175,109.61238929988143,60.23375995562161,60.715696490197125,50.05665981249664,60.07895477904977,89.78352549264847,99.99486718818726,90.6118229455141,90.5987826787744,80.65907388677077,79.44344463424915,99.57448892309546,90.67660211543776,69.40510862566242,90.1357704165851,89.62348112491009,60.02293861917574,89.82062658877142,80.8598568636757,99.90901321404681,99.17176087386237,100.20355241854955,100.37294893212358,70.49485517386096,109.47243735785948,100.00346701452845,79.94136320323042,110.256306315611,60.192837325473526,110.61595850939904,71.19430939069365,99.76543706408142,69.82366237824272,81.00261338498431,80.56258627896591,109.72092958882645,99.66100782802002,79.99723526782878,80.52405798827387,89.96248036255244,100.31521738877493,89.18048838637678,89.43807072129475,60.25657140005901,80.27205413726175,109.95581418815405,100.24780510599228,79.49413334663329,129.9830666250366,89.90342557869535,59.66896178046502,79.67114414168802,70.83527018785266,110.33799577152297,110.0556276358426,90.42580553998927,60.01887119630835,80.33914374551881,110.05309983499377,79.51793870385033,99.97630351021218,78.94283896341926,100.12353718948347,59.070126390346125,95.71932777000349,80.44091975032723,79.95026478902517,99.80353482414793,89.71489659268065,71.75634135397237,62.73114250238611,29.63472949939743,69.9724492360607,140.65450257358364,110.14835483467532,99.1673563667257,60.687049440530416,100.25545930249055,69.06849633513013,100.91963651181966,61.302038991937344,70.286504065803,60.49097093164907,80.24076783280366,139.66134878443782,100.49256493982483,80.9452552115454,109.85558959590588,89.54350688695845,90.2484330410431,59.749191427150194,49.85542724785835,70.29707509407093,80.17271958343764,50.58460513740866,98.6402236984162,100.68919868846457,100.0369687276294,89.84104514929525,70.59754089622872,99.98631245901021,99.81937021206366,100.21658638284244,110.26593756325288,108.86030451984352,100.36966306809494,80.5629801183237,69.57666161216153,79.90809526081789,59.910765536323744,99.33092369191516,79.74479233438761,29.894491319205937,100.12465220394489,80.98876217109817,70.2911589268682,89.67781115197894,99.84209823956819,70.28844267834356,80.08716960849371,109.81396150586664,79.51492620893731,80.8386249451552,90.0870498670738,110.37317483559286,49.61915195911782,70.35749897339086,79.45844215672614,129.0641294086764,79.73403833777631,109.62101002608217,69.70716427321497,119.40089003633064,110.53107626902543,40.64521178925369,79.81101014231604,94.64902480131687,90.25721745087533,89.41289039701606,100.10116087233102,60.141151058067464,140.28437932372097,79.5687510958048,109.88138712156858,89.85577700028074,99.80008911745311,89.47974542255304,99.55506513533916,109.36020111962686,60.07414447243635,139.9568755819194,79.77420040478688,79.96939532229918,109.6582761157322,119.79977626287851,69.71704151639771,64.40406293376908,92.03226959804404,78.95134581943591,79.05052820833403,91.12540915298167,99.47926318787103,100.38043239102927,49.77367217297123,50.63858920358383,70.3220690510537,70.32043393591276,59.74177058289731,100.29530760235015,130.25138918492272,80.56408785225135,50.40815393245387,69.50595050582797,130.3564708317127,119.59660850559156,69.57009982936772,100.30886710791266,90.1213880347229,120.04984641110939,90.30021946620572,69.60113099553212,70.27018231897745,79.80975657739424,91.4250910523226,89.3582288464351,61.19077050766409,90.29180590591305,77.76881024592885,73.66456600858834,90.38899131973821,70.17752620834989,89.87092283021525,49.784124225290334,120.19987684696781,149.65388170398464,59.68643494945114,59.919707938829404,79.64585463039889,69.43169350655198,89.89388155305312,80.53224709632276,80.16898059283517,139.6278357560557,119.56567879827988,40.20521588196786,109.71931089269206,109.81452897625812,100.57765541839137,110.45214943185496,89.56610027042854,90.17569101872263,80.8032133018081,80.63416363552993,59.29155281772665,79.81319575962048,100.04500900697847,110.12746798626915,99.45565415976793,89.17935605922112,49.94676348121694,69.71030658177534,90.15782926054486,80.44611460296126,100.0758792922126,62.44751174308888,60.23600249822013,102.30570607543086,122.70084753328044,129.5599627810895,119.70793556112268,90.39110627540248,69.36463923379988,79.85535909111941,109.7688419891987,108.77410462452787,90.1664269095108,60.244676039546235,73.6374771424945,100.80165263211234,120.12693461996079,99.86036302382863,90.03706392642287,69.65718993468275,80.67614326601658,130.59993406867974,105.23613032109277,90.98150441171153,86.54629322421412,139.75570470465757,80.53945089304236,100.20160079191245,79.21435273049576,69.50737490063933,99.93529488287993,90.47402747910301,59.095003094218846,61.907161858925605,91.72554196524632,79.88387312014046,79.77246147464459,90.28209745227109,89.73404722956816,80.32957538610087,80.34787134888713,99.47809653659453,60.33337050524021,80.25352242478179,99.29695439583317,109.88411822081981,59.16332891221728,90.32251002126206,80.16539842454874,79.61395240348875,89.48514555581266,130.64917916506764,90.21642236471357,130.03666726146963,30.558319915441288,100.50568887303035,100.3855611956871,80.16435011984125,79.76534367425072,100.26366314338308,100.0889069680825,70.16510608285753,100.23107130110911,110.5677385543962,110.17062875108432,59.93545321653989,69.44721342812127,110.63374615920397,89.568255907831,59.19344130871229,103.19379443298722,69.72291919660722,90.2508376799453,90.52309878269023,89.64419110238468,70.2799277759785,139.57328788633922,120.0736993485167,90.4616922273522,65.25660567554883,80.37150153205073,59.395149734541775,109.14123228276252,49.662135212444284,100.36348263402097,89.7639858943998,79.97805818361424,59.778567188902635,59.99608158986061,90.04154108718808,73.0731681043377,90.03930985749007,50.05532336062138,59.379295670709865,80.45590143481068,59.39119643754805,59.962405474425715,69.54541708393438,109.45707999819965,99.65925268418573,119.86150811273377,99.62332464011976,100.24407481590897,60.58932278507163,80.07638965298699,100.72652653353964,89.26267517728823,119.47021895153038,119.49350883572467,111.12442893018587,59.36060457393757,74.6329811418948,39.81423906755517,59.73464359062287,159.95024386364986,79.84073948813761,119.03533577289446,70.0279091372134,49.5731927973395,109.37007984800732,101.20516341926653,100.65462057537486,79.80445928185323,90.63632649014299,69.7550115505638,109.60257488840926,90.91867108203134,100.79740592543817,110.43008597726045,120.64860933053494,55.31988174853454,90.24633722529049,119.91012582128097,99.60243177652963,70.25129919700954,59.60867409550743,90.14971777276403,120.72419470653482,100.12035744103832,120.0038408460051,62.818033809490856,79.48587085445405,89.62616315519895,109.76903148567746,79.86700687808192,89.94540031477433,89.67356724758602,90.07194598159221,99.76612827606945,89.17575501829681,59.68713067472055,119.85495247092295,89.67230875491931,109.57964181816406,99.57725785626907,99.56089594351994,79.59520497707996,70.30536223431496,100.01785660545423,90.54330905074251,99.49933155018397,110.26053999043808,100.11358411479424,79.94131356444437,90.37630576767083,90.46685936166757,100.30092185303315,110.35129832339507,109.57738551238565,80.27907259202269,70.64634726981105,99.74259331227451,100.08497053763185,100.08563557307787,100.01441923825962,89.98326053134534,80.01882695242817,100.34430079120597,60.19211288146099,110.71922631343305,80.22017510532515,70.2522053716284,109.64291167571335,90.43130439057394,80.98323696899791,96.05428960371293,89.87345337152995,99.61472826484923,79.27558624543839,59.19889912714346,70.24967012615063,99.62215551275035,100.03685934984786,119.96952500407974,50.055844597871506,89.8748179892388,88.97458130540244,99.98125565927151,69.67269246004284,49.88241423053902,120.03895858955329,90.08892239897315,70.05704841567605,90.50047413718056,100.60418240139556,100.81151339135926,89.54452979091522,110.27511374783364,120.32630610858091,80.22122845963231,105.14261194940872,59.588361212538736,80.66393148330924,99.49359479341283,69.80691242181533,79.77897469698566,89.51054537727069,90.22551873292082,79.81484487571356,60.09736868854012,89.3196974061527,79.73582701992568,89.96409841346673,99.43769118929804,70.4336750163634,99.38122449121737,69.7725636538824,90.09365400879301,130.4282659107251,50.34531209209311,59.421233570360556,110.17547013634265,69.75594885547311,140.29252581039816,69.78929351379529,120.5014897440339,109.13804063736647,89.18706095205374,71.84868487076857,100.75006624961826,70.19760846926324,110.38213596446197,59.25770839412376,60.28608253419979,69.92084106939647,109.67093294417745,79.87007169056066,109.85836966253582,99.46039509539149,60.15991317702366,39.530060177607226,79.8598532529806,99.62787073526339,109.66180069006883,99.98902221909296,53.296203010161335,61.071997767818715,90.04491026749395,129.62211276954702,70.00121688900751,80.73649297445867,80.30973988094736,110.25082891512348,99.67757347059964,69.8799072039377,70.01890278675211,59.87966300151456,89.02956984017477,90.57792344154726,110.75042822237539,100.21368512070065,109.66984200850072,60.09214358914426,90.14855382506964,70.00664069649902,69.66192027274656,50.03262836910723,79.2652950396594,100.20672133189696,69.73689934992711,109.27883100713706,90.05044053092917,119.74024182136289,60.52698079100899,100.39342651333956,100.25871362536788,89.90115688493621,99.90832956818505,80.12361165692563,89.68207190359452,130.2105103655048,90.39441527458517,79.71551317403711,61.68066815515843,102.96564013280886,79.65724829509283,110.60175274582926,69.38886328675311,60.29434044899756,69.12476948946728,80.68412451828543,80.31664952072653,89.90714844869143,90.43162731716494,49.883112629900054,129.68060114088615,100.59450013990885,69.51383395293152,100.81598742221946,80.38137441458649,80.35073488296561,69.49866190090817,89.9828468146592,120.1903747362345,79.50826858458481,89.99575762417192,89.84350925909794,80.29987825344313,90.6531165754723,59.38698852534157,99.64614605155953,90.40935560881599,109.359222317914,100.23165264372705,90.14385063010369,80.56812391737027,90.1434234951393,150.06074745885522,110.03915041755054,110.02012554990817,89.96981175412382,119.57391984720431,110.50928191654029,109.95381293674627,100.06316380785469,99.56775887132511,32.06595696737807,130.0217767491741,119.86883298221916,83.50342716039907,80.05448128380672,59.0110207067224,109.76650799527057,80.05146308752893,89.83073662806349,89.44105490070818,90.12382740097226,120.9993056434804,89.39576401076513,50.20581252822352,99.29998459861733,89.68170131652651,90.2129205866357,109.45713708144552,99.35461323262507,80.53547767500302,110.09900902938439,59.92964603222832,79.79698606731172,70.04023402788653,79.35336474096943,79.63518367029369,119.45194020439894,80.26312086779696,79.28947652297876,101.0379470359835,68.96107458900129,50.742463895605866,70.17757162155173,90.32443967559485,89.94986431322158,90.22084187119614,90.38764794998575,59.70904492839974,69.71919780681894,139.94667343779153,129.62596224697,110.49221943030649,80.08978331441776,70.40887935164986,109.51220312574958,90.14009781090384,99.83662792410779,80.4940512602212,80.17327375569847,100.19994300643626,69.97233379388148,109.69910431162899,120.3608061763301,59.25063343090219,59.82808215206176,89.3444528432933,59.95304168558583,100.53045082679911,99.27654776606477,110.49170485948873,69.84781119741179,129.5719382378672,49.616126295690144,90.26042020731524,90.7249040614841,69.59829084364951,82.49279571218881,99.37371595155824,80.21393909060203,90.29029988578893,89.95627850047913,78.83213005776187,110.17249375645997,30.113931856185207,60.09492139692819,99.4656602983573,110.80259044646755,89.89909320525501,89.85053428947106,79.27445958810362,59.88580965977937,69.48032402764396,90.22461986672779,79.73335838698222,140.76091130848954,120.1834454131302,59.860700658917615,90.18591793541998,90.4791853753761,89.7622522250213,110.42604270931686,90.34641949065877,73.82868796562644,70.36430890073838,91.14599137031813,69.13924527188382,100.23537815251812,110.27802175217555,120.19299147964716,80.44720975851385,102.9869463402372,99.92653896034386,110.97832480884759,109.6884475331685,99.89797970624187,82.41349067770109,88.56637318335152,89.36603121198169,99.2873586040283,110.35462412018798,89.35153706655248,80.21184147347672,100.00657396203391,79.92986752924358,100.17659846574465,92.90227527744874,49.70488947314744,90.17738888223678,82.97913592957973,110.21769321667853,102.75524696087804,70.08913058663212,60.86607324592502,89.5214478623299,99.78045435030329,90.65327758233187,99.47199645655121,130.6279572895059,59.75579303682545,99.48285187075258,129.97544433526477,130.04922087098927,119.9988751781341,100.09766458175004,50.10799201592014,59.94269109537419,60.11696157216714,31.226886537696984,90.96239104607774,79.68379823053355,110.44935700724984,109.78897186056444,100.14609102040681,149.5436669297701,80.45425402685704,100.19136597560177,64.56067110233155,100.4393163981014,99.5544810585042,110.1038777523873,100.36210184972285,99.83244233053881,63.03646280267791,110.08441375940886,90.06185747177493,90.08549592616306,110.30006754371283,40.219960098690635,89.45630345975741,149.94115111473928,99.65855174247253,59.88291891886942,98.89728555456688,80.1449564849283,79.80394418329269,130.04572707739067,90.65172324931756,100.00002873379194,89.92413170236065,90.44447661459114,82.30006706740791,69.42927880577946,100.94988471019332,90.02670678186405,90.37527520433348,90.64682867898318,120.23796138950826,99.75606669619665,61.222254749968336,69.53474048001365,89.35341442424767,100.27818952886399,99.38089500271917,90.31431787843863,109.9163063816956,79.88706227424042,99.76808739757502,102.86325758887355,100.1639984395792,90.32794267589787,100.43671380418542,100.58637442234482,99.91015730518676,70.5352600271079,91.7279411862572,119.82237989755504,80.07494310437944,110.43053150382104,90.151048069087,89.96993512701873,60.365455019682976,68.99588395009317,119.9608275335599,68.53055431587052,103.61861191887165,100.36865594663087,74.44767518135633,90.40483100769816,139.5124077625167,89.5687925330751,110.20925141461436,109.43566836861879,59.65514605219914,90.65841526101552,109.77596065185206,90.32500691323285,60.05374403642393,89.76740776264027,103.66964588048947,60.73913502699346,90.06301910717818,50.65747199304381,110.42658930086776,89.77804393289028,89.54963779754405,120.55081075463569,109.87816670497062,50.175655511905205,89.54815907202338,79.73372736765091,119.97141134431916,110.20086334123556,98.82282802059443,89.66521505818729,50.24303048424736,60.01628896463566,100.37894458519283,49.50369115209749,69.7656055843976,110.035720955335,90.83535358510342,60.252655033595474,49.61251219283449,89.64953847544666,90.36737299649393,100.19309384626773,79.8242191300451,109.53786354452748,79.8535928473763,90.07564625910707,130.50151003818428,79.61693152011885,129.57839267428753,99.82417152550906,120.15713671263858,110.3717398187898,110.486187801305,90.24551016827621,100.34132856949329,60.83270364724882,50.34701748898049,109.53055001062586,79.519464504812,89.48210886454362,99.88543166411688,70.09716571865356,80.45817439440961,79.89150261367895,110.17060366378703,99.83969848044345,129.70632900245806,79.5656705520526,90.13718874114888,119.66538400306402,100.18864306356001,130.85939053294038,89.5637306064449,59.5432009848693,60.054900744823115,90.75182164812189,119.7444163660571,90.7388801410027,79.52875906648616,90.43625835131242,79.29135385268881,91.15640174404851,130.51740829757355,60.14115223974724,89.79446852664945,69.92929997450432,89.51321973221,120.28760772300241,119.98768930163581,80.08387974745797,91.01064046255273,103.21145985828171,89.56107970319202,78.97150272489277,80.24019780226844,49.84393151004383,80.32859192771161,90.10209017302225,30.187788236573606,100.00451995275374,85.56505388604428,108.8458053110444,69.82412570592479,69.60212776063777,90.25589202631497,70.03755395487138,110.30072083079182,90.60127448405217,70.14048834063432,102.78344549477407,90.10507746022513,90.19054111157311,110.6765690764697,110.30953294410867,69.87101957188648,90.1061321205068,60.01386851636167,69.97442603908276,109.74346698516122,100.35092806118047,99.65935546562908,79.1931995067468,89.868189670395,121.7622225089427,69.62079043639487,89.81786823026069,89.98531229597094,99.92373861730016,97.19279353524949,120.06002965162904,100.28355737544616,109.80879613484218,100.2859228573394,100.17314488861923,80.01821333512233,51.886819984490415,110.22890820235186,80.14564069063779,60.257140175854936,120.21785939169419,60.0449131787474,79.75366405974317,80.24467276547642,69.93301939029712,60.47603453413891,90.22524636053075,109.58225284582929,119.72269482540479,109.57568434702553,111.13575111270633,89.77300291669737,90.08989010765693,80.31561541341188,100.54585735358484,150.11508070926996,90.19127317784563,99.16667031079746,99.36521621704713,120.36332204019538,100.00123880672727,110.25765342005495,69.9081307309701,69.24128613228567,59.687385793507985,110.56888059401638,90.20189467982458,39.4879203917685,90.25827483304657,110.63629008530113,89.40242377535907,70.11305530626208,100.92810175639083,108.85917960804908,89.93534937651192,110.2553276686656,80.3774611888504,89.34215876336474,100.6528821085434,90.29324197999624,100.28856949158542,99.64663424699654,100.84319937221592,70.19301891872927,90.30860418394808,80.53855804180728,100.07554637041866,120.74926612379342,109.46345826732289,80.55484382724738,90.10220133014087,90.01653619658607,89.38849510494897,99.98701009298705,100.67130093956968,130.90886731995096,59.249004736123936,79.69195939212693,109.30448450671474,119.71922286004646,89.75333766086962,119.7625494858843,79.9195407433945,90.2471558499734,120.17770130033114,99.40618147256737,60.408317566548526,110.26870681172728,80.25605050367788,109.61862556520039,89.76177325312197,100.22701138419075,90.7379529342978,100.2932292529439,110.84677377252534,70.18218133534931,100.19450704783249,69.97602907244362,119.97491642446657,90.92580703849535,80.46318527244408,50.30755426373905,130.25548212047178,110.1460355757159,99.33223658234424,99.6217229325584,120.35514433539412,100.23984544011421,80.73821699530248,95.58185476622316,90.16783385910207,109.40950011758373,79.36955276096134,90.62622507243826,132.02501517588783,90.17160035518447,79.72651393729629,68.91660415826715,99.34371581125123,100.32696208853007,119.92772303525659,69.54253134557763,70.09441156994355,60.4110283763841,79.69945859377577,99.64875983011241,90.16581829456962,59.972817049458236,81.50550427873003,109.61460009049581,129.7986820734817,93.31933880982074,79.69641172712554,59.12425361041628,81.03129960117215,69.91312704494499,109.72011746286132,109.75617424331897,90.06518410028086,100.00658027233195,89.06954025299176,100.39915232017032,70.89601286623572,79.9790858408745,100.34673354680346,79.51285089586939,90.36821938490691,90.42046818447187,80.45661832866476,69.69274836191815,89.63884782200448,50.40229767602955,99.74190703009276,109.8014506473093,79.73155781288581,70.46383920604346,80.02566773611919,100.69544701724763,120.0190161222859,89.68764355980814,109.65544658193961,80.02431379783927,90.08664692046929,90.27855185947674,49.50786302048773,89.8251364438415,110.00760039467242,119.37298671308602,80.1374216767813,108.99111418737203,60.274472252379596,80.36359040467929,79.40401488827419,129.0813223251849,80.25189242713029,119.846450434362,99.72649730172806,80.67842784113456,70.25882617709634,80.02892975149032,98.53854381504347,130.1213626123143,100.25237241218967,120.25980004533974,80.43322154779386,110.60237637681072,99.5492060589085,100.21985330382026,90.23258924531837,89.3072235992017,100.44004199234199,89.90941858461198,119.96854342070714,80.20640946532846,81.14326068142326,100.37818526706786,99.64461138145354,120.22772782007567,80.06885973111494,89.88189642871042,99.53427656077147,80.11238781362722,80.42252593735179,109.9163719360203,99.75444270988584,71.67017300676709,79.63830147649651,80.04934231011379,99.01995861288677,119.717673231564,90.56132626635193,100.2098822594866,49.52778417454283,130.6670727360439,59.887191249134126,109.97034821200702,29.990836907567832,119.05659812860856,89.40618875931649,79.97110721009686,90.63429010997751,99.6732548583687,80.35989682505351,69.52616068654295,69.8338865483324,80.24916616175717,89.52327802699926,109.98973182655227,119.81400949814807,100.26443293887553,100.24821449009453,90.25641819022648,119.5979996350292,80.03336171991573,80.3795255413257,99.53958624644147,99.46365006189488,89.75166767577745,99.37436680165419,89.30291304575374,100.21610454991628,59.70856460974985,70.76709034377942,69.57330958729614,89.79733226716131,89.91498366547708,61.93800222956382,70.68141231929539,100.45068219695892,90.16408456229479,99.42485536012339,120.39570341584518,110.17570205942992,99.48102010505106,89.931754391631,69.70934247337924,70.17061152183997,90.11725523696695,110.11518456707816,119.63406053365424,60.03047371968174,60.177811754100404,69.9078461072794,89.43515422311673,90.31672332443827,99.49300446913308,70.64114010708552,109.4270621263871,89.81707726630934,49.966851867637885,109.80818878269646,90.0403081476407,60.601878932244674,69.56128828622482,69.19128584893063,73.31791151103702,93.57991889653759,99.84840114064588,49.50064147774466,89.11742032377582,99.34047446152164,99.98177297641753,90.59051512200726,69.52332411815225,70.69329328666299,49.94665057150446,72.31085566339117,90.13272711043936,79.9404790483402,109.42836034516648,69.80433618048434,90.19270410690686,90.4751731490841,79.87460359075725,49.358899411512425,99.67902059812008,60.912603950950874,100.1851079802089,90.72127638806259,60.507950994584725,90.68137615806394,120.30362768680934,120.11835535011262,109.76344926795201,68.99584698622327,99.44778732055728,100.65180057662728,80.32921938564013,89.09768068006247,99.95019607776435,88.83452642109711,122.11693546471554,69.56613023446012,59.90006862911872,70.3992894599101,60.033353649295286,119.77631079806929,49.779504634059776,80.45320613461938,90.36266242291698,63.141307139820185,79.89514303284584,80.09647475449528,59.288266524953144,90.22369814836982,90.14206871924824,70.0615548743584,80.69834505430198,40.16404626834529,80.39927421406236,120.77881586713087,100.42101202221781,140.0293101930012,100.43466157102877,100.35864560064519,80.33836163132233,90.1063865169913,69.71416685758327,70.79000543821995,110.32962365560039,79.9564224113846,91.8782692178787,79.98310677085892,99.85206853507579,69.71780671668478,60.02279269150014,80.18020358817549,70.19219721515096,119.951724858866,130.04833972836275,59.65130576739821,80.25818308579369,120.51480853392106,89.9210382287321,100.14473462496112,101.42390136851022,50.14955917655236,69.69863980084367,100.33349711903661,130.3194583038975,129.88064855555675,80.09897866516448,129.77379196119895,60.38054318352051,69.68722108342784,129.79855905657044,60.22514237803014,79.89203008335411,69.70670146041927,70.48970153229754,119.64715239158612,110.06979333554307,140.26946171717745,70.06511811273185,90.28234841393132,70.03439597355882,69.92307878798191,30.275859103845512,70.07865953892889,72.11974154155915,51.554927755080485,100.25958024371174,89.93391820065548,80.33717436834847,99.24839585176179,79.78458484533802,100.051429604318,120.72570467836337,110.4869097179576,89.75740922689424,159.987490326853,100.1775454864207,70.23948897559897,99.92994016950426,100.29455953153365,49.86677466389434,80.9094918918818,69.71931715386407,69.55076885916706,110.02150247946162,69.38247250791015,99.79867511386892,100.3146988125012,100.32465131309651,70.36143909187503,90.56756239347094,90.41604165314898,79.40300927336065,79.91897630747731,89.79789652461692,79.91686227497225,89.47889568400495,90.00727213643098,100.10152475147471,81.80747180548953,89.97904820818772,130.3414476552648,70.70989159377818,119.436949241172,100.24586040846637,39.933335827327355,70.26260085099625,109.81269507736693,89.26912182191158,60.12127517753654,90.28044364086635,39.91120617534112,79.88917057214842,99.75609081636794,60.293260936989846,81.74331048311525,100.18372922229476,69.99391005824711,99.74632159274553,79.90789485295508,69.8094982016296,70.59252568084274,69.95994602964385,79.65441619134316,89.94550955045939,69.9678566583344,100.02127180653311,80.01083419658738,80.26681955132982,79.86927745796375,49.63706183906014,80.31851632723415,99.2626757599412,89.19761968636043,70.02453834467386,110.31953768115723,89.40697944720668,100.17899519582491,79.39745899039504,69.62402037411928,89.45167070727553,60.0138842146914,129.96548213128997,129.57899068591985,80.09595945204813,100.06294206252514,39.85457272886735,89.71649921242204,69.56281265523447,79.83773623307195,120.21233311379501,109.73038968894559,99.81681224354841,69.60332945708484,110.76716578002909,80.58435345465705,109.34093720149433,80.2297458974124,79.73754851796546,50.97917378696714,120.27973487498811,69.95252776724833,130.07937888762712,89.49051799840123,39.636708588864046,120.56386406599951,119.87494741427442,89.7314105235871,100.83192197777106,70.61710147944484,70.41010479293153,93.67250374974778
expected_returns,45.13888888888895,45.09597839256833,45.13888888888895,46.65142717509333,46.65142717509333,44.2050385671117,44.43909251955611,45.1722208902553,45.57931128647887,45.37508132401566,46.73421454867013,45.36570430365066,50.412801617514056,45.80003385017096,44.357206116736265,46.73302427392629,45.19947332539341,45.09895467451695,44.57506466717402,45.09895467451695,47.02225693887071,50.06216205847579,46.76090368517164,47.556561194652424,47.54040592728646,49.96043540147164,46.39434416128862,48.995942432274646,49.68956686914265,47.54040592728646,48.66209454345006,46.61860955419866,49.184036536617455,44.22364648615767,47.43356843957859,44.431118107495905,51.1553937929553,48.63291500994344,48.2544469962767,48.87088915889343,49.59645147940883,47.09451915156514,49.8041068167116,49.8041068167116,47.84670908607302,50.76182251806955,47.51189680798521,47.123402074890976,49.621509934080784,52.73706619867642,48.88112678552632,49.71253057833108,51.30021196176539,48.30535452613118,52.0280172003344,45.756533690577804,55.5904597953986,55.19090038599681,54.45006350635385,50.99708898301893,55.05101620286888,50.669249244806316,55.21015541799806,53.999338964058275,54.61045403567334,58.70181498640203,52.998042203128605,56.114412228929524,57.29387563772112,57.29387563772112,59.198451235991264,55.819294794990654,61.25410003010413,59.20043079326484,59.894762539186246,62.44947787429241,63.709564976192524,61.390596433621596,63.16089862386336,65.59926037226656,58.98755946390536,58.26529275813028,59.48153543646648,60.28742346660244,57.655012222701245,61.93844549796519,56.77087401031195,56.90287021823525,61.93844549796519,66.36556925518158,66.36556925518158,61.36533960038345,61.62925119109938,62.20456225150376,66.393426736537,64.33754824346931,56.92829527949908,58.273444598822955,64.76290296094889,58.264448166150004,58.184669334871124,63.54770102410038,57.96742366431627,57.84429214222523,64.71377349985258,58.90596371475519,58.18798556591615,58.47847144621677,57.7510616467854,65.02250822301492,66.06883520626539,66.88471296590167,63.906872705299406,66.11181689343645,67.68369612697354,66.61635600414546,64.5713919287886,63.921333119708514,69.4311124843166,61.76566415239391,67.06125128236853,63.71115719838034,63.929907907388895,67.2775726053221,67.16780165907267,64.33301607754301,65.60187003561046,64.34933935598295,65.6849476942653,64.61129616520358,65.14074321305053,66.9968439490417,66.70978607003912,66.31820454345201,66.9968439490417,65.29716045123863,65.06175918657733,64.36652970392322,67.51872288257448,66.37944928292204,65.28931644336838,65.09467772166559,69.34888623131744,60.709817489998244,61.688345083667926,65.06068604819197,67.9868085781634,67.39473914762814,62.916911115338884,72.21631164526981,65.26620442893542,66.36736270050793,71.65655316916533,71.29839539777797,68.3055915693792,72.00131815337798,71.92112511812624,69.72519850056486,69.71100428003813,71.62223363216597,69.22287962293674,73.06084278978466,69.32046231616917,64.63789235248888,74.05042069498077,68.87908840088575,71.53606290515266,70.00063198093169,75.14761580168556,71.03427773089712,67.79654386016708,76.98074496998646,75.25266799560865,73.81861943439115,73.19844611358084,74.59737844189708,74.011339572874,71.53288159736029,74.49309859593276,74.2394146727408,73.8837176900704,75.8388360737361,77.57901070633548,79.2178588261913,75.51864018113596,75.01311070323526,77.4766603883373,81.79892768590503,75.9231603354539,80.0436918543245,80.47924839431093,80.12493332983404,76.00962381850422,79.44142749005664,81.79394057641855,78.32619374005604,78.11643043184932,79.70734776562361,81.9097301811973,78.880945032228,82.34758559618925,78.07207617946598,79.84758968712035,83.43575197945985,83.43575197945985,83.14621450392352,75.39194299476532,79.69361923851955,80.84136599424954,81.81512497379649,81.19652014631383,79.69361923851955,84.04188676473474,81.64850439636984,83.06028972162119,82.57898763051723,83.31648919296038,80.97008886679798,80.15627474400017,83.54465542083634,83.1551128817336,80.1539907945955,84.70038435508432,84.78580955354862,86.38101169705413,84.27028000115786,81.62885460416797,88.11200340614279,85.30686410492002,87.85143193535875,88.6125762095383,88.6125762095383,87.80915765416167,87.6109015720959,88.36421924392947,87.39615925315718,87.7953836109959,86.48069604500493,84.65022924077383,86.79864873848152,89.54297336351472,89.24820943943784,89.68355694066616,88.54503111668663,89.68355694066616,86.84817078424018,88.4836693930186,88.17827405947173,87.67988336236698,87.69915307024087,87.66231729591397,90.2777777777779,89.5896076636907,88.12603740431769,89.9763430364814,87.71674110227588,88.227039502068,90.2777777777779,90.2777777777779,89.98676845322765,90.2777777777779,90.2604199974947,90.2777777777779,89.86905163151363,90.2777777777779,88.32663916498632,90.2777777777779,89.26874355652598,89.32500355034827,88.32663916498632,85.5894092424338,89.69680144289863,90.2777777777779,90.2777777777779,90.2777777777779,90.2777777777779,89.23263203306784,89.33279046781867,89.85190797291543,89.94526341290984,88.5473130478441,86.85545661605843,90.2777777777779,90.25910460822547,90.2777777777779,89.96052178935884,90.2777777777779,89.38031716820718,90.01730559975108,90.2777777777779,90.01730559975108,89.79826152996044,90.2777777777779,89.44261868512382,90.2777777777779,90.2777777777779,89.62970651858357,89.94304080828684,90.26262639358815,90.2777777777779,90.2777777777779,90.23920666501971,88.87393169856013,89.70169643044244,89.20988508442122,88.40259203359065,87.78865112201584,89.01063226401729,89.22868504578626,90.05439856833132,89.45016945625198,88.9453052907346,89.67597840775333,90.2777777777779,88.99240126615204,88.21091544698146,88.19476515400024,90.2777777777779,90.2777777777779,89.36209287618999,90.18522917840099,90.2777777777779,90.2777777777779,89.32821344153419,90.2777777777779,89.32821344153419,88.95032833184396,88.97357472369391,90.2777777777779,90.2777777777779,90.2777777777779,90.1027319128321,90.2777777777779,90.2777777777779,90.2777777777779,90.2777777777779,90.2777777777779,90.01253665241822,90.2777777777779,89.78350576346372,88.79890101110436,90.2777777777779,90.2777777777779,90.2777777777779,90.0434741640351,89.65210048637152,89.32801133151173,88.0861003577606,89.77068326318468,87.29950828286778,90.2777777777779,88.0278707823882,89.91713318049884,88.28918068352549,86.86585999998724,89.97430112247403,90.2777777777779,89.5659712576244,87.05107198482364,88.30180800859164,88.84230348547212,89.2375106197225,90.2777777777779,89.472237640069,89.51233536914305,89.472237640069,89.43214268546555,89.50445280259561,90.2777777777779,89.97965549251256,89.21310818864741,89.38216895700731,88.69181071595278,89.61812587815155,88.85907101138683,90.2777777777779,89.49542457983885,90.2777777777779,89.94837610878731,90.02987888279661,89.63976268962772,88.9228999044554,90.12757086424561,87.80407880016382,90.2777777777779,88.54275462691476,90.24256161493767,89.27723232372564,88.80973357442474,90.26007962346105,88.90633200064107,88.22960041311481,90.02785886197292,88.64741865855896,88.68429262317714,90.2777777777779,89.00262658825878,90.10182917875483,90.2777777777779,90.27345847583403,88.39962444222593,89.09118007604545,89.64065832051742,88.47086957109607,89.55453713032915,89.58968755608241,90.2777777777779,89.55453713032915,89.55453713032915,89.63629141681635,89.29324271692161,89.51353663626543,89.73162459767798,89.65205495834428,90.2777777777779,88.94024488968094,89.35362200463247,89.50777241349746,88.21662415641025,90.2777777777779,90.2777777777779,90.2777777777779,88.1194218849962,88.42208118130573,90.00022368613003,90.2777777777779,90.1426213980141,89.75156365931382,89.05419222607873,89.85154479879293,87.49756400223279,89.55474070539331,90.2777777777779,89.49762220780813,90.09360718806849,90.2777777777779,90.15165293136616,87.63102896032157,86.64413692502896,89.8160838160451,89.33436893310314,90.2777777777779,90.2777777777779,90.15441477975948,90.2777777777779,89.34478508412172,89.75634334157212,90.2777777777779,89.83914270905717,88.85648015210072,89.16611251123881,90.2777777777779,90.2777777777779,89.78557950552033,90.2777777777779,89.47136599208957,88.51567325319202,90.2777777777779,90.2777777777779,89.2398803033074,90.2777777777779,89.42625573386852,88.43084465550882,89.54809875577445,89.15183138228616,90.0040752459059,90.1145789780272,89.38911606388069,87.62336507376271,90.2777777777779,86.7984687128994,89.14590700593556,86.10520886229764,88.5961339511764,88.60465411246773,89.04205884682692,89.59622386519446,88.6171515755748,88.637232465264,88.637232465264,88.0347139694889,90.23160065100508,90.2777777777779,86.56740128626255,90.2777777777779,90.2777777777779,89.38299046582766,90.2777777777779,90.2777777777779,88.6092896932413,90.2777777777779,90.2777777777779,88.4453015869808,88.54739572507987,90.2777777777779,90.2777777777779,90.2295686628431,90.2295686628431,90.21287446242775,90.00666202597156,90.2777777777779,90.2777777777779,90.2777777777779,90.2777777777779,90.08596394081125,90.2777777777779,90.2777777777779,90.2777777777779,88.22815660932913,90.2777777777779,89.73801549947738,90.2777777777779,88.78948612968217,89.6403126029447,89.98582208762703,89.12370453974708,86.95126849404457,87.1885924439361,87.50540538393365,90.2777777777779,88.3748520554142,90.2777777777779,89.52124974578085,88.73776053384385,89.973215084997,90.2777777777779,89.91261212732876,89.67677689285554,90.2777777777779,90.2777777777779,88.74987303940313,88.9481866303529,90.2777777777779,90.09856291377585,88.3162893887614,89.80911396681154,88.92829859287717,88.9481866303529,90.2777777777779,90.2777777777779,87.73299593778758,85.88700033984568,89.75385369738012,88.89658292092788,88.38136065751556,89.7059440288705,89.7059440288705,90.2777777777779,90.2777777777779,89.35720756694612,90.2777777777779,89.72024211795092,89.72024211795092,89.80534025175638,90.12032564113825,89.37698912160138,90.2777777777779,89.78511934128484,90.2777777777779,89.78511934128484,88.94165305401455,88.67158294778082,88.70672262848873,89.77930623875275,89.66339992712243,88.16157786522146,89.28594842865746,89.28594842865746,89.73167696109923,90.2777777777779,86.29775331731432,89.06890272005327,90.2777777777779,90.13148712974898,89.12692500859978,89.53290774321775,89.33313404523201,88.89303528019641,88.70699797290146,88.39821231091723,89.58280096987238,90.2777777777779,88.88150137014668,88.77114104531023,90.04137405989312,89.86742775637643,87.08679499345523,88.20211973255559,89.08404699463665,89.95343134274694,90.04956158751581,87.72795539351887,90.16380362913917,90.2777777777779,87.53634330818275,90.2777777777779,89.94496715815131,88.72671379694195,89.43058622625851,89.41368516760458,90.2777777777779,89.81323177960243,90.2777777777779,88.91442567220965,89.72185168317678,90.2777777777779,90.2777777777779,90.24798884628397,89.52474335641405,90.19852685295598,90.2777777777779,88.82843755580613,89.08145828589086,90.2777777777779,89.50440140939165,90.2777777777779,90.2777777777779,89.98555409445076,89.93840065489408,89.30971777704612,89.8098888247847,89.51525116252368,90.2777777777779,90.24328747043835,89.3656238649721,90.2777777777779,90.2777777777779,89.85030838245252,90.2777777777779,90.2777777777779,90.2777777777779,90.2777777777779,90.2777777777779,89.10654882403135,90.2777777777779,90.2777777777779,89.0485274745656,90.2777777777779,89.22803269119228,89.0485274745656,90.26386461734543,90.2777777777779,90.2777777777779,90.2777777777779,90.2777777777779,90.2777777777779,90.2777777777779,88.31768006125891,86.15354210599932,90.2777777777779,87.47516281829928,89.69176365743523,90.2777777777779,87.69915336587499,89.11690010410888,89.17672164337185,88.17324478298073,88.10458196933749,88.57100973254315,87.20052868735415,90.2777777777779,90.2777777777779,89.60209838707225,89.54539912300207,89.9890582345702,86.3353991958233,90.2777777777779,86.3353991958233,90.04161153035302,90.18362683854996,90.2777777777779,88.74523912792877,88.31042289716042,90.2777777777779,90.2777777777779,90.2777777777779,87.68560124487186,88.23062327912305,87.97032500771067,86.0766998629759,90.2777777777779,90.2777777777779,90.2777777777779,90.09672498141128,89.01226235359869,87.47375778623224,89.16738270747686,89.83824576971968,90.2777777777779,89.06718966947246,87.39396243574372,90.03231874797791,88.18958264434033,88.93863317704066,86.22382760364587,87.88584338837488,90.2777777777779,89.57802353595109,89.37079977646545,90.03834330440446,90.1094270537675,89.15185785984053,88.4358922411495,90.2777777777779,89.624666322345,90.2777777777779,90.2777777777779,90.2777777777779,90.2777777777779,88.77890534956182,89.3898122155639,88.5864894688601,90.2777777777779,89.72724409828254,88.56726019107795,87.73603155891692,90.01784525972221,87.34759080731139,90.02131339478883,90.2777777777779,90.2777777777779,88.84844492853534,88.84844492853534,89.46756070053242,88.32267261160159,90.2777777777779,87.00595943171643,89.99021055933667,88.38435338052977,90.2777777777779,90.02995567251409,90.2777777777779,88.8508726011802,90.2777777777779,89.55804216008454,88.12638756008151,89.6827585455068,88.38527353798044,90.2777777777779,90.2777777777779,90.12382631287463,90.2777777777779,87.8278777801206,88.66598614902907,90.2777777777779,88.63639383890916,90.2777777777779,90.2777777777779,88.90260482656802,90.2777777777779,90.2777777777779,90.13499670815439,89.63704924868622,89.51601227285133,89.18488859993728,88.46969475102647,88.72521732152761,90.2777777777779,88.25932334807396,88.55826592185183,87.97078692003282,87.97078692003282,89.99212719031568,89.65987328109944,90.2777777777779,89.99212719031568,90.2777777777779,90.2777777777779,89.33508248244812,89.21266879748646,89.33508248244812,88.87035406399124,90.2777777777779,88.76724571520141,90.2777777777779,90.18616940545697,90.2777777777779,88.47131391126402,88.78807430246704,90.2777777777779,90.2777777777779,86.7837088028092,87.86993875244656,88.35155760936189,88.64311365500674,87.07844158370439,90.2777777777779,88.31504269812802,90.2777777777779,89.29179749142531,88.60240787769078,90.2777777777779,89.9713276523891,88.14451959633182,90.2777777777779,88.88236469725993,89.8327976942517,87.27879413142588,88.62317406069664,89.61370134345684,88.36045706461093,90.2777777777779,90.2777777777779,86.61061956205599,86.61061956205599,89.68635412813619,89.45580425598523,89.40489801698307,90.2777777777779,90.2777777777779,90.2777777777779,89.09595446850489,89.21726649366641,90.2777777777779,90.26252762421986,89.38204406713122,89.24525778475419,89.80909405122834,89.64613667524337,90.2777777777779,89.41139514007908,89.44279882878853,90.2777777777779,90.2777777777779,90.08706924062876,90.18799350300566,90.2777777777779,89.5794991616708,88.82084683803333,88.6463803913555,89.65043367544266,89.24999540683417,90.0520797014221,89.55242294406341,88.85742606865747,90.2777777777779,88.27166964891705,90.2777777777779,90.2777777777779,90.2777777777779,90.2777777777779,90.2777777777779,89.2422000370518,88.27972786833013,89.11856544068046,88.83335646370236,87.31486204962096,90.2777777777779,90.13481403774885,89.47151035117435,88.4913896267899,88.9266727439707,88.47352078871965,90.2777777777779,90.2777777777779,90.2777777777779,88.05917550053044,90.2777777777779,89.41285259451695,89.99294541748213,90.2777777777779,88.62938004413965,89.3554905490749,90.2777777777779,90.2777777777779,90.2777777777779,90.2777777777779,90.2777777777779,89.26726373498266,90.2777777777779,87.76553294016956,89.68168960001871,89.54804451514954,88.89479226635854,90.2777777777779,86.50181427700792,90.2777777777779,89.8070465382742,88.8541846391637,88.8541846391637,90.2777777777779,89.9853292734614,90.10145215356005,89.91003862022801,90.2777777777779,89.06216786779567,87.91097924087526,88.60893721508198,90.2777777777779,89.90287641667288,90.2777777777779,89.27091942583934,89.80075963014738,88.5259741134269,89.37305398130498,89.63327659050404,90.2777777777779,90.2777777777779,90.2777777777779,89.93267069788334,90.2777777777779,89.88204877259903,90.2777777777779,90.2777777777779,90.2777777777779,89.3147473929866,89.7330931655591,90.2777777777779,90.2777777777779,90.2777777777779,89.26441675724065,90.2777777777779,89.37385187160737,90.2777777777779,89.37385187160737,88.84450114302062,88.84450114302062,90.2777777777779,86.90567268795556,88.51557374080348,87.2853486203444,90.2777777777779,89.96260307989377,90.2777777777779,87.65261584617909,89.06212087343879,89.5641031443783,90.2777777777779,87.86166384934563,89.85393182066775,90.2777777777779,90.0482613651607,89.02527640867109,89.77745735776567,89.77745735776567,90.05622749696666,90.13186186570324,90.13186186570324,87.99028814385153,90.2777777777779,89.96216949538885,90.12749615793417,90.2777777777779,90.2777777777779,90.2777777777779,90.2777777777779,89.51382059577594,90.2777777777779,90.2777777777779,90.2777777777779,90.2777777777779,90.2777777777779,90.2777777777779,87.16276970242876,90.02760332311537,90.02760332311537,90.02622019384762,89.54541469863167,90.2777777777779,90.2777777777779,90.2777777777779,88.76900771990228,90.2777777777779,88.64518906023554,89.78881362892604,90.04517115311495,90.2777777777779,88.91293471217472,88.45709387952614,89.1144328969279,89.66683569292613,88.34356888738864,88.91702661929146,89.62124407852428,88.72261324368698,86.72415596519568,88.31258043141372,90.2777777777779,90.2777777777779,90.04828122027098,89.48224270020874,90.2777777777779,87.42651991039823,90.2777777777779,88.45027610979031,89.47599964785445,88.63023901749285,90.2777777777779,90.2777777777779,90.2777777777779,90.2777777777779,86.58270609152889,89.0056088182734,90.2777777777779,88.0860669315166,90.18147060314696,89.7989194580835,90.08747832828885,88.65476315571821,90.2777777777779,86.49111478143087,88.65476315571821,90.2777777777779,88.65476315571821,88.28599394836586,90.2777777777779,90.16881214615098,87.01861347597678,89.413370331147,90.2777777777779,85.74840145920291,90.2777777777779,90.2777777777779,90.2777777777779,90.2777777777779,90.2777777777779,90.2777777777779,90.2777777777779,90.2777777777779,89.97555511722548,90.2777777777779,89.62725227259762,89.61725124506007,89.78089015040136,89.61725124506007,90.2777777777779,90.2777777777779,90.2777777777779,89.78718668093406,89.56915388269911,87.26521553687024,90.2777777777779,90.2777777777779,89.6847536293551,90.2777777777779,90.2777777777779,90.2777777777779,90.2777777777779,90.2777777777779,90.2777777777779,90.2777777777779,90.2777777777779,87.06670850396146,89.62114422022479,88.32807168820563,89.19425547427127,90.2777777777779,87.64498672127283,90.11238857399061,90.2777777777779,90.2777777777779,87.36090233010817,88.19775355687376,89.97965075096928,87.71649924265813,86.20953699902917,90.2777777777779,90.2777777777779,90.2777777777779,88.26269546360014,90.2777777777779,90.2777777777779,90.2777777777779,90.2777777777779,89.84700362177186,90.2777777777779,90.2777777777779,90.2777777777779,87.80540433978489,89.60794729195496,90.07150695176186,89.36970734233071,90.2777777777779,90.2777777777779,90.2777777777779,89.87468431290282,88.4960734256752,88.43306326496705,90.2777777777779,88.98961365319438,90.05485379524261,90.2777777777779,90.2777777777779,89.31565875307791,89.09915488324702,90.2777777777779,89.86431931218283,89.86431931218283,89.92348609780454,89.69355937062195,90.04126161657494,90.2777777777779,90.2777777777779,90.2777777777779,90.2777777777779,90.2777777777779,89.71317945971602,88.98623986994608,89.71317945971602,88.77692698279452,89.29206664312349,90.2777777777779,90.2777777777779,89.42415940169664,90.2777777777779,90.2777777777779,90.2777777777779,90.2777777777779,88.09032406982145,88.97210550294,89.23822477138032,90.03354194831967,90.03354194831967,90.2777777777779,90.2777777777779,90.2777777777779,90.2777777777779,89.89255682596546,90.2777777777779,90.2777777777779,89.3528976328569,89.3528976328569,90.19305782144932,89.38428794425914,89.38428794425914,90.19305782144932,89.21744195924568,90.19305782144932,90.097951864511,89.60225413540918,88.5670079672018,90.25251349716272,89.60225413540918,89.1443771220981,89.34521984401711,90.2777777777779,89.43122394184567,90.2777777777779,90.14233209903978,88.60326490141824,90.2777777777779,89.53924323409832,90.2777777777779,90.02893586020963,90.2777777777779,90.2777777777779,88.59017555509692,90.2777777777779,90.1427120701837,90.2777777777779,88.25778260106061,87.63464023885292,90.14201889748476,90.08219456081468,90.2777777777779,88.67087290811085,90.2777777777779,90.2777777777779,89.24901626668961,90.13684405406448,90.2777777777779,90.2777777777779,90.2777777777779,88.72730726453547,89.25727041136803,88.74170708297957,86.95207232267752,89.48192435576821,89.31096443038007,90.2777777777779,86.94413497392082,89.53600613189843,89.31220194762355,89.80172286142967,89.21267164128895,88.50288235527033,87.60881395158094,90.08604551182889,89.82696509215458,90.2777777777779,90.2777777777779,88.7862968207202,83.89102280417646,90.2777777777779,89.24038588463615,88.74655527090248,88.44640650800571,90.2777777777779,89.91190976183711,90.27292850155642,86.94515625090106,88.49147375515565,89.58818095023733,89.83932031369987,90.2777777777779,89.83113706453382,90.2777777777779,84.9242995441434,89.93699239560381,88.81173936676532,89.61540818625022,89.67092086847667,90.03443012387011,87.32581293195418,89.02589021305593,87.9919732476186,90.19070813269222,90.25492065284469,90.25492065284469,86.25426221917988,86.25426221917988,90.06043819125823,90.2777777777779,89.97076253937688,89.4919552545302,88.55795252956915,89.77852515962951,87.11445993290285,90.2777777777779,89.89272825510356,89.94076532549387,89.96797996199362,89.50814025657827,89.2862628134729,90.2777777777779,89.64740516920074,89.02747378072912,89.02747378072912,89.6437647260619,89.92725394671719,89.73139417367308,90.2777777777779,90.04881021247809,89.59885572109532,89.69956563938639,90.2777777777779,90.2777777777779,89.43070062832292,90.2777777777779,89.45670276808883,89.38642791606259,89.08867531866392,90.17378477044751,88.37212239474356,89.19740565327825,90.2777777777779,89.69471980293343,88.69267665737864,89.04336681567185,88.99730757143405,87.08379039907298,90.2777777777779,89.54129979769385,90.2777777777779,90.2777777777779,88.10583922521444,89.33815077431909,90.2777777777779,89.90537186520392,89.95489722446146,88.56145991054358,88.293220306069,86.49983737052412,86.5893831676142,88.08242158256164,90.2777777777779,90.22096411600174,89.12835106021926,89.12835106021926,88.78489151563839,88.53441395703814,90.23101584855776,90.2777777777779,90.2777777777779,90.2777777777779,90.2777777777779,90.2777777777779,88.85043781450244,90.2777777777779,90.2777777777779,90.2777777777779,89.31098360208426,89.63028552800557,88.15680531048442,88.47459917360469,90.2777777777779,90.2777777777779,89.79667670260159,90.2777777777779,90.2777777777779,90.2777777777779,90.2777777777779,90.2777777777779,90.2777777777779,89.32169036182758,89.9563528709767,89.93525170104186,89.1169826002611,90.2777777777779,88.81755411294432,90.03110735364767,89.45402089541574,90.2777777777779,90.2777777777779,89.61531120280642,87.3835982549426,89.63389691146328,86.97876340862938,90.17333001726847,89.66775877279896,90.2777777777779,89.81870485196985,90.2777777777779,89.05695514097009,90.2777777777779,90.2777777777779,90.2777777777779,89.29938293316117,89.73405014920102,90.2777777777779,90.2777777777779,89.97794254613733,89.38027068090571,89.28454710447411,90.2777777777779,89.53969833628604,90.2777777777779,90.16838713916098,90.16838713916098,89.21538175229784,90.2777777777779,90.2777777777779,90.2777777777779,90.2777777777779,89.86156060381522,90.2777777777779,89.52203994633174,90.16308412972421,89.82342804560886,88.49519849196213,90.2777777777779,90.2777777777779,90.2777777777779,90.2777777777779,90.2777777777779,89.0209507965723,90.2777777777779,89.56474985219583,89.41015034317427,90.11734211503854,89.87118830179799,89.20327172502259,89.69789210202353,89.20327172502259,89.11401863750866,85.41819018846392,90.2777777777779,88.15829314122684,88.73030729698864,90.2777777777779,90.2777777777779,87.8861074003989,90.2777777777779,90.05370943639167,90.2777777777779,89.86890574046463,90.23461580820047,89.65824680196813,90.2777777777779,90.2777777777779,89.82989241387,89.83636684396066,90.2777777777779,89.22903499014079,90.2777777777779,88.00145777421356,90.2777777777779,87.54561775446817,90.2777777777779,90.2777777777779,89.82516927732199,90.2777777777779,90.2777777777779,90.19803340380702,90.2777777777779,87.2986950941137,88.92731899736951,90.2777777777779,90.2777777777779,90.2777777777779,90.2777777777779,90.25798496981255,89.08210025431812,87.45190674874725,89.85041983264554,90.2777777777779,90.2777777777779,90.2777777777779,90.2777777777779,89.84282417056734,89.69297864922183,89.80400790917895,89.73847084322571,89.82865914819558,88.16210650095161,89.51706487407702,89.9805379200474,89.04037797746108,89.56992185013942,90.2777777777779,90.2777777777779,87.62223934069422,90.2777777777779,86.81756462043809,89.63984890816039,89.4339175920212,90.21914409565741,90.2777777777779,89.91153011995924,90.2777777777779,90.2777777777779,90.2777777777779,90.2777777777779,89.15905851767968,90.2777777777779,87.72428559045741,88.91022765349081,90.2777777777779,90.04846395585133,89.79773199293237,90.02235427472014,90.2777777777779,90.2777777777779,90.2777777777779,90.2777777777779,90.2777777777779,89.31189202241012,88.41757147891316,89.19632953390247,90.25757066566185,90.2777777777779,89.08071452552295,90.2777777777779,89.86299422556736,90.2777777777779,87.72080573807575,90.2294428189997,90.2777777777779,90.22211297516662,89.45697132924671,88.48245297436186,89.0007784166942,87.93340857148542,87.6597158507377,89.03155568661319,88.23283728204426,88.01227974068479,90.2777777777779,90.2777777777779,88.91280805040222,87.72976949090933,90.2777777777779,90.2777777777779,87.88607533827735,89.92561536891994,88.65558010838603,88.73450468504419,90.2777777777779,90.2777777777779,89.41121544532376,88.54997607294635,90.2777777777779,89.52517651022679,90.25246048023058,89.93666404381602,90.2777777777779,89.19720680988624,90.2777777777779,90.2777777777779,90.2777777777779,89.96155450483401,89.45553492944329,90.2777777777779,90.2777777777779,87.67002709427098,89.74768021457206,90.2777777777779,90.2777777777779,88.94755709358957,90.2777777777779,89.49407218281694,90.2777777777779,89.66465979145525,89.49407218281694,90.2777777777779,88.09621064379908,89.25075904822259,89.16044465989474,90.2777777777779,89.79488557181398,90.2777777777779,90.2777777777779,90.2777777777779,89.96577365451716,90.2777777777779,88.73825164855657,90.2777777777779,90.2777777777779,89.00505929094156,88.43664163860339,89.56086179709251,88.06149034732739,88.75219912224804,90.2777777777779,88.69664496211676,88.84660046608944,88.51248426903942,90.2777777777779,90.2777777777779,89.17088620586644,90.2777777777779,88.55480056474102,89.97451657749734,89.2757619460162,90.2777777777779,89.0231889452323,89.08518409670742,90.2777777777779,90.2777777777779,90.2777777777779,90.08365978318896,89.16011976720318,90.2777777777779,89.44784587653263,88.1938237977793,88.57961557518013,86.40955674258674,90.17819251135313,87.11905225596618,89.86499124597111,89.11619320063234,88.05921530160234,90.2777777777779,88.15301608525533,87.68093623281257,88.6561617409342,85.47028305763983,85.47028305763983,89.10793853862297,88.93318728824818,89.37341882297508,89.17257128771949,90.2777777777779,90.2777777777779,90.2777777777779,89.25809196187622,88.1640981596162,90.2777777777779,90.2777777777779,90.2777777777779,90.2777777777779,90.2777777777779,88.7991833154912,87.68327602061498,87.68327602061498,87.46985238076819,88.65236548935677,90.2777777777779,87.2762125954797,90.20135159544674,88.00751245340669,89.20290346522894,89.62607281198046,88.79018649142542,90.03696657938595,89.4348147417515,89.01137990330372,89.88086592921803,89.52007443374988,90.2777777777779,89.89202078945789,90.2777777777779,90.2777777777779,89.99623825962983,89.06672293911878,89.06672293911878,90.2777777777779,90.2777777777779,89.96137246122576,89.96137246122576,90.2777777777779,90.2777777777779,88.0315303925398,90.2777777777779,90.2777777777779,89.51023683247257,89.10574773166368,89.10480607941608,90.20353687865791,87.60065613231293,90.2777777777779,90.26623776431572,90.2777777777779,90.2777777777779,90.2679903815223,89.91961979187175,90.2679903815223,90.2777777777779,88.60005908351204,88.45794254628434,87.71924191430797,87.88207849972598,88.2317466877231,90.2777777777779,90.2777777777779,88.56225443535737,86.30402380534879,89.43727740213342,88.55928157983142,90.2777777777779,88.58107547638627,88.02684330798033,89.73853895093669,88.49642511442764,89.26804611622043,89.51180391717769,90.2777777777779,89.06127387426976,90.2777777777779,89.0218237160766,90.26935405382994,90.2777777777779,90.2777777777779,90.2777777777779,88.97098220821431,90.2777777777779,89.91973583121086,90.2777777777779,89.24718647593141,88.32675961064575,89.78982898740138,90.2777777777779,90.2777777777779,89.00589998079856,89.77577723302835,90.2777777777779,89.9355035185842,87.20299317734057,90.2777777777779,90.2777777777779,88.28847639771823,90.2777777777779,90.2777777777779,88.94844683127913,90.2777777777779,90.2777777777779,90.2777777777779,90.2777777777779,89.91552716519747,89.09975169770098,89.95140087231594,90.2777777777779,90.2777777777779,90.2777777777779,90.2777777777779,90.2777777777779,90.2777777777779,90.2777777777779,90.25391693438996,89.58135526517333,89.35534803496887,90.2777777777779,88.14105793372943,85.80355833737076,90.2777777777779,90.2777777777779,90.2777777777779,88.98259636776474,90.2777777777779,90.2777777777779,90.2777777777779,90.2777777777779,89.85239227608915,89.15088499876019,88.35217027561063,90.18086186977943,86.70762677067395,89.6145905543376,90.2777777777779,88.64905884614716,88.26802650460053,90.2777777777779,88.37068692791865,90.2777777777779,89.79808619596734,90.2777777777779,89.68731567535599,89.90736828007276,90.06595711837872,90.2777777777779,90.2777777777779,90.27551345196503,90.1591732643552,90.2777777777779,89.81895119710246,89.70548191603449,88.0723262238634,89.56940802996176,89.73692880943214,88.68527614611477,86.84608632734773,90.25855799548236,89.06732761120684,90.17574239274145,89.71337142252384,89.70116856390342,89.96351134591416,90.2777777777779,89.43354821477647,89.43354821477647,88.55900873761028,89.35689474415949,90.2777777777779,89.7289714217782,90.05437483344372,89.4167402080518,89.49893207416348,89.94705564137143,88.30298307106604,90.2777777777779,90.2777777777779,89.85871869798545,90.2777777777779,86.87945191199307,89.87558204762858,89.87558204762858,90.2777777777779,90.2777777777779,88.98477945886764,90.2777777777779,88.2802771835354,90.2777777777779,89.57714170926799,90.2777777777779,89.68961829321147,90.2777777777779,88.86613224022153,90.2777777777779,89.87908303846746,90.2777777777779,87.59783532302026,90.27095529261231,90.06944954268407,90.06001214923053,90.2777777777779,90.2777777777779,90.13321164514387,89.84641101638033,90.2777777777779,90.17667073465988,89.01218733106593,90.2777777777779,90.2777777777779,89.88617597205884,89.5750485218608,89.30425169260619,90.0085095754828,89.38424858108932,88.6380136004072,89.46516603334916,86.03969152678326,90.02411580915,90.2777777777779,90.2777777777779,89.96471829221869,89.9120185534889,89.22098701036762,89.36585618516487,88.75492860686992,89.39030374565905,89.71471716741618,87.62278362224978,90.2777777777779,88.5749752471886,90.2777777777779,90.11913156916621,89.45238173420876,88.19060160522628,89.24195032569328,90.2777777777779,90.1188029063389,88.25119184782174,89.74322232411006,90.2777777777779,88.31080460537333,90.2777777777779,89.50686645167212,89.88034814876426,90.2777777777779,89.98762683787312,90.08138160336699,90.2777777777779,90.2777777777779,90.15935145136135,89.57768037863082,90.2777777777779,90.2777777777779,90.2777777777779,90.15399490065282,89.28187758082497,90.2777777777779,90.2777777777779,89.74978006172051,89.50433059050044,90.2777777777779,90.2777777777779,90.2777777777779,88.78370542528506,89.24927330711525,87.8002469756464,88.71915892533357,90.2777777777779,90.2777777777779,89.34700544246155,89.307561979777,89.9065646937964,87.93572369458597,90.2777777777779,89.96534616663213,87.45519256860248,88.82113567020811,88.62032301069286,89.96004836718254,89.96004836718254,86.32901018386559,86.97515234484277,86.77942472524013,88.82264699518319,87.69401469483034,88.38340332466512,89.85180286690873,90.2777777777779,89.71063735925023,89.9751950834207,89.1323691860172,90.2777777777779,90.2777777777779,90.2777777777779,89.42328307003764,90.2777777777779,90.2777777777779,86.1737672034502,88.4867844383181,88.04538831639324,90.2777777777779,89.16597031375966,87.06756311403994,87.9341030116445,89.39636047333124,90.2777777777779,89.54662729706105,89.72632961572397,89.72632961572397,89.0617592075867,88.28724318182199,88.87198725551849,90.2777777777779,87.71484705001784,89.39522439111485,90.21508311102895,90.2777777777779,89.6927983938018,89.43153755062357,89.24668511701331,88.97401675368428,89.42782325352238,87.66803666038909,90.2777777777779,90.2777777777779,90.2777777777779,87.97657670446665,90.2777777777779,90.1205996052884,88.92521737176911,90.14272015880468,90.2777777777779,89.18203859328386,86.8572331034868,89.82623643269402,89.48002164755341,87.75368994721794,89.48002164755341,87.35174892901325,89.34234643935956,90.25990103926507,88.99446464433566,90.2777777777779,89.79821522064056,90.2777777777779,90.2777777777779,90.2777777777779,90.08055299793966,88.99344222553744,90.2777777777779,89.7564376340386,90.2777777777779,88.77300596787558,88.11538960577076,88.5989412390652,89.69197002897617,88.40599142060887,89.28668301821719,90.12501367941923,89.16151639630661,90.05798668264481,87.73148751267556,88.39358139959413,90.2777777777779,88.62169249961414,88.36473079451915,89.47252474288105,90.2777777777779,90.2777777777779,90.2777777777779,90.2777777777779,89.26133951572004,89.52618703802246,90.2777777777779,90.2777777777779,89.48008747729561,89.8479876244192,87.72877907672121,87.72877907672121,89.91355488378649,88.23268541720097,90.2777777777779,87.39708335827345,87.15386553823018,87.28908706143872,89.87886011076269,89.96393455953246,87.67876987395768,90.2777777777779,90.2777777777779,86.61516147671404,90.2777777777779,88.26245323390553,90.2777777777779,90.0655378863984,90.2777777777779,90.2777777777779,88.09131945010598,89.98799305559578,88.09131945010598,89.25932076591774,90.2777777777779,90.2777777777779,90.2777777777779,90.2777777777779,89.65315589535982,90.2777777777779,88.84735437199076,89.10528810876465,90.2777777777779,89.49741169321658,87.27126220696863,85.53012518974987,89.41049564069019,86.20483981202202,88.94858085997738,88.3899801415985,90.2777777777779,89.17599755871805,89.01247568252758,90.2777777777779,88.83169237858704,89.71290604737672,90.2777777777779,88.88884013150953,89.8549107197821,89.97103134028616,89.8435488886826,90.22638500861662,88.73192013477808,90.27288310225299,90.2777777777779,90.2777777777779,90.2777777777779,89.95217230449961,89.36208142799855,90.2777777777779,90.2777777777779,88.9956549227444,89.90949469596923,87.18632034324862,89.87998892112455,88.55796840384275,89.71103840974895,89.26494807275037,89.01978439278892,88.89587883326367,89.22901066826395,89.0585663652706,89.32481690232139,90.1677250622266,85.90702906123282,90.2777777777779,90.2777777777779,86.19350706745905,90.00231880427786,90.2777777777779,89.96929185798439,90.2777777777779,90.2777777777779,90.07598160929724,90.2777777777779,88.76189149055529,90.03548923799764,89.59859686299198,90.2777777777779,89.28645140518745,89.65717298978686,90.2777777777779,89.79379141396545,89.63799975242534,88.58371558161076,90.14110381317234,90.10295118868072,88.01930389610062,90.2777777777779,87.60666062180289,88.44906857977793,89.24990662265284,88.45694536935983,90.2777777777779,90.01058592009268,89.51050702332587,89.51050702332587,89.33468191472545,89.85806792115775,89.18794106857531,90.18589810144476,89.32943355881635,90.2777777777779,89.67874335336838,89.383264249434,90.2777777777779,90.17165815575721,90.17165815575721,90.2777777777779,90.2777777777779,90.03522274436335,90.2777777777779,89.86773932036371,89.21339513727511,90.14524344326541,90.2777777777779,88.74825376326866,88.45075591554715,90.2777777777779,89.8199771925365,87.81740469481191,89.24608081714382,87.1871030503836,90.2777777777779,90.2777777777779,90.2777777777779,90.2777777777779,90.10512627073062,88.81609870001459,89.81427734859766,90.2777777777779,88.67962658501253,87.68906852720642,89.51418987867525,89.44736646912183,88.7675131891617,90.2777777777779,90.2777777777779,87.73991093465328,90.2777777777779,90.1454382190692,90.06146572869926,90.1454382190692,88.30726044931434,90.25669734947313,89.7361746608749,88.65210257882805,89.59332824098935,89.6541554447067,90.2777777777779,89.79409253558657,88.75477978441852,89.53588108015683,90.2777777777779,88.68178709426438,88.9427604889404,89.23195177106277,89.76237600523865,89.98220516336343,89.98220516336343,88.27467545009,88.0117994410571,89.43296266959675,89.95606917247984,88.61331649496968,87.28144740721486,89.7887244275317,89.53403099524971,89.75572305972763,90.2777777777779,89.9899711881787,89.80542949493785,89.06882643607172,90.2777777777779,90.10052585512554,90.2421533904103,90.2777777777779,89.13717204934245,90.2777777777779,90.2777777777779,88.25152931597616,87.6005804238033,90.2777777777779,90.2777777777779,90.2777777777779,90.2777777777779,90.2777777777779,88.90207508806893,90.2777777777779,88.90207508806893,87.05678270615627,90.2777777777779,90.02456530611518,90.2777777777779,85.79556318145374,86.8282910687663,87.05426647304857,87.85723695100654,88.50381633308544,88.23391039104771,88.23391039104771,86.9650969743844,89.57173200303366,87.60436541813534,87.98860538514538,90.2777777777779,89.39272016851987,90.2777777777779,90.03220146083804,90.2777777777779,90.2777777777779,89.17075509574931,90.2777777777779,90.2777777777779,89.68298095591315,90.2777777777779,90.2777777777779,89.84500702298735,89.36657932342014,90.07422832129092,90.21602568569048,89.34226727031742,89.6533512989984,90.2777777777779,90.2777777777779,90.2777777777779,89.58458535233208,90.2777777777779,90.2777777777779,90.2777777777779,90.2777777777779,90.2777777777779,90.1848866106612,90.2777777777779,88.6234636423505,90.11473058335596,89.84029903768099,89.24369506585919,89.4858752891867,89.79760063759726,89.75444705314621,89.64309411666858,89.02298933084111,89.74449049437385,90.25904406781237,89.72127974622813,88.70094640967518,90.2777777777779,90.2777777777779,90.05887519616412,88.42773355061533,90.2777777777779,90.2777777777779,90.2777777777779,90.05887519616412,90.18514622920033,90.2777777777779,90.2777777777779,90.2777777777779,90.2777777777779,89.93199217716833,89.4328382587626,90.2777777777779,90.2777777777779,89.28161202830157,89.28161202830157,90.2777777777779,90.16213313812995,90.2777777777779,90.2777777777779,90.2777777777779,89.8489879002474,89.08408623649571,90.15619162649475,89.33124474117407,90.2777777777779,89.45754343052528,90.2777777777779,90.2777777777779,89.53849806024287,89.8303897135812,89.29580797173593,90.07725825693876,90.07725825693876,90.07725825693876,90.26287731831758,90.057872126126,90.2777777777779,88.79884102531238,90.2777777777779,89.79186864848306,88.30735003657917,90.2777777777779,88.07662781434837,87.18149083806013,89.22472443171915,87.54356734325988,90.23777480935176,87.54356734325988,90.2777777777779,86.84248369190014,86.19814978101562,89.69990818990273,89.87273640962029,89.16993238230762,89.16050155347075,86.5336148411113,89.74414922236016,88.89901193476017,87.14156485142504,87.76990434367053,87.23127112899863,86.02420557950629,88.03681657673641,86.39666249417512,87.76779126540353,88.57269069631569,88.57269069631569,89.85641771478731,90.07172215074445,90.07172215074445,90.2777777777779,90.2777777777779,89.9335690338232,90.2777777777779,90.2777777777779,90.2777777777779,90.2777777777779,90.2777777777779,89.84866052172363,90.2777777777779,90.2402683779933,88.35483273706669,88.26387067553398,88.87014736299186,89.18353221114333,86.83861845053053,88.60929292222481,87.38394067058562,90.2777777777779,90.12162802485263,86.77607034369204,87.54476439313584,90.2777777777779,90.2777777777779,89.91790976820529,89.70611951882843,89.12741190274562,90.10922512949962,90.2777777777779,90.2777777777779,89.15297023006129,90.1268800427358,86.95370190196036,89.52821129845447,87.13971461894383,89.07520824500173,90.2777777777779,88.5149057792731,89.77623611934756,90.15065760741129,88.32258346317171,90.2777777777779,89.25705647731293,89.36814830503343,84.56157051324787,90.2777777777779,87.91952511135763,90.2777777777779,89.71227050721289,88.70094668421973,88.19137520521154,90.21473897555633,88.97159685950352,89.4310899590627,90.2777777777779,90.2777777777779,90.2777777777779,90.02961813682386,89.45285436402685,89.40073097511694,89.85650894979838,89.10677576449748,90.2777777777779,89.70037820139906,90.2777777777779,89.3019047079831,90.22674113221952,89.99714851055275,89.76399526300176,89.76399526300176,89.2024058440814,90.15857083687416,90.2777777777779,90.2777777777779,90.2777777777779,89.71528423580874,89.71528423580874,89.88752316559308,89.65352311364913,90.16568792331171,89.77932510199655,87.4776905367813,88.67740656332242,90.19037761137385,90.2777777777779,90.01353670067857,90.2777777777779,90.2777777777779,89.19876921977813,90.02275412135835,90.2777777777779,89.21747973343813,88.89407482148509,88.71629001019281,89.29715595502219,90.2777777777779,90.18997992810526,85.71987016669688,90.2777777777779,88.96066266250186,89.15832466601015,88.91043465678058,89.44695316030436,89.59125671919912,90.19138656149866,90.23757467682644,89.54707099232884,89.54707099232884,89.5927351157589,87.04562101615512,87.04562101615512,89.72018273591343,89.06580620183486,88.66588491093911,90.2777777777779,90.2777777777779,89.36885084527647,87.38395701170133,89.87318044071753,89.77117763065823,88.79799159545313,88.9099521479466,89.96562987589373,90.09191346167428,88.37473089512096,90.20653909875534,90.12714953855907,89.26342697685254,86.50641512184419,90.2777777777779,86.9010790828473,89.36246182675247,90.101684077519,87.44537412155552,87.72263996942878,90.2777777777779,90.16895190747863,90.2777777777779,90.2777777777779,90.2777777777779,90.2777777777779,90.2777777777779,89.51713890521229,87.72459629888311,90.2777777777779,90.2777777777779,90.2777777777779,89.36572267923478,90.2777777777779,89.76566074278065,90.2777777777779,89.80195526032624,89.10940219107529,89.54019779355534,90.2777777777779,89.9942635984622,88.0796644261764,88.94437337190294,88.59346367648598,88.88361196007862,89.66684903739136,88.71886534127638,89.97748223483198,90.16800431611523,90.2777777777779,90.2777777777779,87.94266390759906,89.56301388361484,89.72128472332932,89.83382688888119,90.2777777777779,90.2777777777779,90.19880495339855,89.61327327767746,90.2777777777779,88.47840578478865,89.41424658869201,88.65029173668107,89.58776752587592,89.2353999891902,89.88296307099772,88.87339384432852,90.20968376435971,87.85726544683631,90.2777777777779,90.2777777777779,89.41844868699337,89.09859301329362,89.1790775159502,88.79636083371517,90.2777777777779,88.66076348033518,88.99455523843577,89.56585091832177,89.63487148304007,89.90924361178207,89.57861865862988,90.2777777777779,89.76953305526487,89.56696406476624,90.2777777777779,90.2777777777779,90.23382331865164,90.23382331865164,88.996838917941,89.04062821414088,88.63912437370347,86.90449322286517,88.96622753039375,87.46852393755097,90.2777777777779,87.21531115129842,88.35146969628533,90.2777777777779,90.2777777777779,89.57116993426726,90.2777777777779,89.84446547533341,89.50381555219519,90.2777777777779,89.20862292649589,89.63924666106692,89.700024809767,90.05272513538556,89.84670981590232,89.23407465411734,90.2777777777779,90.2777777777779,90.2777777777779,90.25916941508089,89.97366574244307,87.0714422655186,89.47778093928831,90.01760161320803,90.2777777777779,90.2777777777779,88.730337253018,88.40218366661352,89.91168670616312,90.2777777777779,89.75911538513789,90.2777777777779,90.20183730229401,86.53485888361325,89.41599529194757,90.2777777777779,90.2777777777779,90.2777777777779,86.45787033157424,89.53962338835312,89.01202637768158,90.2777777777779,89.84514334958882,87.615201867343,89.21279326613268,90.2777777777779,87.56709838033093,89.26314100109835,90.2777777777779,88.66957085089992,90.2777777777779,88.75900159284657,90.2777777777779,88.63657255700372,90.20557434539009,90.2777777777779,90.25326037496664,88.3991048659901,88.59451970392747,90.2777777777779,89.76833143564566,90.2777777777779,88.12885589561907,90.2777777777779,90.2777777777779,90.2777777777779,88.57247792668242,87.62147927735887,89.49731537764062,89.6773102184644,90.2777777777779,89.49731537764062,89.13741722989062,88.90559496229058,89.34061674961222,90.2777777777779,90.2777777777779,90.2777777777779,89.64120285651471,90.2777777777779,90.26903558144855,89.10909907166997,90.2777777777779,90.2777777777779,89.4372103129031,88.18571222407566,90.2777777777779,90.16862520672666,90.2777777777779,90.25646873031204,90.2777777777779,88.7274995813149,88.06111460446716,89.791457225692,90.2777777777779,89.29727614675349,90.25030595040818,90.10877692659508,89.34528363615235,89.63496077044928,89.34528363615235,89.30853581088486,90.2777777777779,90.2777777777779,89.55064509080196,90.2777777777779,90.21283912159892,90.08858431059345,89.91169808999764,90.2777777777779,90.11450328858348,90.08858431059345,90.2777777777779,89.88202905624323,88.74071950105316,90.2777777777779,89.08249969729725,90.2777777777779,88.58931770460578,90.2777777777779,90.06703245341,89.78479546139566,90.2777777777779,88.26782184548803,90.2777777777779,89.88572119295202,90.2777777777779,89.20068750786075,87.87336107714594,89.42083401143012,87.57983731673599,90.0471743563893,90.2777777777779,90.2777777777779,89.07204841928144,89.70647619545403,89.58106465422019,90.2777777777779,88.40704953279497,90.2777777777779,90.20327925932673,89.15039028287536,89.30591238355211,87.55697339122145,89.98898424360043,89.77135071518434,90.1881852380686,89.85045267021547,89.20886840906564,88.1338138053248,87.60198174553983,89.49671019474086,89.5019378423304,88.89106067482126,88.7622068848267,90.2777777777779,89.5019378423304,89.32580930851209,89.51175619545634,89.12237339157817,89.44667893224317,88.63351202797116,90.21168739768687,89.58514923674596,89.51844738027046,90.2777777777779,88.88003724419661,88.7016774008118,88.7016774008118,89.77039883082945,87.23219569099402,88.33509732986931,89.66861599502036,90.2777777777779,88.77312268240607,88.05061262271367,89.79412982925116,89.83971773248525,89.39880406987939,88.66379510681884,89.89543392120908,88.66379510681884,86.59450033728527,90.2777777777779,87.53303600732933,88.72942603838055,88.89488701338382,84.79099643221099,86.43690391926164,86.43690391926164,90.2777777777779,89.48738936415228,90.14854257564508,90.2777777777779,89.30626401580373,89.27139520078039,89.33456172961662,89.27139520078039,89.33456172961662,90.2777777777779,90.18929284823565,90.2777777777779,90.2777777777779,88.29753902106796,90.2319278402085,90.2777777777779,90.2777777777779,90.2777777777779,89.37117302558543,89.82223968058211,90.2777777777779,89.26815996496661,88.20805976002202,89.7899757927971,90.2777777777779,90.2777777777779,90.2777777777779,90.16259160851149,89.87201555750241,89.60123235751533,90.08263612986745,89.33599178783408,90.2777777777779,89.64936581493626,89.99374540163505,90.2777777777779,90.23849076304641,88.89203065099645,88.6004833645904,87.76412457727535,89.23405070216162,87.86391976481544,90.24897596971441,90.2777777777779,87.97938339646831,90.2777777777779,87.66122293449703,89.05049946636895,88.7702123992842,89.77419031741681,88.31264033176501,89.80631990472662,88.60150090287773,87.35247234383063,87.96041691915832,90.14227798387992,89.44319934795351,89.70457857353708,89.87950509690624,89.87950509690624,89.39765954955972,85.9883766983256,86.3624374685979,90.2777777777779,89.57945858768782,88.90784562018922,90.17016972993439,90.2777777777779,88.60400622326462,87.30143736668549,89.915371903182,90.2777777777779,90.01402585693769,89.39314383531814,88.66113673083497,89.63815456887906,90.08990656609106,90.08990656609106,89.89150436492227,86.25447175337311,90.2777777777779,90.08990656609106,88.93606790014415,90.2777777777779,89.61263865451069,89.63662079880334,89.61263865451069,89.9892499794034,90.2777777777779,90.2777777777779,89.63248872393821,90.00448816626218,89.60327211998633,89.49285375369581,90.10113953079531,89.48016643005106,87.84145874729086,90.2777777777779,90.2777777777779,89.93680806411841,90.1164043126251,89.9162065453266,88.33944695392289,89.7854600446369,90.2777777777779,90.2777777777779,89.65282678667941,89.17303528979089,86.64077393400385,89.65565233375582,86.31924640363718,88.67039224347593,89.83723160324766,86.38207992173298,90.2777777777779,90.2777777777779,88.99432472967287,87.63538258878937,88.99432472967287,88.13194197946015,88.26539808397644,87.52784625457191,89.18415306367265,88.26539808397644,88.93139769923006,88.59173837366043,88.82736138932971,86.26059044046636,88.23129862057878,90.24529213827276,88.97033005620894,88.9422989563754,90.2777777777779,85.47445498049602,89.22336907428992,89.0555817076586,90.2777777777779,88.05785891283645,88.85735359857183,88.34733420444513,90.2777777777779,86.32441563159693,88.05460563682615,87.70478727879197,89.3251908240792,88.45818181193707,88.01866633804426,87.16084435335858,89.98778033082137,90.06318968164524,86.27545256202627,90.02694831832581,89.61475717136018,89.59270339551543,86.75390768538941,90.2777777777779,88.89826276410263,88.59938246608431,88.7354756447391,88.1542284689683,89.89023760132606,90.2777777777779,89.59696557420759,87.97248181677776,89.17624874483357,90.2777777777779,90.2777777777779,90.2777777777779,90.01114279601917,89.2122496636167,89.26675189829155,90.2777777777779,89.2122496636167,90.2777777777779,90.11894072103878,89.73189209059453,90.2777777777779,90.2777777777779,90.2777777777779,90.2777777777779,90.09247864141858,89.58929122945214,86.68169512713558,85.9933750638128,87.79783668290224,89.34790543908153,88.55250734373314,87.86860890472104,85.03573701772915,88.74070595660005,90.11602526783997,90.24682550305779,88.68560748443369,90.2777777777779,89.72572337443971,90.2777777777779,90.2777777777779,89.77608024576398,90.2777777777779,90.22144135104253,90.19096006668573,90.20034051706865,90.20034051706865,89.9924450527345,88.6375175911547,90.2777777777779,89.43115040049335,89.01126637904247,89.87269636282716,90.2777777777779,87.19744118840306,90.2777777777779,89.87904798532279,90.2777777777779,90.2777777777779,89.59303929360526,89.57433315123207,89.80306274787769,89.22722069021336,89.19532068655761,88.5554823325486,88.11086640108019,89.61481866610902,88.7997722168445,90.021590999796,86.77669512576095,90.2777777777779,88.12856028829489,89.71427041130431,90.2777777777779,90.10757748657586,89.42323438064776,88.93969363199808,90.2777777777779,89.15688260933098,89.37090854627209,90.2777777777779,90.2777777777779,89.09558164083481,89.48075649213605,90.2777777777779,90.2777777777779,90.2777777777779,90.24521693552299,90.2777777777779,90.20424035430145,88.5429023093442,89.16901334214765,89.23697163820697,90.11460040380942,89.57080287197853,89.59782015702862,89.47822022745262,89.44562128577311,87.95147240129549,90.2777777777779,87.8019393027727,88.43958163234869,87.49480164060338,89.16975826515066,89.33671361886965,86.34747262436974,89.24197214463216,89.49560471802938,86.30453178506723,89.80456032678357,89.75587914734568,88.44722462938077,90.2777777777779,88.60440018826078,86.59838705728905,89.19799310321528,88.15840044551237,89.30635705799052,89.50056333128776,89.9977744247293,90.2777777777779,88.72198267095123,89.50056333128776,90.2777777777779,89.39917729707673,90.2777777777779,90.2777777777779,90.2777777777779,90.2777777777779,90.18727949588262,88.37469333069602,90.26261983745133,90.26261983745133,90.2777777777779,90.2777777777779,89.91870674385359,89.67792218146445,89.46277277295944,88.97566342246449,89.97520398720718,89.43174309743976,89.70673863519184,87.12223507536332,89.3841496267185,89.00424833875819,90.26547528300016,90.26547528300016,90.26547528300016,85.48541447318688,89.96380084237549,88.98449878461473,85.48541447318688,90.2777777777779,89.48465536096937,90.26309878162166,87.16053839321492,89.57789088667741,85.98611287521744,90.2777777777779,88.70930709102718,88.44489908773288,90.2777777777779,89.17462154949912,88.45933723639425,90.2777777777779,90.2777777777779,90.00531571902496,90.25025471308803,89.22108857843854,89.8900545355012,90.20138740051401,90.2777777777779,89.90603923211637,90.25652121174011,88.75870894631467,89.73922957436739,89.02519549225771,89.16672509377491,90.2777777777779,90.2777777777779,90.2777777777779,90.2777777777779,90.27575894794448,90.2777777777779,89.71018612498821,90.2777777777779,90.2777777777779,90.2777777777779,89.81596551131165,89.52927658183411,89.15745558597933,90.2777777777779,88.01184764212006,89.86092561661115,89.46523743208364,89.86092561661115,88.82740869162379,90.2777777777779,90.25175377948291,87.42924865260906,90.2777777777779,90.2777777777779,85.13094739661278,90.2597315606691,90.13256485263494,90.2777777777779,90.2777777777779,90.21367534759217,90.2777777777779,90.2777777777779,90.2777777777779,90.2777777777779,89.89188848621058,90.0673861619579,89.22483876524296,89.0015436931737,87.64504886722688,90.07829462128491,88.78746017028041,88.89617969210357,88.89617969210357,88.78497082627317,89.32729981224071,88.97965631506324,89.32729981224071,89.62740434003084,88.18334870325728,89.56431112794189,87.9083310602588,90.19578735497984,90.0507154753964,89.24833052474268,88.85220453884536,90.2777777777779,89.76116196977786,90.2777777777779,87.72269255688056,88.74086599597298,90.2777777777779,89.19941464379104,89.90662468359763,88.45769312413762,90.2777777777779,90.2777777777779,90.2777777777779,90.2777777777779,89.33662183453724,90.2777777777779,90.08897206266884,88.79030965564803,90.08897206266884,89.09864158352214,88.84714120677839,90.2777777777779,89.94067819391987,88.67945780243109,90.2777777777779,87.67155743040412,90.2777777777779,89.6451686104944,90.19069330842147,87.55095579723181,90.2777777777779,89.8404788256107,89.49043462685842,90.2777777777779,90.2777777777779,90.03768922817187,88.57961496467883,90.2777777777779,90.2777777777779,88.69205439220153,87.70394412982505,90.2777777777779,89.79547042871658,89.85357314356446,90.2777777777779,89.79547042871658,90.2777777777779,90.2777777777779,89.52276055988449,89.8315660706134,89.59975217227486,89.56602907790898,90.2777777777779,89.57922810306691,89.52312665075569,90.2777777777779,89.66683086952344,89.43607986234291,90.01053995400478,87.99563697343208,88.23393339390623,88.8757235911201,89.93630853498819,86.7027663466241,87.41539418736798,89.80591147752037,90.2777777777779,90.2777777777779,90.2777777777779,90.2777777777779,88.59255135685724,90.2777777777779,89.946593873053,90.2777777777779,90.2777777777779,90.2777777777779,89.53030847827493,89.69276290678026,90.2777777777779,90.2777777777779,89.68651234059811,89.91128666767422,90.2777777777779,90.13008963876028,90.2777777777779,90.2777777777779,86.76794978998991,90.2777777777779,89.26271946555059,88.67232066925719,89.59484844770475,89.75691367519987,89.73028844294282,88.74238621870094,90.2777777777779,88.74238621870094,89.06852378035387,85.07219845924907,87.13432119121985,90.15845699149196,90.2777777777779,90.10287716899947,90.2777777777779,90.2777777777779,86.48285064448204,88.93435255243864,90.2777777777779,90.2777777777779,88.20674928030839,88.85914128738818,88.62382747162403,90.07610820894146,87.54025624314137,90.2777777777779,90.14480878385802,88.43500601030496,90.12883922561326,89.91752665991905,88.8094847601534,90.1984035242052,89.46116538197363,87.98042367309169,89.5479831726878,90.2777777777779,89.17916273623814,90.09762408221934,87.24753484420356,90.2777777777779,90.2777777777779,90.2777777777779,90.0377484350806,90.2777777777779,90.2777777777779,90.2777777777779,90.2777777777779,90.20122639720381,88.61057723466236,89.33929035516609,90.2777777777779,89.67746967273187,85.67471888360754,86.92481673347469,90.2777777777779,90.2777777777779,88.47741988725379,86.9473951155846,89.87916021364191,89.84914799439659,89.36507372065948,89.90560660369597,90.2777777777779,88.44745934934386,89.39583209442144,89.58351100673019,90.2777777777779,90.2777777777779,89.58548253372106,88.29355862502807,90.2777777777779,90.2777777777779,89.79481176804636,89.96441603076029,88.87072265458426,90.2777777777779,89.99162494705283,89.81240351985691,88.04019935256652,85.50172185400585,88.92874823778908,88.26256580864572,90.2777777777779,89.99387861618838,90.2777777777779,90.21640128512799,89.33274351257742,89.33274351257742,89.33274351257742,90.2777777777779,88.75269703450402,89.65041003506768,90.2777777777779,90.2777777777779,88.42088924245739,88.08044923958404,90.2777777777779,90.2777777777779,88.52592876771632,87.60789157583946,90.2777777777779,90.2777777777779,90.2777777777779,88.95121194774049,89.05840177514455,90.2777777777779,90.11079513222543,89.51854760085077,90.2777777777779,89.91913396356809,88.39528670763812,89.36148164955733,90.2777777777779,87.82638689397515,89.70911337462263,90.2777777777779,88.51308259443364,88.59034474888865,88.91522834862741,88.56622998526684,90.2777777777779,89.98404239178494,89.09584266356855,90.2777777777779,90.2777777777779,90.27069984719178,86.34256962851397,89.22542600332328,87.21239591355766,90.2777777777779,86.01316507264309,89.0246621351798,89.71976841705632,88.59427408180596,90.02276650449949,88.67213254319704,89.59999100986327,85.23780852542356,89.762083708673,89.55058142817813,90.2777777777779,90.2777777777779,87.53691247416103,90.2777777777779,87.37493938927906,88.33796883095036,90.11267789084879,90.2777777777779,90.13006015227134,90.2777777777779,90.2777777777779,87.58308452294492,90.135543898881,89.72020945016251,90.2777777777779,89.95701321436114,87.04878213488719,90.2777777777779,90.2777777777779,90.2777777777779,87.49730883365078,86.72795750696712,88.27302160450691,89.69736522042041,90.24418291383519,87.65071496195588,90.2777777777779,87.72148085675528,87.86492515997998,88.09862489597084,87.81710033080279,87.66843511132707,84.99081494948565,86.3204314773111,89.37648926891384,86.57332592249139,86.26700418653134,86.57332592249139,88.51124580076613,86.76779313879766,88.0983922294702,88.00247283934871,89.44075473368005,86.30785884084463,90.2777777777779,87.40577044619644,88.38228086111909,87.56317830221525,85.80882062298352,90.2777777777779,90.2777777777779,90.2777777777779,90.2777777777779,90.2777777777779,90.2777777777779,88.13291175386185,90.2777777777779,90.2777777777779,90.2777777777779,89.19479304059635,89.19479304059635,88.43777495211268,89.1169984653454,88.64960750159575,88.39432529493077,90.2777777777779,89.71263501644417,86.24894984943103,90.2777777777779,90.2777777777779,90.2777777777779,89.43498247995798,89.36947756855541,90.2777777777779,88.33248653437278,90.2777777777779,89.67087918985429,89.15723942772206,89.77186672580731,89.11363400889498,88.51732440657426,90.2777777777779,88.6574506305378,88.78694864448755,89.41731543264396,89.0632192979612,90.11992620030782,89.79406359626931,90.2777777777779,89.38038455316212,89.78282902162525,87.2866992356262,90.2777777777779,88.70176629393083,87.38255032884176,90.2777777777779,87.73962103921875,86.65283383583441,87.41183048124188,87.41183048124188,89.24629738752708,90.2777777777779,90.2777777777779,90.2777777777779,89.32735447819591,88.75445651623416,89.95964153266624,89.50721428753499,88.88385523896639,88.88385523896639,90.22118421735351,88.88385523896639,90.01785631646497,88.72515236317841,88.83357980738913,89.99957925272855,90.2777777777779,89.96089847056565,89.27376113334174,90.16394497570224,88.7493021906954,89.01597008129897,89.01597008129897,89.58185817726346,89.10238967844886,89.14599017361884,89.34904922720389,90.2777777777779,90.2777777777779,88.21373080823011,90.2777777777779,88.09879189520723,90.2777777777779,86.22927750402442,89.14011266176585,90.22251896697189,90.2777777777779,89.082645229258,90.17415840382273,90.2777777777779,89.46648297090356,89.2186004563711,90.2777777777779,90.2777777777779,89.83986085117888,90.20339885101494,90.2777777777779,90.2777777777779,89.13628406247645,90.2777777777779,90.2777777777779,90.2777777777779,88.29175946276246,87.84247416551123,88.20616817714031,88.23961681504423,87.0306180756346,88.20616817714031,88.69284686878093,90.2777777777779,87.85042258783251,89.1783011908026,86.0411124053319,87.07956470975165,84.6655760882334,86.57931167727618,90.2777777777779,86.6055597437025,88.94930587099165,89.19373721431272,89.18701408455074,89.92360775893007,89.27253146812504,87.81854703378588,90.2777777777779,89.11149480377962,90.2777777777779,89.52321025038948,90.27497812071128,86.25347249637755,90.2777777777779,90.2777777777779,90.2777777777779,89.77746136559335,89.66016183613351,90.2777777777779,89.79200203891288,90.2777777777779,87.45779225698861,87.30772412901692,89.59625960974478,87.73011518502149,89.00046976817949,89.21025693050113,89.21025693050113,90.2777777777779,89.21025693050113,90.24809298472918,86.80959258621817,87.34072972498727,90.2777777777779,90.2777777777779,88.43904498777582,89.3570058588816,90.2777777777779,90.2777777777779,87.95393881392712,90.2777777777779,90.2777777777779,87.42524168228204,87.61129762479248,90.2777777777779,90.2777777777779,90.2777777777779,90.1992621871164,90.2777777777779,87.41914174081,90.25761626801363,90.2777777777779,89.07654029809433,89.37827748751945,89.67747206465937,89.15297419000093,90.2777777777779,89.5739400992943,89.72177184287746,89.31306423370629,89.35178375480152,88.32755138968007,88.74906778302798,88.68744586982817,88.68744586982817,87.49147548869827,88.31511794836273,88.44368044226145,90.2777777777779,88.9981631270557,87.48322923350682,88.35376566467167,85.06628832312062,90.2777777777779,90.2777777777779,89.94868882251777,90.2777777777779,90.2777777777779,89.59308796194983,90.2777777777779,87.32759118854747,88.89532836053314,89.45411079678844,90.2777777777779,90.2777777777779,89.34041228749106,88.58864012676428,88.87272019035079,90.2777777777779,88.66317982002128,89.8569509619453,88.66317982002128,90.2777777777779,90.2777777777779,85.00207128244575,90.2777777777779,87.3247640505159,90.2777777777779,88.3764202145959,88.71230191927027,88.45946984805315,89.88760909938587,90.26006718170896,89.52874828006271,90.19505858170862,89.68408474017511,89.2959821050358,90.13991841294144,89.54195240550324,88.22235651734958,89.88101574015441,88.95542850742535,88.37519594527916,89.1832251203873,90.2777777777779,86.2546197963319,89.5719650119883,88.10953213711117,90.2777777777779,90.02222552258387,90.2777777777779,90.12656774658635,88.65586851602926,88.39766401186773,86.73695552357435,90.11705797051025,89.63677293481543,87.99567965016533,90.03027024268465,85.24561243905,85.87351868856547,87.18979136391593,84.35820848489182,87.99567965016533,87.02427471737275,90.2777777777779,90.2777777777779,90.2777777777779,90.08408921232049,89.24233228492014,89.41556552716834,90.17780265214022,90.2777777777779,89.2077944906386,90.2777777777779,90.13452411937224,89.12661371489975,86.37341059908765,88.90862764707896,90.2777777777779,90.2777777777779,90.2777777777779,89.33464264795109,90.13267064202718,88.64817928553688,88.81398435360893,89.53507359572377,90.2777777777779,90.2777777777779,89.45394926704219,90.2777777777779,90.2777777777779,90.2777777777779,90.2777777777779,90.2777777777779,89.50034946726927,88.77216097844367,90.2777777777779,89.25557874077512,89.19376755724068,89.57806053238568,88.66291687915245,88.9327650258692,89.41449264776783,88.83415407870766,88.46904917370198,89.22397379597909,89.57351351958833,90.06297639856103,90.2777777777779,89.21588800235139,89.43580598755302,88.6852235427511,87.83868118047634,90.2777777777779,90.2777777777779,90.19437464364242,90.2777777777779,90.2777777777779,87.61248480446868,88.8880766287619,90.2777777777779,89.83484563692839,88.19369479504611,90.2777777777779,90.19846029171627,89.43492053394152,89.15484728901092,87.97645885674456,89.55174382062208,90.2777777777779,90.2777777777779,88.29363538894914,90.2777777777779,89.725610354379,89.82950570473864,90.2777777777779,90.2777777777779,90.2777777777779,90.2777777777779,88.98183689663983,90.02131571890436,90.2777777777779,88.98183689663983,90.2777777777779,90.2777777777779,90.2777777777779,90.2777777777779,89.52778122577342,89.63595446843578,90.01649986797726,90.2777777777779,89.0242217313276,88.45452054778349,88.99931537650733,89.42087092058117,89.42087092058117,90.2777777777779,90.2777777777779,90.2777777777779,90.17061173546088,88.7002545461822,89.36993364868796,88.69149676516598,90.2777777777779,90.2777777777779,90.03318729761571,90.20726242449336,90.12699672352288,89.73428256060623,86.74366230850833,90.2777777777779,88.0248577606208,89.77870622731528,90.2777777777779,89.21243170220538,90.254995804071,89.75315969979356,89.75315969979356,90.2777777777779,88.88069797919617,90.2777777777779,90.2777777777779,90.2777777777779,86.88065357863198,88.89265287990985,89.09842314401352,90.2777777777779,90.07382757513645,87.28493322269634,89.95334378394682,90.2777777777779,90.2777777777779,88.28879031750262,90.04999122317508,85.92949285227466,90.2631048489631,89.21280963449074,90.2777777777779,90.2777777777779,89.84610755799267,90.2777777777779,90.2777777777779,90.2777777777779,88.668615199917,89.99096630245799,90.2777777777779,90.04473456077517,89.65339606783972,89.55540467314253,89.32090092648329,89.80136088122515,88.74670433600697,89.56740569829898,89.3205632665977,90.2777777777779,89.3010372363558,90.2777777777779,89.14400242576718,89.76870626326568,90.2777777777779,89.99125761229467,89.11756927883364,87.21312877251468,90.2777777777779,90.2777777777779,89.70292015054915,89.83611791292047,90.2777777777779,89.02275192522026,89.52955103837924,90.2777777777779,86.23055340646677,87.83745440577346,88.78581717751875,90.02409729963671,89.39885848801416,88.78307394725441,89.56735974237579,88.48099203861834,90.2777777777779,90.2777777777779,89.65544486971245,88.825518366658,90.2777777777779,90.2777777777779,88.33804293432866,89.1792115903631,88.59076427810243,88.67880730788764,90.2777777777779,90.2777777777779,88.06299555326612,90.2777777777779,89.56847166033516,90.2777777777779,90.0163808813693,90.2777777777779,90.2777777777779,89.08785348336659,87.06100926958868,87.56951366233997,87.81622850863403,88.38206879802742,89.86518850839859,90.2777777777779,90.07554107534592,90.2777777777779,90.2777777777779,90.2777777777779,90.2777777777779,90.2777777777779,88.67089587896177,87.456106890822,90.2777777777779,90.2777777777779,90.2777777777779,89.7356105077146,90.2777777777779,90.2777777777779,90.2777777777779,89.72842485032153,90.2777777777779,89.07042315061041,90.2777777777779,90.2777777777779,89.69006074113493,90.2777777777779,90.2777777777779,89.51415586849195,88.01822393403157,88.86327546256601,88.86327546256601,87.15305631253283,86.22253480508894,89.01915769110207,88.34873319750724,87.22591733952173,90.2777777777779,87.82946033233387,88.35546340455815,87.08026767914934,90.2777777777779,88.24774190349667,86.70887210053843,87.25367904583712,90.20088449434824,86.2310765342832,90.2777777777779,90.20088449434824,89.73779007446298,85.61540937916237,90.2777777777779,89.25890614403966,89.54114848266485,87.31321401704228,90.2777777777779,87.26277891344637,89.61706562970802,89.61706562970802,87.68678842106318,90.2777777777779,90.2777777777779,90.2777777777779,85.72256577717258,90.2777777777779,89.0718974256286,89.84708423088433,88.68902643475909,89.50553285294514,89.49349018699971,90.098795831208,90.12306206556077,87.49022533310252,90.09553654880574,90.2777777777779,88.97966362671917,88.49072493235755,89.87939298978922,90.17876474139217,88.82233032134216,89.90721611912612,87.99048023232079,90.19603097065057,90.2777777777779,87.59513590315765,90.2777777777779,86.45457749429468,90.2777777777779,90.25468416491904,89.31089058502165,90.2777777777779,90.05544588273179,88.37648271375257,89.6045256424714,88.54808156036043,90.2777777777779,88.54808156036043,89.96116266984161,89.2831998623899,89.13383358571723,89.72271881173822,88.85960584411205,89.13383358571723,89.69349639662767,90.2777777777779,86.71888102410404,90.2777777777779,90.2401866960584,88.66299660241344,89.50039480408613,87.6332028360938,87.70279792565762,86.07305891640236,89.00539814513894,86.73758646364178,88.3551830900799,87.01615836390744,87.76113868880053,89.31667510055277,88.61361465479702,87.76113868880053,87.52991817605772,89.0065152276667,90.2777777777779,87.26546594345064,89.0504579411454,90.2777777777779,85.96816968972406,87.24964370720679,87.5989238377741,90.2777777777779,90.2777777777779,89.53436408228953,88.39260726317993,90.2777777777779,90.2777777777779,89.70920531617625,89.90184852164437,89.51349341223259,89.59690828324024,90.2777777777779,90.20023014749037,90.2777777777779,90.13954457891904,90.2777777777779,89.87560944186701,90.2777777777779,90.2777777777779,89.28817264480482,90.13447089292495,90.2777777777779,90.2777777777779,88.03864014298607,90.2777777777779,89.1556992814621,90.12572801361166,90.2777777777779,86.83228245090427,86.90789944455821,90.07243586809831,89.43902291706357,87.89643187732347,90.08075095052143,89.7513539720389,89.59737071146665,88.89318830772908,89.61589695093399,89.4653364552595,85.75224319915661,89.4653364552595,90.2777777777779,90.2777777777779,89.20383458324993,90.2777777777779,89.6635979566262,88.66090117351257,89.5241322621853,88.03663982176522,88.03663982176522,90.2777777777779,87.58660895516167,90.2777777777779,90.2777777777779,89.76451287672397,90.2777777777779,90.2777777777779,90.27722244642688,89.74759072592158,90.15757240304865,87.57393639481337,87.57393639481337,90.2777777777779,90.2777777777779,90.2777777777779,90.2777777777779,89.87148094724948,87.83261549910654,90.2777777777779,90.06199676378512,88.67935027402442,90.2777777777779,90.2777777777779,89.7266343477831,89.1249597640095,90.2777777777779,90.2777777777779,87.55445711794646,86.8385284594775,85.34422149537208,88.55790153608851,88.048787195368,90.01740974042919,88.65847535289332,90.2777777777779,88.64990772622058,85.17757440533994,90.2777777777779,88.88436517218071,89.51115164694491,90.2777777777779,89.71283578433365,89.93943530769604,89.81214136659575,87.68368465583619,88.89204487263467,88.84823605613065,90.21142590687948,89.32946535148785,88.71937323014872,88.87496370424816,90.2777777777779,88.74525629188399,89.70662357022357,87.23131969258291,87.43129738628305,88.43515138751653,90.2777777777779,88.71549060281959,89.49334800494773,90.08072024549456,85.8243993655101,89.11502169079691,89.86583869315918,89.87872471659185,90.2777777777779,88.12252424057208,88.38838616397942,90.2777777777779,88.98062688421456,87.18055963075521,87.95591342261139,88.99679491825079,89.67030682270922,89.49287498515454,86.9359091625583,89.41615796684417,90.0053750147069,89.25995846234066,88.77100160931161,88.42465636497882,88.74768876838883,87.67960115702792,90.2777777777779,88.74321335947414,88.18616718826301,90.2777777777779,89.34955095975295,90.25357580101749,89.89147347842196,90.2777777777779,90.2777777777779,90.2777777777779,88.864435868185,88.75000868614875,90.2777777777779,90.2777777777779,88.7428965241326,90.10239775476792,89.60773603462192,90.2777777777779,90.2777777777779,90.2777777777779,88.98350208325323,90.01001925250532,90.2777777777779,89.48733730502205,90.2777777777779,90.2777777777779,89.40009705399228,89.62083418239408,89.52447413342702,89.30020239050218,90.2777777777779,89.15523468044138,88.11399709166452,89.3112635612906,88.8027672512032,90.2777777777779,89.38004668863083,87.36182970143027,90.2777777777779,87.35620817600338,87.91665076915973,90.2777777777779,88.25392230272038,87.72596234021287,88.5707006972676,88.5220746846554,89.91393172662707,87.6387412514611,89.82289342808744,89.1747956477943,90.19549985918779,90.2777777777779,87.3077829336363,90.2777777777779,88.93767341456913,88.2375483931507,85.025009859952,90.2777777777779,89.89084126513622,90.2777777777779,90.2777777777779,90.24378016178966,90.2777777777779,89.51489259520108,89.51489259520108,90.22434951216981,89.76333155514831,88.51868043642816,89.85471165323655,89.60849072226694,89.74602659077357,88.33196221763919,90.2777777777779,90.2777777777779,89.90479815781313,88.6978932756156,90.2777777777779,90.2777777777779,90.1442223027332,89.92698351830259,88.97435196059375,89.50194546149467,90.2777777777779,89.35218945028815,89.35218945028815,88.90189730633794,88.01232101666517,90.2777777777779,90.04427801714537,90.2450258775039,90.2777777777779,88.92913414659859,89.06248793314501,86.92748142035686,90.2777777777779,89.98428584888869,90.2777777777779,90.2777777777779,90.06914972776777,87.8966007447868,90.2777777777779,90.2777777777779,88.95559452283422,89.8796347611071,90.2777777777779,90.2777777777779,90.2777777777779,90.2777777777779,89.61937076680296,88.60656146739144,89.3070605437417,90.26583987279373,90.2777777777779,88.00566197933558,90.2777777777779,90.2777777777779,89.98168934974967,89.50752450783702,90.12787712037385,89.99304799928962,89.48138104098048,90.2777777777779,90.2777777777779,90.2777777777779,89.47343280626104,89.51714689203784,90.2777777777779,88.74360124876327,89.57670844777682,88.67941295183263,88.50724322159078,89.97687839538008,89.64613904001664,89.64613904001664,89.03390715038489,87.62362958896804,90.07898593813393,90.07898593813393,90.2777777777779,90.2777777777779,90.2777777777779,90.2777777777779,90.143317562661,90.2777777777779,90.19712318865643,90.2777777777779,90.2777777777779,89.9001295832125,89.36639697924963,88.35831192962569,89.59733585556691,90.2777777777779,88.89267615482063,90.2777777777779,88.34465467317297,88.85075130750509,90.2777777777779,88.16992992796307,90.16328976208784,89.5158753459048,89.68177924750879,89.31034194025361,90.2777777777779,87.82431738404905,90.2777777777779,89.06438167445447,87.37470585803266,89.60036684017675,87.66021169254797,90.2777777777779,89.60036684017675,90.2777777777779,89.82830290710753,90.2777777777779,90.2777777777779,89.50319400820288,88.39431544079893,89.33812484250778,89.51268234874964,90.2777777777779,90.2777777777779,87.09281477162064,89.13455279930575,90.2777777777779,90.10205542050964,89.10564062498874,89.49567657847014,90.2777777777779,89.43729086260113,90.2777777777779,89.59626265809085,90.2777777777779,88.47614700936529,88.74244988470647,88.93103208836108,90.2777777777779,88.15121614480188,89.27582057320149,88.74244988470647,87.24634808561865,89.51519810930606,87.38459300439234,88.15170772614914,87.41396799983855,89.09161035378045,89.3258702528656,89.3258702528656,90.19881096511071,89.84999547083484,90.01307730518425,90.2777777777779,84.56728838902447,90.2777777777779,90.2777777777779,90.2777777777779,90.2777777777779,89.46311881975336,88.64676677794708,88.98300519443642,90.07603450002111,90.2777777777779,90.2777777777779,89.96587441456043,88.98753809404867,90.11622977169884,88.57169489218836,89.01078130442329,90.2777777777779,90.2777777777779,90.2777777777779,88.90526815316298,90.2777777777779,88.80730382100342,88.66717893332118,90.20351541583597,88.56049504835431,88.56049504835431,89.15976897606647,90.2777777777779,89.31445452894536,90.24605374381692,90.04744890772733,90.2777777777779,90.2777777777779,89.10621547060934,90.2777777777779,86.98449734642989,88.00298875969767,90.12499042555672,90.2777777777779,89.31820021023779,90.2777777777779,89.22223575781761,90.2777777777779,90.19846366105872,88.80020067673692,90.2777777777779,87.10587258529765,88.31101980215573,90.10449649517761,86.75813492336714,90.2777777777779,90.2777777777779,86.53378288093595,86.90134205269591,90.2777777777779,90.2777777777779,85.97318184505909,85.4442693053666,85.73155567668944,88.44571478389489,89.59193698468027,89.14188228889688,89.34788761939208,90.2777777777779,90.2777777777779,90.23907054654184,90.2777777777779,90.2777777777779,89.87076413932344,90.2777777777779,88.95975420089273,89.73331967701776,90.2777777777779,89.28724483912508,89.28724483912508,90.01674801781895,90.2777777777779,88.75631359463918,89.08405007322176,89.81743648322043,90.2777777777779,90.2777777777779,89.64363614372499,89.07557531561288,88.80267451395753,88.16111833355733,89.85047900734537,87.05717528423281,90.2777777777779,90.2777777777779,89.55760861337819,89.87790583247221,89.6579241032339,89.59861708953564,89.3990275569965,89.25706431003437,90.12377918953565,90.12377918953565,88.71692744060962,88.82088916966292,90.2777777777779,89.15589019888696,89.75030012115019,89.9043866991984,90.2777777777779,90.13082288009234,90.2777777777779,89.78147606112444,90.2777777777779,88.71451328509367,89.86298610315843,88.14785447711502,89.46443727708872,86.67478131714776,90.2777777777779,90.2777777777779,90.2777777777779,88.62458227462574,90.2777777777779,89.54506873558141,89.5219597397243,89.81480015194677,90.2777777777779,90.2777777777779,88.9205317149092,89.38690856228403,87.29090289693758,90.01839774210384,85.8323200448447,89.8239189581051,88.10896481143504,87.71024903345804,88.77668759418835,89.94111644794496,89.37299123411502,89.43440180138788,90.11590851814009,89.5683031659822,89.44452823212352,89.66536384642515,90.2777777777779,89.3527287680923,88.42750587426423,90.2777777777779,87.44150979130227,87.12156473402146,87.12156473402146,86.01752790404669,86.98256795904237,90.2777777777779,88.87386815237386,87.82918832722645,88.10811037075855,90.2777777777779,90.2777777777779,88.13311670821301,88.59162462613325,90.2777777777779,90.2777777777779,87.2092396844394,86.75894032537913,88.86610772473162,88.10837030630513,89.16310788593157,88.42005626222672,89.92837010561,89.9089024381826,89.10161827873598,87.13604131784386,86.26616640490381,89.69481131164225,90.2777777777779,89.38716592795083,88.83641848684847,89.16902099076266,87.33910095968108,89.68433907495955,88.79805640404551,86.10996544220998,89.0642639481648,90.2777777777779,89.40998937349171,89.65517821774502,88.98061622945579,88.57414782618761,86.72635428126708,89.58387114536025,89.71183940775883,87.48437374193907,88.27252343865352,90.2777777777779,88.69483531078669,90.2777777777779,90.2777777777779,89.66809180741915,90.02418314581911,87.50720030367631,90.26344730665602,90.21269087320937,87.92560829319076,89.84749760927181,86.85871920226995,86.85871920226995,88.08976719539807,89.3983045215611,89.82037236448367,89.38463534955531,90.15278769042554,90.2777777777779,90.2777777777779,89.74262472342285,89.82037236448367,90.03392264635043,88.64361373109563,88.1886349637974,90.03519753572658,89.73422938743882,88.1886349637974,89.42341566276365,89.95090064661574,89.9880633331416,90.1615411471776,88.73742144177218,90.2777777777779,90.2777777777779,90.2777777777779,90.16702212369634,90.2777777777779,87.97227064915452,90.2777777777779,89.32380374438398,90.2777777777779,90.10179760897333,89.83775649667041,88.39444826688207,90.2777777777779,87.75380526569857,90.2777777777779,90.2777777777779,89.99744807863615,88.00549542307564,90.2777777777779,90.2777777777779,88.7630478649457,90.2777777777779,87.3989549182121,87.52708012930854,90.2777777777779,90.2067521010926,89.33255731697179,89.02470040645218,89.391432399537,87.16547235927928,89.8573831230671,88.93105106708437,90.2777777777779,89.32261779048953,88.49900367044445,88.46021551203425,87.90562582028674,90.2777777777779,90.17159421065415,90.2777777777779,89.75943337922736,90.2777777777779,87.46815995548673,88.10506375593472,89.37050434370968,88.62152370717094,90.2777777777779,86.26448038365882,87.28019287372052,88.54979584371361,86.66477161109087,85.36909963059792,90.2777777777779,88.80327757082446,88.80327757082446,90.2777777777779,90.2777777777779,89.04453822058086,90.2777777777779,90.2777777777779,90.2777777777779,88.58901361227151,90.2777777777779,89.38718248971195,90.03759085379403,88.91854670927579,90.2777777777779,89.31852126132945,90.2777777777779,89.89893217675962,89.20132276655124,88.85783347421568,90.2777777777779,87.23984244425465,88.63870598037327,88.88487768827457,88.63870598037327,89.77906878927445,90.2777777777779,90.2777777777779,90.2777777777779,89.14864871518628,89.43209314266768,90.2777777777779,90.2777777777779,90.2777777777779,88.67217048442883,90.2777777777779,89.19889126966538,90.2777777777779,90.23645519173111,90.18713671816928,89.44010266921642,88.51980399695528,90.2777777777779,90.2777777777779,87.71816498313706,90.2777777777779,90.2777777777779,90.2777777777779,90.24042649645588,88.57854525760406,87.04913780768524,89.85323659592657,85.5777938628423,90.08890846501868,88.49235327004318,89.84177706088974,90.27095029272253,90.2777777777779,88.58069575307113,90.2777777777779,89.98338127227304,87.85229757697708,88.73101629332028,86.44382761552625,89.56034491211271,90.2777777777779,90.2777777777779,90.2777777777779,89.17746065265008,89.29382120790584,89.29382120790584,89.40611108384901,89.77016704051849,87.71717471897853,88.38891879110719,87.52526971948231,87.86082345494384,89.51056063709612,88.99350618112787,89.8044618157443,89.99806553375879,89.3664354520177,89.8044618157443,88.1088720141264,90.01530664536008,90.2777777777779,90.2777777777779,89.88862044645674,88.99653646276408,89.12731320382451,89.49859997661143,89.43929703090328,89.63781391247227,88.39575142506963,90.2777777777779,90.2777777777779,89.36174472181962,89.92578957972873,88.37499228297867,90.2777777777779,89.92429593394434,90.2777777777779,89.80004327767006,87.9150722554958,89.46822831067018,90.18217655654166,89.1350287726255,90.2777777777779,90.2777777777779,89.28460295754684,89.9187953742659,90.2777777777779,88.96669822866681,90.2777777777779,89.42874134225266,89.81827493668945,89.14677444137364,90.2777777777779,89.55223984294082,86.3683504861095,88.98060572595517,90.2777777777779,84.76436864039391,89.44727886331492,88.33830167875054,87.73636915931698,86.4101203997024,90.2777777777779,90.2777777777779,88.82830433624939,88.82830433624939,87.43436159881986,87.70233677816255,90.2777777777779,89.77724301789475,90.2777777777779,88.23197503967465,89.44025151206031,89.85686954796043,88.31674633116381,90.2777777777779,89.39906517395096,89.67799454497487,90.2777777777779,90.12600647646815,89.67799454497487,90.2777777777779,88.4857027461345,90.2777777777779,90.2777777777779,89.28406427934739,89.33504773083605,90.2777777777779,89.17570647122199,90.2777777777779,89.06927775846607,88.58691458672594,89.62828273274309,88.5054530406115,88.4726828648133,89.53209856504155,90.2777777777779,90.02991574755923,90.2777777777779,90.2777777777779,90.2777777777779,90.07429051106924,90.2777777777779,90.2777777777779,90.19791651436229,90.19791651436229,89.0399027081011,88.45429623865508,90.2777777777779,89.91589206242175,90.2777777777779,90.06177011610897,90.2777777777779,89.31874889060252,88.6624107238515,89.53806477088449,90.2579203542951,88.25886546890017,88.29681601310965,88.92555698903413,88.83310427608097,89.68835886318848,88.65955255191739,90.2777777777779,90.2777777777779,89.96217433459348,90.2777777777779,89.387708811495,90.05785210460328,85.27953393684842,88.53116144488425,90.2777777777779,89.94990466138592,89.608656041918,90.2777777777779,89.76104854493693,90.2777777777779,90.2777777777779,88.7964737922751,90.2777777777779,90.2777777777779,89.4723779913931,90.2777777777779,90.2777777777779,89.53918623308925,90.2777777777779,90.19275925871298,90.2715379839917,89.48664559556694,90.1696836513359,90.2777777777779,90.2777777777779,90.2777777777779,90.2777777777779,88.62176218987325,89.03985001092703,89.95820249628025,87.81953786075688,89.02179907011387,90.23734176999825,90.2777777777779,90.2777777777779,90.02513167050677,90.2777777777779,89.26982199092353,90.02513167050677,90.2777777777779,89.3886041802039,89.92286364552818,90.02805826653223,87.33362424433184,90.2777777777779,90.2777777777779,90.2777777777779,90.2777777777779,89.43134660873436,89.55708448098895,90.2777777777779,89.28540643993138,90.2777777777779,89.22596076558169,90.2777777777779,89.3329419657344,89.25609316740636,89.03650380431115,89.32688760270155,89.28041315981561,90.24235470281437,88.62027596970789,89.54059086502023,88.4487238875517,90.19546563784561,89.1507850413457,90.2777777777779,89.03283241313423,89.11621009207086,89.56520469935161,87.66837503807253,89.67827452062573,88.08524115025857,87.94814509911538,89.47408582461479,90.19715010129467,90.2777777777779,90.2777777777779,90.2777777777779,89.22837216300069,87.19875670769257,88.56837351091879,86.703001565909,87.02737488730864,90.2777777777779,90.2777777777779,87.45696019767698,89.56178270074481,87.33965264235681,89.24786349436478,90.2777777777779,86.81782895763982,88.08749071554989,89.30474812047177,89.43816071713647,87.64495770769771,89.12647341731682,89.6644162136779,88.73897040858029,89.85570307733587,90.12274968443774,89.95494601858137,88.26898898435415,90.2777777777779,90.2777777777779,89.33986816036261,88.60395588776538,88.14349123247646,88.84107930234475,89.66866983789382,90.01501549975886,90.2777777777779,90.2777777777779,89.20077535244428,90.26260913064128,89.71090993514392,86.24932300107304,89.19046839241618,88.75007376427713,90.2777777777779,89.83185361334544,90.2777777777779,90.2777777777779,89.14631043721805,90.2777777777779,90.1182214432086,90.1182214432086,90.2777777777779,89.14072091419963,89.84837231391924,90.2777777777779,90.11502681808186,90.2777777777779,89.62178305894723,90.2777777777779,89.46587502791249,87.27049675780083,90.12151294684075,88.98869720861732,90.24607850878336,87.92766874800844,88.6343305909191,89.45434980384067,88.98869720861732,88.23337401345098,90.2777777777779,90.03092512184948,90.2777777777779,90.27197035586072,87.27419767482743,88.45468736672156,89.65648834287164,87.73082919035598,89.57031224998,90.2777777777779,90.2777777777779,88.58202724748841,88.41190748642758,88.02896279128363,86.67401941913289,88.34504658872481,89.98702619745613,87.30761432978673,89.00892232209243,84.98445808618365,88.73153929928418,88.36385059316355,90.2777777777779,90.2777777777779,86.52368347281855,89.96224468878307,86.76509900823538,88.58182546215548,87.75667625498838,88.83851511268612,89.01013575944351,86.53754960487694,85.78688099750624,89.59741816342162,86.26634337260893,89.39940609700092,89.39940609700092,90.2777777777779,87.39565709443693,89.15861138265372,90.20118938768721,90.2777777777779,87.06816575316991,90.20118938768721,88.76643624363457,90.2777777777779,89.5192085161693,90.0060290524514,90.2777777777779,87.73745390936507,90.2777777777779,90.20118938768721,89.61265803683138,89.22965398589582,90.2777777777779,89.32201523925613,90.2777777777779,89.92804453423705,90.18886702682968,89.20494182249223,87.4834722903284,90.2777777777779,88.00527414510991,89.11807036114878,87.90661121003754,90.2777777777779,88.72438445212549,90.2777777777779,89.45411437765891,90.01658495346764,90.2777777777779,90.2149290222744,88.61690440652661,88.52421229653348,90.2777777777779,88.78310272449784,90.2777777777779,90.2777777777779,89.26861243804319,88.54033770097288,88.82926204175948,89.26861243804319,89.64097119369814,90.27722252261103,90.27722252261103,89.56876648230886,88.88488794859597,89.81193187424688,90.2777777777779,90.2777777777779,89.90007440324135,90.2777777777779,90.16371560859952,88.03186672550211,90.2777777777779,90.2777777777779,88.62268534045735,87.97656051994045,88.75003565520765,88.62268534045735,89.56263777270082,90.2777777777779,90.2777777777779,90.2777777777779,89.85825547235993,89.88242784247164,89.5611150698606,89.82970903293057,90.1415224314623,90.2470368068235,90.2777777777779,89.7783857307233,90.2777777777779,90.2777777777779,90.2777777777779,88.59395939564712,90.05035788484996,89.70526770227617,90.2777777777779,89.72353922103673,89.4026543464586,88.21504849297797,89.42953502250853,89.42953502250853,89.38415210775588,90.2777777777779,89.53432164603214,90.2777777777779,88.15039576665936,90.2777777777779,90.2777777777779,90.27743187677518,90.2777777777779,89.49368387923751,88.20805816142106,90.0808367964427,90.2777777777779,90.2777777777779,88.62909021092555
critic_evals,5.921425007067914,9.426878320190456,9.615789997242171,10.964533933202373,10.111952223254695,10.602282818769662,12.217602805504596,13.647536207649326,13.997966310150714,12.955530890628566,12.27900172467139,14.6924043289623,13.121637762616869,15.087071846511892,16.032283989219742,16.276446365736557,13.766965590368432,15.006179300466247,15.617448019159275,14.681533963101305,16.78630805027155,17.783491932353463,14.817247332858063,14.599631996458234,15.347999659426858,17.310246232121315,16.329745971497008,19.07892570062402,19.119982375656416,17.731790946363436,19.84119890520446,20.283566225535388,18.97940353395085,20.171585499137578,22.1534087480794,17.664596364742994,22.514706895255312,22.613816735087266,21.366947598531834,21.782061315647837,22.650780985975672,19.88329943116075,20.709455431051214,23.209676255719124,23.619159515079573,22.16882154568384,24.651615472877815,20.66472208377776,22.521432550016222,25.6636737791803,23.440459822807703,24.307499015695228,23.997510056274947,24.014992448215704,26.83411358003437,24.92967955150707,24.06646449489822,28.210841179564973,25.41805125003181,25.18294936755924,26.814875356359785,27.022931324195827,28.65762286612099,27.63341909677781,25.811157608938238,28.582390443070008,26.698844602462458,27.785113119351436,29.746695939767907,27.77145174268878,29.222444087596624,29.503545876231072,29.656792804991237,30.149584748561534,31.903195700867467,31.4300425594837,30.883750569758057,30.761414924973337,33.80375812597475,34.27356509261678,30.71205712124585,31.97795528855066,33.25921837835208,33.07749576631395,31.526734651820185,32.7262000043318,33.3604310791172,30.06883010759826,35.19499825184994,35.46574927207024,35.54737478654714,35.76084948042697,35.72331116234556,36.346328467408924,37.76152986411029,34.91993456215042,35.92403378876747,34.3634470825075,36.96868335032643,37.99552268058206,35.65653484927049,38.88713311858835,37.40582995796769,39.177720573377016,35.2289937666061,39.998630390258946,37.70828295122404,35.9151708968278,39.68404970612816,38.22631030501484,41.29548754424549,39.882452716353626,41.426660860400844,39.16598570443181,40.244121065864526,41.23155099180704,37.677443588994095,42.3611170997435,43.35767367257713,40.85492324419729,43.61446171147677,44.428057132209545,40.65984908952833,43.760122161905045,42.474562145442825,44.30655961251436,45.45074621233418,45.53211050289526,41.70394207757083,45.71714855121221,43.872596595276974,45.27789156578608,45.796419983657415,46.22319224484281,45.18921579827284,46.56812241657674,43.81994846899514,44.94463319919922,42.79904213983007,46.79755333137653,48.53394999741729,43.27605602447156,41.04696717227213,46.2721914619015,47.76446901627657,46.0504988316533,46.078456575074505,48.89574348386851,45.361539684382876,50.07806448729682,47.97702476003242,48.425842988743646,48.43918014058562,49.432556028455004,50.47366717217317,50.357255310885684,51.71602904237978,50.50979708404114,48.07599219746902,52.29962547701989,49.396106072992325,52.615737031990506,51.72349444294603,48.89375043636735,52.64946774390808,52.81245750983567,51.742159436445306,48.25980458556439,51.12338430603194,52.996033346509385,52.82213188238319,50.66478400777071,54.63127317910597,54.426025266021185,49.95149213886606,54.79178685147281,53.33457425046043,49.31153290147051,53.262296991251,54.56018541751284,53.53034894167181,55.297721828049035,56.91635023362028,53.397827024881984,52.295691207355375,56.715232300038224,52.05242655391363,58.09687252492772,58.08286283374582,56.89211927545743,58.61897088410241,55.87261934659213,58.364131433839404,58.42147341743836,59.57666568390382,58.539037974098335,54.668449724215414,60.16075714250908,56.886775110477835,59.188486891298524,60.87218638436738,54.74710895444704,61.39797203751966,61.296545085516975,61.53053102611413,62.027357176738725,61.90738376276036,61.81212385886939,61.37707290621288,62.96138202431238,59.63381871986933,60.16351426294731,63.151076561117534,63.85312176595857,63.29812474112184,64.20925798009098,64.56368761086598,63.59382343449235,64.50676330685275,65.05257010730128,60.37272107657346,65.00566456612538,65.56322848889768,65.91752755000407,65.98896307325161,64.86726794118334,65.74086999019818,66.25665601938053,67.05869933282744,67.28940235766076,67.46885225919355,66.23205524567155,67.59101707727024,67.07316062979721,67.98498337113845,68.67499185327588,68.00646780977011,63.64154450803286,68.31621836814656,65.55378563227606,69.14464336169685,69.62909235473278,69.69999324299667,70.16371910877172,70.05742776141707,66.49155529695271,69.18784286219338,70.76100017928047,66.51176394886159,71.48614646666788,71.41564109932575,71.71885640533456,71.84022657886636,72.18012348158496,72.41345564713522,72.40168642054984,72.98900888472114,72.77256490612746,73.40567848153496,73.49599488358405,73.78351544844978,73.91558122388676,73.45741251101349,74.22583869992226,74.41793946140369,74.4901933515759,74.51938556078184,74.80075508564082,74.82383152511694,75.47927744675496,71.52355104916613,75.67875992547413,75.68856279305346,75.89164795402716,76.38646750746852,76.27877751103452,75.00390401755035,64.76533191180509,76.47531890224587,76.70874922786885,77.03581307897085,75.31258824966015,77.49440289586113,77.5260895280299,77.45035861543874,77.7425629255511,77.64301257257287,77.70015128654701,78.11455861454728,78.42896262970683,78.02350955414231,76.52002718574319,78.53773670519827,78.59817900614601,79.12997320309867,79.5679960373525,79.3288276254536,79.03438465023245,78.76009265469781,79.76785416366369,80.1313950795777,79.87339986331004,79.96897969549534,79.92305641953071,80.28493351175331,80.30048427547155,80.21974014256622,80.55107554785492,80.41064810500365,80.33309288067039,81.0035061632004,80.43218809678007,81.36210566318857,80.99510120782651,81.15982644842758,81.2189070028356,81.47096264695404,81.73547058108737,81.78287085898029,82.0235806946202,81.84612694104221,81.95324701208801,82.0182501805047,82.53658159006517,82.24933078531525,82.5188456982658,82.76016459279327,83.02304823313987,83.14980497191645,82.97781641566385,83.18863620178243,83.3630492089093,82.7784130468423,83.64137664552486,83.40498543644202,83.13033483610451,83.40356272853393,83.76314584230596,83.76940974108683,83.7936210373022,83.609017500268,83.8347844780275,83.44513391240686,83.67216920612968,84.11456988353625,83.42081575191334,84.09127089518915,84.67349318023864,85.00706768920585,84.15955920258227,84.68345889109126,84.67332718643858,83.20633451671007,85.03973855716694,80.98716624074139,85.39964497635792,85.26106963988128,85.28130023743171,82.37211579470738,85.11097705960239,85.07099476871059,84.98260214212407,84.8758559722292,85.60391926518345,85.39149133856955,85.57286313270431,85.24153373436134,78.70834446489533,84.98679030071798,84.93600125030441,85.42508865887072,85.67370056366838,85.47451235967789,86.05443983468658,84.92387283447876,86.09767279326446,86.12447966531215,85.96436989785207,86.38804896293732,86.71121309254026,86.25349043199336,86.41602484505775,86.54072005746035,86.61139789255336,86.09044654905425,86.7706823928277,86.75208711927185,86.98669657725308,86.61683040598739,86.45548308032623,86.91466291615914,86.75269574228373,86.48522808688858,84.84384120191966,83.39364925938563,86.78837716148354,86.81511221109022,87.04869265025141,87.28194237998285,87.20988896702494,85.47509588070002,87.00224113849869,87.41553647482438,87.40588000996831,87.37373171327754,87.29200023849327,87.614125284448,87.18966790195631,87.44705450472736,87.0690027467158,87.28592837619152,87.40906153562906,87.21800902992638,87.30626823448789,87.31585558554198,87.3269077555444,81.58680097322575,87.86890840660102,87.41212472003741,87.01592414581906,87.94934222293456,87.5672225959933,87.87662886080554,86.20388285580785,87.85988039573476,88.11091354454368,87.9024321301364,86.3340379323856,87.9496672979324,88.22891587480703,87.88121191587118,85.19798809244661,87.62245563289376,87.83650736433668,88.23896591092017,88.24885886515276,88.23663468166974,87.86606947050893,88.38029590617654,88.24803977876704,88.18894388406359,88.44862155791898,88.14931546548078,88.27201126365509,88.84601418212361,87.85033279217018,88.60574714918498,87.90142130537379,88.1494316383828,85.11028227692023,89.03539031132257,89.00457528666537,88.32339557470519,88.54154079840067,88.52364999962985,88.29613058279588,88.35543050376673,88.97767805516001,88.54656296712204,88.29182430488048,88.65167467935585,88.32396380570466,86.99908448683931,88.51962147601563,89.12417711317183,89.11341915488703,89.16386618820894,88.9440179632741,86.53361262446955,88.89136398254459,89.21237448586258,88.9118779904094,89.24988356142286,88.99979812725249,88.78820280918761,89.00477909563395,88.85365872708051,89.0639571092431,84.25850029428301,88.69353085454682,88.8727965621309,89.19657767937298,89.16957540705867,85.32096135186475,89.46861695473781,88.77115191296316,88.68791705112763,89.0651400831685,88.57588971853919,89.0078922806947,89.14330263670543,89.09470629260544,88.25889926271493,88.85381870660864,89.29513180200578,88.93013979726716,89.27698555315686,89.10467880043655,89.47540992403393,88.96303484958777,89.1531212541037,89.51969063112121,89.17824423308225,89.46900724852348,89.50009434345392,89.63592720673714,89.52123377954572,89.2854312928381,89.1792750044931,89.15525916211269,89.29181994793267,89.7226013726632,88.90082176603636,89.68624966571923,88.84389183930183,89.03003407273022,88.90495361400328,89.22835691065971,88.89418483134361,88.70831726738528,89.33941019468757,89.19749338042926,89.04242976289585,89.25414334116573,89.08190823193326,88.88523524926073,88.94915752068788,89.36928635560514,88.80951492022614,89.28134690291236,89.14897893542542,89.14028954866822,89.20644035599645,89.0623078008756,89.43748476674384,89.10560696807414,89.49153673975682,84.33778979036065,89.00822871484493,89.83803070140883,89.21311228385754,88.76780500356601,89.09838458512064,89.37352742840878,89.03542385339875,89.1498699319724,89.6128849528347,89.11176995417566,89.19282712860226,89.15850650533709,89.47606234392464,89.15841103193951,89.13417693049561,89.61004444912551,88.86463919370111,88.78304775193664,89.01890824575463,89.26150798630182,88.78995469920147,89.1319483943872,87.30385947047675,89.10941601967093,88.9485324658058,89.76551617605544,89.59882197216862,87.44845623561804,89.31737164634895,88.84829967416654,89.29712212827695,89.29948178864413,89.09223342264589,89.2363616205346,89.10331738663348,89.27845584485529,89.04909041252782,89.12266559482288,89.63288598419481,88.99431051391679,89.10306544411993,89.70165266810673,89.07540092608289,89.73427150472784,89.11210221733685,89.56046742244578,89.54980354185844,89.57245722656722,89.20456777139643,88.91856912604375,89.66196092193108,89.18004889446118,88.97404251816802,87.45011218822162,88.83054937544581,89.29396174692387,76.28005435839313,89.21808914884065,88.50867438253844,88.83618748320293,89.40400308433287,89.44439964523373,89.22664921564,88.87796039171496,89.0043987452138,87.16802299621932,89.08101151557807,89.02112025052291,88.88837583997285,89.4228147022387,89.45158082562763,89.42193553241128,89.3897361526631,81.95858347518319,88.95570952768135,89.06374316395369,89.25322032896689,89.31454692620575,88.95047608173383,90.14193088887089,86.61386746893253,89.67799374754675,89.63956725324749,89.17302766341274,89.6648436231833,89.56621228408329,89.8881198499806,88.83319001185471,89.33069838900612,89.23760979080122,89.68229643918325,89.39218969757141,89.79098255823615,89.05174018146982,89.61630816564514,88.83618332646424,89.35404913838701,89.61071493932295,89.58120735449997,89.19729713703951,85.85043116613329,89.36035369885136,89.53053807222524,88.94877622863156,89.08132157189031,89.35272337485183,89.03775889211636,89.04824386372142,89.1135284777324,89.43066803915092,89.4952913241139,89.3115154686326,89.11017393429918,89.25518157266329,89.49105476205847,89.53588106791018,89.60412378968458,83.03062333756262,89.68188331579857,89.62833446657478,89.19738822972731,82.5946405188175,89.5759168688478,89.64477171451132,89.19838409759855,89.34533975218001,89.62895529399997,89.3456259889028,90.00762893849685,89.72160922380266,89.32614341310615,90.07307704135852,89.38805141446143,89.12432031584434,89.78047585587586,89.20622321061401,89.70669193273164,89.24454911217758,89.297753851696,85.0187245734301,89.85606023481016,87.2653416604536,88.9417109962488,89.6146401719686,89.45888628103222,89.26542040176732,89.31012717687679,78.8346094421138,88.91675400666452,89.31604533992018,89.00851727547283,89.44254724005037,89.12197618078417,89.39884976626061,89.33403163736543,89.8404177439057,89.31456577145796,89.22119276634025,89.28966531647463,89.42738347486178,88.73836939646421,89.04596773071754,89.67763440737119,89.93976372920893,89.3901301020641,89.05092749224715,88.84152159709441,89.02982152675415,89.57907987263629,88.84990047102846,89.3711899323766,89.05106927886632,89.32315168899044,89.44788405109647,89.13063711036433,88.92645035367008,88.84363925296137,89.04521910784763,89.26469484031702,89.21623468092092,89.35415734650124,88.76940311205003,89.05567108563778,84.61706348558613,88.81977166114265,89.32371775378951,89.43742948618865,89.52702382035275,85.38024519958337,89.01421953627784,88.89505278774406,88.5691628942811,89.16266636177232,89.57414400551474,79.53131497723255,89.28952095302752,89.2073777419742,88.79674337188798,89.44425532589466,89.39780049198272,88.44031078565604,88.91327585920085,89.15679215342932,89.32822927763964,89.08290375944819,89.17435827295343,88.8865490732085,88.92234499066998,88.90683000609428,89.24142123127757,89.46496480904237,89.11870431952771,89.1634493055214,89.44244627022128,89.50383514356302,89.23053640111965,89.16004809481204,89.01956067148636,89.12782441779805,88.95875989368355,89.05272601179976,88.8076473833693,88.67658350236402,88.93089337806381,88.51494343920525,89.02847353563911,89.27950042826404,88.81023484605785,89.25666194616964,89.34351253145786,89.11987875974793,89.71726290010834,89.32753816623814,78.15396389568767,88.9423021940538,88.30409722910599,89.35178539248923,88.9729408594911,89.6106088360119,89.48028179809675,89.37034060880869,89.23106628891078,89.13267103236467,86.50231483309045,89.44089797192322,88.95854823292726,89.64913110545739,89.41076868700033,89.54505353657005,89.53674074689174,89.3093199453896,89.35002605541916,87.12001803436388,89.33453815537075,89.44131041972923,89.1822161563363,89.546004123975,89.35081742299941,89.10968231662561,89.72867237482642,89.24996506016083,89.62044886401124,90.00255266939978,89.58392334171826,89.31559221202497,86.29533431493371,89.03936431016464,89.42532811073,89.95420943528816,89.455226402019,89.56698289321862,89.69105611051216,89.45015742956271,89.52621020096187,89.59418025777559,90.25680926293546,89.49884675268738,89.30614057733783,89.3493742903568,89.79136651254781,86.00898322004723,89.74614181842254,89.41809448960359,89.33809133043616,89.93834276946349,89.53922043742125,89.44215339127197,89.552987332042,89.2973646074288,88.9461867260041,89.07745995346646,88.89084164826218,89.16772285948751,89.31537704244846,89.70493362190173,89.66239084366185,89.30354565941789,89.09877476334839,89.48121211518715,89.83214643932308,89.58612430967976,89.23916386797141,89.24716720046848,89.26354308408517,89.94610181031747,89.86560381817449,89.32602303759847,88.63249707115864,89.26764300220906,89.8116304874002,89.5532751211577,88.0518345912215,89.23411483828735,89.05754692563745,88.90937328642323,89.52507734995092,88.7609102654455,88.71245649980706,89.7076077550472,89.13204884887911,88.99376249952289,88.99452021023393,88.83487268662573,88.9261663954062,89.02776555729261,89.30554306111475,89.35234195975316,89.14867635627796,89.23118735220883,89.10132762747358,89.43247724254725,89.28981696745203,89.46253268322505,89.39770111869115,89.37841671167106,89.96473381726251,88.88140323751394,89.63169301772211,89.09585692541239,89.51765982068277,87.86734183954118,89.00919263995411,89.82930910408886,89.31168459118271,88.95279030612049,89.6841886603018,89.33710931105472,89.3230658768389,89.2172767975001,89.25063672345824,89.64546864428002,88.99898579582272,89.42363696384363,87.97192437701688,89.47968555693467,89.62001756453019,89.36112728851911,89.61114223956798,89.01497348236697,89.40518950942787,89.04927633360006,89.24601318657004,89.1180633239983,89.01443480900643,88.96614032327747,89.19809269232486,89.15622670609321,89.3684267629263,89.6112832932813,89.22205304464201,89.16015684935759,89.47047631928928,89.27428779817774,89.49073645688777,89.59304316696506,90.09963025206045,89.09208893382663,89.40230143367614,88.86943840400524,89.23485770400619,89.57026760079712,89.42613912380715,89.3477423929266,89.62640025563711,89.22186284083553,89.61941735572736,89.24257479367226,89.1513461043007,89.98325183956754,89.33632581870246,89.28964649032858,88.99941111400493,89.83949343141643,89.76284643433365,86.27542537122363,88.28592971316712,89.51665800421469,89.12433618049153,89.28077980642651,89.7194667063867,87.25330883050505,89.61246773197244,89.61530839582123,89.61492020485413,89.67955003896023,89.44595297414577,89.59591922812933,89.18869220423319,89.05540685295443,89.09459155780931,89.57081794708282,89.25880761681148,89.77893183557268,89.40169696296405,89.49024989474383,89.23888452257142,89.44335545395366,89.51564674890663,89.38500147919319,88.82599611966737,89.12248717203784,89.53853859025756,89.136406211033,89.71807213546222,89.30722515831688,83.0608932612973,89.12941864781996,89.33107766368708,89.7137020376642,89.163499354733,89.0598904837054,89.45181234420554,89.1967146526234,89.32291105974065,89.41169620395732,89.17842250192048,89.27781527598295,89.77935742875492,89.5928288581461,89.77708726269061,89.48634443004572,89.84268294894407,89.75439960503289,89.14188494473788,89.21252830583587,89.7354839863857,89.86663720591402,90.03181786027011,89.78397989874071,89.45112952917569,89.038101188689,89.0222783414339,89.78539372905477,87.86096878837522,89.52891217142877,89.57123695395565,89.1203231208242,89.20346959266368,89.37190869606493,89.70335345467893,89.34811907880311,88.7333782888195,89.29552574869862,89.45543885775201,89.21430718824732,88.70597248781758,88.67708114946866,89.17943790175683,89.12231549745185,87.1622870102528,89.36402035914948,89.24423400734081,89.40467989075789,89.34574593868525,89.27260567403665,89.3794690635163,89.46656292684662,89.27239806769856,89.04384439388538,89.254306100709,88.41546477181728,89.00619678878184,88.95198889090092,89.3016286035369,89.07862846382817,89.11010400148577,89.2345979071493,89.08487157733879,89.00278735975188,89.40110851556398,89.1753389196548,88.64011602640261,88.11748300224019,88.9763869994053,89.16042094336684,89.64300188474921,89.27014433869267,88.96361184637698,88.93191775054675,89.27955557659446,89.24794951656193,89.71059233241364,89.17988971587573,89.45220689298489,88.52741085908676,89.3288605451453,89.40091980371588,89.02252606183903,89.5006930871359,89.06090892034759,89.13849920185363,89.42707011500599,89.44815233746972,88.95821740347579,89.26379863669527,89.81300157556404,83.38116363980737,88.38434772884689,88.8276831048037,89.30044144007134,89.19084087046706,89.36103929633295,89.14486481373474,89.16302260881167,89.07309247832006,89.38483279944415,89.53430043584736,89.64045892609536,89.21347725214699,88.95484969826428,89.5259847871572,89.78622301523025,89.24596825529078,89.28424690331777,89.6337645989139,88.60261320499836,89.13949713149023,85.24269190390395,89.40642623075675,85.71775439074885,89.39519481339188,87.1128552583152,89.13277227454986,89.17377170906602,89.12066360175311,89.27793559058578,88.92317257998812,88.71943782089386,88.76436519245175,89.14989317573554,88.96562923762399,88.93734385757813,89.0148882810491,89.1060889298124,88.78411816631862,89.4699590405586,89.28142522293994,89.39289380603759,89.10584125530808,88.70291783862895,89.15820830330871,89.08853274586387,89.06680089293015,89.18750634530093,88.87111071827816,89.34344029611762,88.77932191425481,88.95318979909912,89.03627585580735,89.28823465860037,89.13420362115689,89.402897859123,87.52983405406316,88.93827296291316,89.16798402785032,89.46138135169662,88.90846835408455,89.07911980891718,88.69980440637126,88.80375302076527,88.89595958295641,89.07667293458515,89.09852679437104,89.23631719873843,89.1760707875087,87.27498995902184,88.69421215141372,88.94222564853692,88.8563504290384,88.64814716224411,88.90220638554071,88.76622431494512,88.92638032871545,89.20240976244364,88.9602165169409,88.96175148767564,89.10455504956454,88.98077211433201,87.65917005183972,89.02365731335563,89.31763038077705,89.10387351830713,89.00889712854033,89.44200204878973,89.4121852547692,89.05298416060094,88.77921557550398,88.93178396505857,81.98522813276419,89.17105460727797,88.84448975037213,89.9640185114329,89.03098400211478,89.38030809336156,89.1227121001213,88.71742278171628,89.10598397843783,89.62070581991813,89.43144468701665,88.78794949275121,89.00128618691177,89.36059142687162,88.89828331978543,89.1102927802896,89.37536587402073,89.43125329525895,89.02777761313436,89.05150154974248,87.83373432492422,89.71645912483669,89.56236675004972,89.94427185395328,89.37457043405229,89.53422133322375,89.93495367413024,89.03047323653982,89.11024056803072,89.44553419078446,89.28840495432704,89.19039918214784,89.34458024487412,89.1080876094064,89.11921197164534,89.27461018949029,87.77931930061142,88.93778211133969,89.02183215037435,87.30072954941687,88.89254409594012,88.97134896320635,89.05934945682155,89.28167075803057,89.31897990976103,88.90850816141555,89.72269262923074,89.10676593070632,89.45767088350789,89.42019151914192,88.42353896616345,88.34479776895652,89.01566353852448,89.01781665248949,88.30098601241434,89.38714582784297,89.26232173016986,88.57346320465265,89.14671442961054,88.79698951224263,89.43813576052992,88.88876582139712,89.17556467272959,89.15376287680937,85.66313794348167,89.36031235169433,89.2192394959218,89.23183578320818,89.39577655518353,89.4243312426803,88.92164981360193,89.28452601353877,89.14615933556452,89.30845936059549,89.33502166717459,88.92645301073851,89.7423263803008,89.12190563050378,89.60344030840606,88.95402982664035,89.53833047719601,88.82467190984393,89.19066917738917,89.7089868919811,88.93633603499057,89.42030698687792,89.83813310641006,89.29902684197833,90.04529326649272,89.00625450168636,89.9408474745293,88.76345957518262,88.84566332389574,83.49126326911761,89.2967829337497,89.38475309409941,89.39746999151879,89.11037909681583,84.59237224583221,89.32234686487428,89.22968461977604,89.53862555502545,89.7370791833572,89.41186859616249,87.89751067708733,89.65149639008888,89.54403726640108,89.15230818795789,89.18249986065604,89.46751594136778,89.13556620288928,89.65371985920311,89.35910784821817,89.21422071553975,89.34187357248133,89.11992650939254,89.01237211629855,89.29294044604143,81.91220462246434,89.49760890785812,89.18367134305245,89.13189101453234,89.38338131966464,89.07289507617763,83.59981929282193,89.05854775328842,88.54926319376267,88.7822424073318,88.53596793766134,89.2110381902864,89.26028434263098,89.17713180428932,89.41564485026512,89.87643066827424,89.35426955175379,89.0897591125162,89.37145460670523,89.13889064905224,89.36139103773071,89.32304268575193,89.2394029886989,89.94573634909266,89.9603524422931,88.95660051437493,89.88280460339337,89.67421323845888,89.15633142214917,89.05764111167164,89.22826264132526,89.23831807471205,87.30396197716586,89.44164415826485,88.8382301857378,88.46287019040199,89.60819547061324,89.32567904260175,89.61152826160664,89.34731470188048,89.64698052154854,89.23388585280156,89.4496767877726,89.92278500522694,89.79433129814501,89.3248811785908,89.80021227124787,89.2651181056522,88.99604511230991,89.3060143712871,89.3111119851267,89.16404685603115,89.50529460266725,88.97375688320675,89.32288213121493,89.18285536051806,89.31884112422966,89.57691497013599,89.39025040877506,89.43819005900927,89.34177857503333,89.32941563075556,89.328680827963,89.64704859876629,89.36491074059883,89.14967093563394,89.08433852381293,89.3266510241784,89.09303713635956,88.97087098216967,89.31580787024639,89.96512984678404,89.26211362277971,89.45294089361778,88.89829772883141,89.47588893193485,88.78258430548112,89.51837277732601,89.0318806904164,89.00900415666291,89.3361657595903,89.46126494518123,89.177138618594,89.1901091571196,89.4387447652218,89.11612427373704,89.40276701963475,85.68395801495056,88.93765302035158,88.99587991991889,89.63680462131315,88.17632129194676,89.39341012958452,89.71955392888368,90.07717144789355,89.34373793002196,89.03137682018591,88.92823434832422,88.79429866527629,89.3995589444617,89.34107695132425,89.71271397392961,89.79112432018124,89.37370691200948,89.03995966233423,89.336529803587,89.42806043978777,89.37155768623137,89.41303120536843,89.27916697107027,89.20082758590117,88.48579020423817,89.23567152579811,89.47527211869226,89.41451866839724,89.5792525802295,89.03179031816853,89.40899468288933,89.18678789043445,89.34704124188296,88.82713298994575,89.58013654646271,89.49760764795188,89.02313482756134,89.32141529750241,89.43220629970614,89.27713237602467,89.24922800121637,89.35659895218085,89.26309938653496,89.04868531268097,89.28031341634465,89.20727982769353,89.34047462431766,89.0576307482748,89.70577609822963,89.41309918867807,89.74441971662176,88.97190012653132,89.48198595053955,89.47831236938313,89.64825918439685,89.23556901289487,88.93891554820121,89.40264604166228,89.13856446601253,89.13476289151235,89.2669000115773,89.72049061409527,88.64523075519959,89.91844697515677,89.64481567973534,89.82067804729306,89.73964362809737,89.5285683989895,89.40559175041382,89.57239118697136,89.21393105293009,89.25008527972092,89.51935346679518,89.06518588073233,86.26499550068195,89.27100140096616,89.16324441587396,89.35016304819754,88.83860710082352,89.6161931509271,89.2836785847484,88.84569541593248,89.18999432869553,88.58492041433857,89.45563967060902,89.38382792722729,89.90876462212607,89.22850256042348,89.40765752232724,89.13944546464958,89.29313674024563,89.33260287277238,89.40697223173943,89.88085530147303,88.69504340921917,89.19546849510327,89.68864286458182,89.29427493800593,89.3023730003166,89.25983925597549,89.556355050246,89.54718521537652,86.38244001323464,87.51087309623455,89.54308833756122,89.24955455183607,89.14186031847497,89.57520923226242,89.20687635692028,88.76345398069037,88.96693893390984,89.1875536329524,88.88306364682397,89.00101847911016,89.16422598035344,89.41447477558842,89.08461717253041,89.0833061287628,89.50613134609856,88.94159703257236,88.98764979222557,89.08494752105794,89.40088032976705,89.46030053568647,88.5863840877266,89.31342860693803,89.23029158469745,89.07267074034527,89.15996154486878,89.11118964174408,88.99357199224299,89.0651370309371,89.42147864233792,89.11004388508049,89.36656427797833,88.85112230559582,89.2115156464772,84.94456236607506,89.69027487976926,88.64772303833396,89.23537162113713,89.16898071266534,89.13115543890723,89.2696856993925,89.33523370397683,89.28475673723383,89.20741935480326,89.09609562488873,89.74329126820736,89.73845867803527,89.21099441110574,88.97060849780988,89.14627334767641,89.390162714902,88.99739123116316,89.18805392817764,89.36834913490416,84.46619660886708,88.99504540916936,88.9571887070131,89.30874330827261,88.99950648799172,89.26850211673758,88.78893989846424,89.01900987209159,89.27783873834241,89.6984795558322,88.91228862077021,88.83451866879153,89.50167442964216,89.15371888503347,88.54588209170866,89.72489858123149,89.17891960303346,88.55052651701995,88.16081801354763,89.46967247037205,89.37794636043,89.71935582116573,89.4261349925409,89.97647135346278,89.0285191913657,89.49987022461693,88.99982400811659,89.0467654489949,89.27872252864749,89.310740419509,89.28844965827057,89.42105246897977,89.16465968425192,87.23210032811221,89.65931587727144,89.89313305508936,89.56549219364467,89.82499958222243,89.06998166635294,89.22053257833255,89.17218201404692,89.2805156668345,89.8973147035017,89.28407169645787,89.22318573309259,89.84744162709487,89.49762333306361,88.8123437988491,89.1177793960651,89.45091190493582,89.42863987510366,89.1417169843922,89.12915348554128,89.30838019512085,88.77985588158265,89.23551634350872,86.61055805470994,89.47654859153023,89.58592799156082,89.15344009487943,85.3647956324078,89.10779658406825,88.71911380125209,88.94903488819122,88.62555517834276,88.95841181900673,89.22164017682546,88.84159971682615,85.61541084350515,88.69843807125841,89.13176474802282,88.64606023599785,88.93950208060951,89.55850113535428,88.8601475540729,89.21105943193646,88.73073907798803,89.301949843296,88.47189533683479,88.30526012754696,88.85512886912497,89.25614758842174,89.10710500605285,88.61122343788453,88.31276948124807,88.94704638506443,88.66623497695531,89.11093539064437,88.81957744107196,88.98558453541203,88.75774384016913,88.91481849170128,89.00411367552529,88.82925558311345,89.1728332870114,88.98694854252066,89.54040656303741,88.98571592154322,89.0570440383888,88.92841349728073,88.8303080176925,88.94254540970938,89.06226792730969,89.13785957999909,89.11790369157137,89.00465628565422,88.94815494394412,89.3193067491838,88.86958765122843,89.52137560075055,88.65044112780966,89.98518736761585,88.78542228269035,89.72061596110798,89.5525906282762,89.37822896447155,89.88284506414168,89.52772591566132,89.41089030312844,88.79718450551495,89.20779174638385,89.20797273799924,89.80878571283945,89.26223112666159,89.31454422818841,89.02402600270574,88.68398137870699,89.28891676556162,88.83286921085254,89.4130604148491,89.30786210281944,89.5960745455247,89.02991833083331,88.60909936890677,89.49440866539085,89.84238861087033,89.6931585927254,89.33916112027036,89.77945180098419,87.88629093991375,89.27114315642054,89.19428997724337,88.78450579124734,88.8463524957579,89.58432518164571,90.02733458341051,89.78512072160784,89.32621595141264,89.46290484714403,89.75372866361485,89.43395260068945,89.35511486882525,89.6588498794557,89.01915695476725,89.32319810515213,89.1570295402176,90.05193770277168,90.2324142820024,88.90914463940777,89.0162882341763,89.22033105823989,89.25165275690442,89.65455865059629,89.78696761797568,89.1607364043689,88.81604215292634,89.18085176438093,88.87433934754262,88.78208337430917,88.33920310021217,89.41230130555257,89.3670918932624,88.66419390230897,89.32293953578701,89.393179315813,89.44434513186532,89.01763583612649,89.46162457231354,89.67189182661606,89.42592411161013,89.64597091590936,89.16526602323897,89.48937841269742,89.24696729565844,89.9182012133543,89.00996667826597,89.41432888237406,89.10752295913498,89.50488227793637,89.82376853817506,89.73330351754514,89.3981040132391,89.31281401574283,89.27821986369868,89.56249714739434,89.90950083026547,87.20473206294483,89.94138684444135,89.22880240520297,89.66378355732078,89.38810785595447,89.30314583834111,88.54385774977656,89.10153562513439,89.61031076328351,89.3318733779045,89.43196883434307,89.38972153475929,89.49658862067712,89.02452432504474,89.62331216391266,89.20118660977545,89.58010366810544,89.43471693155992,89.14810961284283,88.9531229875234,89.44283322069921,88.95189962101715,89.41040247285626,89.1193158195825,89.63968573086586,89.4938449635222,89.10120578263364,90.29742520839746,89.96592578174635,89.42818965395949,89.24476148546611,89.08299755776932,89.29919408897644,89.43964122969938,89.14192913333525,88.7611528160494,89.28230199952144,89.62691721170867,89.13112222839236,89.09416460422989,85.89829496391532,89.14757109185534,89.6499884685479,89.45416328945097,88.74755114777608,89.140548200548,89.2313581472034,89.94495015515525,89.34616326104039,89.26754497686929,89.48153107524178,88.89283066372967,89.45127647323838,88.7764029201881,89.45091223305577,89.02631867576982,89.54961598410623,88.80010230697594,89.1583787672856,89.18650132989731,88.8234081861333,88.64037758041643,89.20828314670739,89.04289618342608,87.17165954807734,89.28769119179717,85.52328140781513,89.12455549946719,89.21825148312506,89.105112190696,89.31988886555959,89.12188239649083,89.65272862829553,88.80503401267035,86.67775828942045,88.97310157831978,84.98601081707295,89.06639795670505,88.85141769796319,89.1546891648619,88.74487423424112,88.9147952113493,89.12149339817319,86.15775823310126,88.83896574679899,88.90608832147254,88.35563914062413,88.83365420160435,88.88446119374588,89.20415755969843,87.50561055587048,89.35353980188897,88.90088039648019,89.43242333239115,88.70658089647142,89.04530862629137,89.16861658571571,88.8727941242564,89.44303329019716,89.00833315685186,88.81267051803316,88.83256650395701,89.67556426418906,88.63377534041743,89.47283063313476,89.00036751997355,88.97130091581299,88.85875833605743,89.43040248545528,89.41176322738582,88.65506613875723,88.27480897699375,88.44241095159396,88.15963354514071,88.99110579779122,89.43547434256398,88.71417299733326,88.89882939054536,88.86340023178698,89.11326123833163,88.17675077210048,89.25593829808888,89.46271801257002,89.25186038163748,88.79586144488721,89.06040899972764,89.55292723196052,88.74649013775375,88.85849824061447,88.72093284982448,88.83612762855901,89.1473272671807,85.98036851552108,88.9842339426512,88.76238706702497,88.52678229308393,87.799087847182,88.5205936950155,88.75027402105884,88.99631157767972,89.19454131383286,88.90908449138949,88.79770886289285,89.03805582907695,89.33016646280994,88.87165907236002,88.75415734254285,89.06887906120829,89.08610370144663,88.49492642680906,89.17961312309879,88.73984727765335,88.73855592729875,89.24964832521684,88.70116159232259,89.43767511245635,89.13021924578047,89.6219449936305,89.37068564815586,89.07123796679488,88.11921581233382,86.77755700726344,89.05107173626324,84.55791911779703,89.26072618926841,89.73209632249647,89.2778779679499,89.55289578112101,89.4395179479792,89.2824224148945,88.99140814399075,88.10614623844441,89.30902528451158,89.24267650899178,89.19134329484172,88.92038294039718,86.22963152998504,89.22338096633062,88.60369463005225,89.29136337191164,89.42147053248253,89.39000094378306,89.08172880988741,89.04283591585705,89.03579794337145,88.6936623278317,87.41601868196105,89.31923606465996,88.30089030872301,88.71719732143006,89.39418154323603,88.7665143131661,88.87402585341832,88.64416276585652,89.29614024686181,89.43607760026588,88.71814879750855,88.75038243961066,88.50289498038447,89.01760125825678,89.19266167898677,89.03282884416674,89.51131170689625,89.18017023240793,89.14542242721808,89.11068543891317,89.00417534829661,88.96326032834311,89.32904259145282,88.6837619641668,89.3356809450318,85.3908725623089,88.95001743861783,89.7262504520703,89.37383510573073,89.65766342693794,89.03954219888752,89.14124388672866,89.09447127866514,89.37570506067397,89.53926522290632,89.17194121525036,87.51693065251877,88.74223589355368,89.8001833451308,88.87464185711906,89.27617635335008,89.17672137405282,89.24446839520593,89.15092026021252,88.91496958417294,89.21995054729943,89.31917778316515,88.3972275845683,89.22462379286691,89.19503041838396,89.01028913777171,89.44059041308263,89.36137647383235,89.28149781844431,89.4333770038364,89.3618099296816,89.24000756076279,89.387933401285,88.70304826155558,89.03071837020848,89.47278433015141,89.43327923009755,89.34885221769697,89.11890716853081,88.9590676906816,88.87946505960984,89.43159022260896,89.49287620032527,89.82624558233633,88.87455656212747,89.46133966502065,89.56504893706688,88.89904876808293,88.97371811611062,89.1560553359481,89.52810553986974,90.08150457089988,89.64148885791442,89.45792046344748,89.17014456691393,89.73889237632805,88.90329252836962,89.61149018408553,89.27378430952739,89.52268298061084,89.28051223925144,89.29029524419562,89.20366273916416,88.67297672342691,89.59810187158095,89.02002399555406,89.50504322838422,89.26190657399937,89.29949484420032,89.07646875133382,89.46935219196145,89.63018744880647,89.96904204554532,89.492993613567,89.02171088164312,89.10251396332225,89.08387933906319,89.27184018476771,89.58667441535177,87.1388309793046,89.41138298343542,87.23454288376269,89.18500313656534,88.98124599306374,89.25695497781871,89.12541928836501,89.44802105684994,89.42592478782653,89.19543691701735,89.40272007701397,89.2310451293834,89.07717756974712,89.6034469110626,89.23633285787633,89.01517798519981,89.15154274968084,88.72504413973286,89.45474760553452,89.2720414680347,89.38145971527217,88.8295574642874,88.91909130187551,88.95049035543614,89.01214668948803,89.63567550466121,88.99678071551725,89.59483498131429,88.97245108387293,89.54995544471927,89.67246500658432,89.24698870309948,89.45623766927318,89.65396883611703,88.73771281766064,89.44341331522739,89.26364736477028,89.15453792734533,89.08139997430108,89.03708324584524,89.09728611678064,89.00032660415086,88.9785274813543,88.96790990895136,85.67002530697457,88.85216651516053,89.03087521375554,89.44738000748481,89.11135972183425,89.50193834698459,89.34441926407577,89.40607324049206,89.84379313647878,89.93169023926558,89.53362803772826,88.94369400119898,89.61597580383128,88.94051276875227,89.07687385815649,88.79986040447409,89.44808985571689,89.61858784830501,89.58293310656353,89.81059480795574,89.08387318996009,89.7606061578192,88.6718313494036,90.02978918655752,89.54935544577725,89.95284699991585,89.44225932811634,88.81723215761862,89.70009688257335,89.83344892364089,89.47760048710765,88.67419228955521,89.43265434409155,89.40750610377701,89.30316115919726,87.50372879381344,89.50508455258661,88.21994369864011,89.23495654492746,89.52770415119677,89.48841843616226,89.63793256293364,89.4863399309878,89.46616257523907,89.66060103133618,89.8362124507757,87.6767316951808,89.4303514112745,90.19701288319492,89.21646553529382,89.72375317034688,89.80533235134902,90.09083200873505,89.26682591105927,89.42591313842242,89.96072304100018,89.8132021475329,89.73552456087899,89.40694431969206,89.41402755344565,89.55626414432031,89.43395776000801,89.20272915058813,89.71261638604476,89.01474996498861,89.70806077443673,89.29898227070221,89.90827826851942,89.47038675536673,89.8481811700371,89.1640854674397,89.42592134976636,89.56429081978229,89.5157244704994,90.03057628868378,89.3294599968422,89.70363647577103,89.79094239329527,89.21743524041852,89.25260195833413,89.45583967871586,89.39520824940304,89.47550183358199,89.73307546445747,87.2170839188506,89.32433735891397,89.0928944474333,89.37919739721688,89.64913688490066,89.4110276534938,89.08422465143532,89.06648402507776,89.18642921684385,88.79354964034046,89.34864748203888,89.54448716270839,89.53661178489605,89.37069408615767,89.05844137623443,89.6172141289924,89.48814265256047,87.77875321061765,89.53342412660326,89.19368096810851,87.18369452160432,89.47303485520699,87.08514192195331,88.93337486814171,89.53510932234036,89.43834462382853,88.90462642892773,89.17026857323505,88.9189648180288,89.1976621158742,89.13610164280792,89.10921580478016,89.04736544742414,88.99388363711957,89.67697369810217,89.33414072940882,89.52236908681533,88.64114523008239,89.28824003290148,89.17358444488963,88.81233651565499,89.06658230152003,89.06081453174278,89.1138384898312,88.73347248115346,89.4844002773471,89.6546299486058,89.24525240438602,88.95170795894325,88.91562012880496,89.23588401192737,89.45595711595537,89.05827128025048,89.06429743995237,88.82267334650554,88.95368851380726,89.18110294001688,89.28500224946278,89.19355371032213,89.31754496216399,88.80452159316657,88.83879462609627,89.46351542285734,89.27536017712333,86.21386264233978,88.83354136208327,88.5439546806338,89.22351294643697,89.42403277915285,88.44760957614015,89.30023952608846,89.40420025336167,89.22372857198337,89.01003811393008,88.95112873231086,89.76847345241538,89.19486833448737,88.71901895738533,88.93452425613533,89.01115919277805,88.88816193561576,88.89377649096319,89.1627721982177,89.24904163794004,88.50342351663325,89.16159336971339,89.25703295901145,89.47827194145977,88.89782785816013,88.96374494168317,88.76462533414931,88.61776011919191,89.39343844929743,89.25337031486282,89.21878143739292,89.55333655181396,89.53473084978376,89.61873886224214,89.12648283519883,88.95091000141753,89.21746840158232,88.99489340880946,88.96192863226433,89.22948888171564,88.97965935077247,89.45665119149851,89.05449851918081,89.18945566461302,88.93893191093017,88.43460218570732,88.64298537630737,89.0396804386838,89.1794259775171,89.4710830724749,89.30175326239316,89.02183112416125,88.87112962647888,88.88059435142681,89.14558930707307,89.19361719734962,89.21673678577343,88.95347439989429,89.28440852789217,88.31134997927661,89.05092258416408,89.08570085242627,89.23624514453782,89.71955500708872,89.01392380788344,89.16804004071619,86.75001699813338,83.37977188926749,89.34808342844568,88.8954018742103,89.31705111662144,88.8463280962502,87.4400683339638,88.8980962514746,88.97630306609295,88.9406506529811,89.10077672629723,89.26976137704295,88.74962493341042,88.84794458020355,89.05912577828161,89.16255350184687,89.11049433106568,89.14815376926039,89.3666752312028,89.2222927917956,88.87202638345299,89.0433698279739,89.75620785395928,89.41131832509176,89.00167447003899,88.74578476247206,89.16207913307885,89.09331742126733,89.50695695134677,88.89709770812208,89.11335889265816,89.28960915094324,88.87063535203802,88.91052401989418,89.07168788405022,88.73213745379122,88.93070715575993,89.8375915354071,89.25066043436372,89.25910219381362,87.51884770129487,89.42680036689957,89.48268050970297,89.37066647064458,89.09043031459483,88.89449642184086,89.49960070652854,88.72296537231672,89.5165145428786,88.6618653434349,89.45123661319698,89.30005160808103,88.69890048277858,89.12447021388296,89.01103222136734,89.3773221984715,89.37538370311188,89.34103116455545,89.15029470194915,89.60238366570844,89.31327223178887,89.10401865873378,89.7238404979691,89.18576713328517,89.45065440721957,89.61912536316864,88.8107523710095,88.9428635496547,89.70724133287949,89.44651221567045,89.28186841588955,89.18654883577919,89.33792411621607,89.01699587597848,88.934280911204,89.22974490659276,89.11812122284955,89.19601309243502,88.83156432941068,89.75214621684171,88.90877624923631,89.19437133281781,89.13145000650286,89.49606499168048,89.27347768795437,89.17070965112707,89.01662002074553,89.31554563100802,89.21504372526347,88.99259471667068,89.40931472274995,88.51881913617416,89.26102971719631,89.18556932650029,89.37261690828855,88.85942590964552,89.2871361718462,89.11941217986674,89.27290703495824,88.90033435051902,89.09057914383324,89.66114094865064,89.36364164804439,89.21213097636954,89.87825612152945,89.51713954430232,89.14996604553943,88.9523125421019,88.97307624064051,88.95019861296265,89.80991660391105,89.88953649017496,89.46320702615739,89.25648052669753,89.24994512496465,89.46656546114586,89.41710080592338,89.04870690761051,89.67195216266728,89.74589336393038,89.0388750412244,89.39785527167741,89.13536269154089,89.58602721374477,88.96309505118239,89.52795898115727,88.92931808306845,87.37013626981773,89.42955259701611,89.85044237122122,89.16819772421208,89.53431069960092,89.41291556650833,89.84673629113611,89.824659311083,89.21779606831802,89.41857855407545,88.88067102126837,87.86239018231909,89.28396388916792,89.61909737610561,89.29156164633828,89.58875288679253,89.03295876174202,88.96166756156228,89.31843002535305,89.39863885656555,89.50547075001136,89.67360610919928,89.40762607889707,89.89593457948511,89.56491909134708,89.44849710118861,89.45347630400421,89.86854599759641,89.28875268024082,89.43415818389991,89.26745626462511,89.57700980329668,89.52505795466634,89.20348282195158,89.779814564911,88.92738165098243,89.6207875283726,89.1232113116023,89.21770487684552,89.63039186922111,89.53432510801338,89.18161607281941,89.80657957901957,89.30724471712693,89.615847543666,89.33788737839517,89.81389750085111,89.4597190400094,89.26662657316007,89.02799981389877,89.15526218438544,90.08687394724475,89.46015658837723,89.96231249312645,89.55147543517772,89.59038551905927,89.26050642336838,89.51819355505701,89.16016417044465,89.68460712158985,90.0079651661229,89.42577567884555,88.9716828768909,88.82338407957234,89.6370111022276,89.24493326759917,89.3804158043698,89.74204388670303,89.63922353520807,89.43826162550702,90.25633119290138,89.67169004286706,88.56416719138815,89.96242974325236,88.95026890287905,89.84514771688079,89.77136741552273,89.23981307305726,89.48707097774967,90.00360616454432,90.05892576024434,90.06210110356557,89.96361209886759,89.69746151783485,89.33381417664168,89.80896951156691,89.17891649570744,88.6486390396203,89.44021032060644,89.06778711236932,89.6763085838365,89.62741211352362,89.2560764948814,89.61565738802861,89.42298217875825,89.45285619608033,89.41981101240225,89.7389959213296,89.703496619769,89.89746542791413,89.43902581921982,89.94773979806585,89.7655153549257,89.69760789774617,89.44377347664425,89.65149724953362,89.69900191613992,89.57267690419978,89.59174713730819,89.15441036130998,89.32335035458476,89.14827999601597,89.55515293657187,89.6247635207859,88.97136958524663,89.55981251441526,88.99158046431594,89.25147233452222,89.58101452845172,88.05254900877352,88.99111374306831,88.86675334294729,88.8703593101644,89.13395790808619,89.3280584736105,89.20480381921854,89.36680584015429,89.26163020652778,89.35177608308851,89.2014561977916,89.27802359942685,86.6313442484624,89.63851117223118,89.12653440376998,88.91901450312864,89.5753946085309,89.56683494797846,89.84430804522903,89.50895347950265,89.3163835786558,88.80815348878424,89.50614776669349,89.71188630960204,89.0017198030521,89.79269599845966,89.28663386059229,89.3599084641728,89.14093889166128,89.72016635746641,89.73078866909741,89.77692185720228,89.30125444134694,89.33237670248714,89.00164933073165,89.52200203372992,89.59605348952314,89.31441142291963,88.85786989937296,89.00465650465647,89.42172973533246,89.20777102929246,89.19101625813119,88.56522820574304,89.31334949518433,89.66341340424975,89.34188880235953,87.41587215341877,88.8387285112083,89.56100557072601,89.45372270002662,89.26195966600152,89.08399104727667,89.37788312506729,89.56542774718929,89.33102980560844,89.13328450988736,89.38516244482473,89.49337062884219,89.46388982548984,89.80767302020557,89.37924765372652,89.33960776780563,89.40913990384811,89.43573067144301,87.85429378426048,89.44497692979108,89.50677559241052,89.12707491292971,89.46303670068568,89.02602402136486,89.87061566464914,89.84114065198577,89.42503939016044,89.52239769409684,90.17955551173877,89.14854659786393,89.61611308174741,89.58641896687541,89.15738863201953,89.57660317439996,89.32632146625114,89.62012586632163,89.58827638354458,89.43623605275442,89.82350026824307,89.79054171512466,89.46167107650348,89.13578855314643,90.01011051937184,90.33133385127853,90.25786971091358,89.76049148342855,89.90815714899347,90.20165655306693,89.87821623371683,89.91214600904966,90.18101451301071,89.93012512833951,89.4839373741935,89.6353867735737,89.61555658819623,86.7475487020443,90.06588681814137,89.13985702343206,89.89694099045315,89.49578179324824,89.10294192990469,89.6944342056024,89.3879502321891,89.7374343503109,90.17972638745955,89.64988075484548,89.64105704065315,89.47517385742259,88.40065195616054,89.27906633309478,89.26360160178704,89.16195836007982,88.7536499471592,89.87480533465188,89.268384090776,88.87942572568518,89.37983049834241,89.47372665116389,89.36658379338216,89.5120482748407,89.73378411359525,89.68896839031649,89.16433268520217,89.3714128425353,89.02008521364777,89.16526194255215,89.54923218087919,89.31751903554327,89.461635534285,89.20255113646608,90.23773261322322,89.55518706183149,89.36050328783922,89.72088075836636,89.14000796261561,89.31126053854749,89.71324525614078,89.54381547014063,88.33455072604518,89.49691491735526,89.26143515276436,89.49065352979818,89.22298579279341,90.02430529326107,89.32649531460349,89.71875159495733,89.91283732185377,89.52382534987157,89.66048238727807,89.43365355530472,89.43825640832353,89.10497589361962,89.67167304383636,89.00454150610386,89.45756869680105,89.42665728796132,88.25634874418947,89.4693294234881,89.8724702109588,89.63212499627461,89.24382108856585,89.76765831838715,89.71468384600179,89.30299962090943,89.95212421743645,89.48835716801767,89.12700108271038,89.57077191207455,89.52460160287328,89.7137521787554,89.08122044419433,89.36023484058674,90.04754687792078,89.80170084351806,89.44695710127213,89.3906463890192,89.89264868852986,89.38408449301348,88.80730967503173,89.55554008845482,89.38015264878523,89.24179866957303,89.16524746250961,89.04610314508474,89.77298130333124,89.45159946009707,88.80166726331221,89.5964096437911,89.49522499195552,89.72095675352665,89.59272937837466,89.71076721689768,89.7021973736608,89.69069788832174,89.51833371282372,89.52395612513956,89.26477875631605,89.84809574519365,88.24224029929329,89.80087858348237,89.3126045310126,89.6195218833936,89.09262678168133,89.33400202949984,89.58996883653617,83.5502387696153,89.92124424350182,89.37189327799551,89.19257021499189,89.03492832247723,88.70134395416387,87.89416086247422,87.43627421076637,88.64608766879942,88.84660860443697,89.40755714477025,88.98415488622406,89.57228186894653,89.50868020210352,88.07497468710012,89.0582556053609,89.04030668625823,89.46043436636795,89.41537441533286,89.02946182005675,89.14151162927857,89.54092802003517,89.1342815388614,89.09103487366207,89.24584053580453,89.8715268022898,89.64443916921087,89.27228343029051,89.41344854410966,89.65716279748455,89.69876971336603,89.53111763674241,89.09847401692183,89.3457071946636,89.49889933867954,89.49036992095058,89.00417393661733,89.3401351423213,88.00369129277493,89.19362657128657,89.12022942956752,88.80468240702326,89.45461432738948,89.75582693985635,89.51806872531735,89.12989990036422,89.4264657466639,89.14880243881653,90.31230144666073,89.35505469447084,89.44319991147516,89.3949703009315,89.16859763859902,89.83505738024591,89.4562675355433,89.92753176404574,90.01271681393312,89.72674880423465,89.32742558141379,89.35263271891091,89.49712579946154,89.76641298989321,89.59243147596231,89.42595983472783,89.06523821544009,89.20610993769644,89.72978504422962,89.95744202802308,89.79939528503144,87.70079421406601,89.10527760620894,89.59920649144837,89.4688710953111,89.38027810185245,89.29188363180779,89.00625442002116,89.54646364176186,89.85788949379587,89.71529890698577,88.86685387146181,89.97415134371475,89.58026581170672,89.40591227812754,89.58877089598751,89.71540149228679,86.74012923365007,89.4094451983479,89.29107886360603,89.81221693918255,89.46364886140509,89.22433568905234,89.3664803763818,89.56004796677097,88.8953662533585,89.21205053597674,89.67335384580768,89.5028097945423,89.44157180814446,89.09609879950052,88.51626667295895,89.24236782564341,89.02933311204346,89.31295124643448,89.03227593289299,89.64060213974983,90.01416243127328,89.59542560520346,89.59399970194401,89.91351367912972,88.99354510381909,89.30648066072743,89.51173081785502,89.28217664442205,89.60358732011207,89.34104113202689,89.3688526285975,89.23313265322271,89.45773519676912,89.80412497599428,89.4548229625565,89.91571192175162,89.82006627626691,89.77906822760869,90.02684875195298,89.73170710923027,89.84136846800249,90.0837109896741,89.85620703148176,89.48113087660882,89.4378994616125,89.94079074651265,89.65682253794232,89.89409048119313,89.33609524181979,89.85382188657012,89.47061513291472,88.46049512328173,89.85113168949374,89.34197022467862,88.19755809912478,89.71297160585902,90.32677299112474,89.58873608786033,89.58953291960592,89.80823241510453,89.98492422280978,89.63714353981516,89.45072214002792,89.62382647429924,89.64856662489441,89.7301824982,89.61850325643367,89.37492163232264,89.88692214725397,89.43927941345977,89.73680079019094,89.23350335955054,89.56135878755417,89.61481551192297,90.32753588587212,89.9424695688733,89.75429092264892,89.83138483389024,89.45394037897347,90.06642741028232,89.67137575359894,89.6344721470818,89.34432648070586,89.68674252449053,89.3862216269868,89.95190772744627,89.14306983980339,89.61053342009001,86.73793615124316,89.61338309474338,89.74660770850949,89.01005961174242,89.55658380158202,88.98486177983543,89.45945754378975,89.21702365974113,89.42947246344512,89.891353492353,89.56708633416238,88.86665630292674,89.31050532403653,89.44907659845902,90.07623783081709,89.56582983574904,89.74684358707198,89.30959829872045,89.62427986306531,89.39410270444259,89.76769896983444,89.55815672963536,89.85362529850504,89.54015081411582,89.36097382862336,89.40148228818512,89.79955099552564,89.24971441578683,89.34428290016426,89.09993221075182,89.0872314026677,89.61963221956017,89.71999227197986,89.34546096504938,89.32221469877675,88.42281454542035,89.63573992580176,89.17808901301689,89.2330781215051,89.01295748274941,88.11543408850613,88.96004768314378,89.66797909271101,87.77663317298621,88.68354689791249,89.52697295926225,89.02586607782774,89.15430122483174,88.88830002816808,88.82238089502644,89.69448580270544,89.78318028673631,89.46235236906807,88.81764034960224,89.36606222370816,89.06126551115085,88.79448939572059,89.30362075346675,89.19162564474527,89.47319260316968,89.17667528168033,89.5131376862177,89.2735548871979,89.38809460676616,89.26799648464878,89.39276201110438,88.98201969214209,89.89391804789429,89.40976766246953,89.21053313638907,89.62960587302206,89.15634515388099,89.25798806442148,89.13041661556437,89.28759933594048,89.2996968435739,89.59082283335084,88.37797989353697,89.50870440055631,89.45733201167035,90.19116888558152,89.37779924824103,90.27685157831763,89.23698741781676,89.35741138948981,89.37745135449528,89.49860973528276,89.51877210729799,89.71907328228241,89.80363122860861,88.97691404210167,90.11765027158746,89.18141408207207,89.35172864439959,89.33712913954025,88.97341068236965,89.19390590759264,89.18726003512099,89.3906868250098,89.30905842278213,89.45478079631916,89.55292902254968,89.4425622060095,89.53798591983376,89.30587940740122,88.9683562706699,88.94606760861714,88.67106168875485,89.69306608259078,86.10938185215736,88.88643386925715,89.72090425146645,88.84340849978885,90.16801919520167,89.8617655061385,89.35980166645099,89.66047082098143,89.03942230133825,89.25758205547828,89.14001538478773,89.97652609621151,89.0216146630568,89.87676511906518,89.24942935580668,89.79516664549321,89.28729070774014,89.32883328141178,89.37563503829759,89.44838420334072,89.83957910223698,89.5703594278848,89.33218520724984,89.76452520646777,89.11938494353444,89.80871677334179,89.4364090537916,89.6032475485043,87.59909761122645,89.74637255363211,89.70900029377701,89.47143420587528,90.15009657326812,89.44269017757364,89.10831774980153,89.55797425149818,89.59062820057272,89.62261413250936,89.46661737529425,89.8991200096596,88.27188282441303,89.54860890044017,89.42367794765191,89.47584961902905,89.75911690298508,89.5020856256584,88.94528976877245,89.75748653052082,89.62258181524857,89.61371501476852,89.56396422071944,89.71525812211195,89.45345023031267,90.02280801604849,89.39347245174636,89.808066639529,89.45362174409718,89.95014922537271,89.4887925201827,90.07167856842405,89.82939242723843,89.4565157287238,89.56505416296858,89.50407544721288,89.37026168853977,89.6500545034706,89.52361328392135,89.66385944999287,89.05581295434733,89.35991116511583,89.45331794877943,89.06416721245945,89.31489677619342,89.70979859406278,89.37791960834329,89.49512474599364,89.7001178728514,90.27426958128837,89.66973769289726,89.35923754888525,89.51354760179349,89.8240493103969,89.65495485087872,89.43301501382973,89.1641169326278,89.55649874100902,89.7785417031456,88.38328919324238,89.7991915008857,89.95077250644982,89.53312212723182,90.14316891253331,89.32777450191946,89.63381102203383,87.80822601738589,89.83926965468214,89.97055986209513,89.6725387138216,89.68022744093753,89.6569443851355,89.46358926934789,89.51143161796954,89.68932799881506,89.50833986852749,89.61469325472306,89.51662784874368,89.26122761636401,89.79132806805505,89.59963424107265,89.4422881082754,89.53596445147701,89.12628668826952,89.62774941357891,89.96614503943333,88.4253531227266,89.22018567770037,89.88501493525578,89.89351500513014,89.20412258715271,89.5518550523464,89.32579388440256,89.75932895525601,89.0029351014736,89.43553677032776,89.62695164707058,89.38906898169346,89.80796587923234,89.4050144761004,88.9651036836059,89.38308963387176,89.40013892311676,88.85064548072125,89.41048872558254,89.82579796990933,89.50447837787777,90.04873064048796,89.47289887498684,89.95876587131339,89.8660922777936,90.10760159296602,89.33284034476257,89.3233184060397,89.74625134520727,89.80327568297824,89.77274918967395,89.83708623455819,88.77198040261908,89.73846333819846,89.80615265503296,90.23359132761264,89.69938663243074,89.32180103319708,89.55268470262085,88.26451593528205,89.73307027702644,89.478625374087,89.33968960573456,90.13643171581568,89.85050060644005,90.38011098633602,89.79619058034619,89.54998255126638,89.92609257020518,89.55585972653522,89.7820144266173,90.45570375315448,90.20039163016091,89.74070036877175,89.68116357334864,89.60597207991316,90.0201047182733,90.65962654708268,90.0947210339027,85.04488650306084,89.69629030592088,90.01891253807564,89.63318317760138,89.73974043825902,90.01577820891282,89.68578406869864,89.60661884780563,89.25577888467467,89.53515138549439,89.75633932340037,89.4227878737054,89.44818982669369,89.32602284052027,89.17127831844124,89.79187497766961,89.0869285950213,89.17702615329564,89.91865699452136,89.79018849529336,88.85060998279968,89.73861974241927,88.94442217245982,88.96300473401772,89.62846715007721,89.31755576331012,87.7376434584727,89.75959720773855,89.44296630125295,89.22804609087274,89.3855035125947,89.4332860521605,89.47279775821058,89.82233575463124,89.5633849478182,89.17092894154717,89.48781572771304,89.41383210760348,90.12562695773016,89.41059545244661,89.52259814861117,89.75593777705085,89.60627169869585,88.84568348030818,89.51240401892812,89.7847112495704,89.54594798238767,89.30956357438629,89.8230086282342,89.65427664146631,89.21729557502667,89.05896652169227,89.42833565857127,89.42388094562207,88.73902504862006,89.51018262131082,89.4283029312784,89.67842286807226,89.16609016490189,89.14843343060134,89.38866962677416,89.00077038603216,89.3011684944115,87.19360477231196,89.02527902787155,89.30355715408015,89.54516961539065,88.96736711706663,89.34672118326822,89.36677238707185,89.32225277062605,88.99691200666874,89.3282406925986,89.71362857891694,89.52453136344225,89.18295721308473,89.31492287918894,89.36120452852558,89.62572850012293,88.78228744122374,89.47915512164619,89.04537055999904,89.280035571358,89.20571887364802,89.0754352434823,89.22691052940807,89.19734861420338,89.08320123586195,89.32194142097342,89.23380127066444,89.4550352356482,89.82975698406185,88.89138447668878,89.01695583240422,89.26088401094914,87.83054530700242,89.24926561946523,89.1986274194357,89.1277825349255,89.04895832735247,88.85242122680967,89.13168111613699,88.93212699262445,88.67951163660842,89.40687767594135,89.49500783667384,88.78282294093133,89.43013881171171,89.16520450774375,89.27338336576771,88.57848228872108,89.353455093142,89.45743682260719,89.34729572796468,89.30669125805348,89.20960572643577,89.24293007878421,88.76793598547899,89.02094863789014,88.99694533216645,89.46365506005012,89.10832445332379,88.29440320108992,89.56231180792882,89.34637661624875,89.40238025256812,89.01670115854704,89.3778577608055,89.21955845662282,88.01953703275566,89.01173512549863,89.0577016087857,89.07926772149422,88.22539895725915,88.84797006460353,89.14599715628778,88.90653944138556,89.41540427084742,87.81455456626367,88.7717388933494,88.60718392428363,88.96485920066033,89.10966423713708,89.45614285924103,88.8672432491141,89.15006030276061,89.31680454267921,89.02501836854124,88.72336047916043,88.74881616375218,88.83526602849788,89.25907335516071,89.28535044243864,89.00558498887557,88.65400292977509,88.61750601956238,88.27745047474984,89.32936948109746,88.93143848590094,88.99990049885108,89.04862087378876,88.61154887731782,88.83378164889923,89.06342721989611,88.90413530286729,88.00762289445014,88.28808768436278,88.2876660392381,88.06928815391535,88.86904838369723,89.34268641979266,89.03217675930624,88.49624941160171,88.7651484380544,88.90110797169557,88.59047232908394,88.94878507746542,89.3526845966852,89.24087423452245,89.01126337978936,87.48768416227631,88.93308670408044,88.25260600358975,88.74069766309827,88.2072024795434,89.09888788443476,87.98199703366919,88.0696623172043,88.45017070937503,88.62323976390897,88.69450211252642,88.41628745057714,88.58713408969365,89.07723545088142,88.73613203294673,86.67453318961374,88.55042894551966,88.6952314289815,88.97376016983429,88.61713366416888,89.24193843685924,89.35471049956952,89.42697404245497,88.92556056381356,88.99180796702582,89.40431807870327,89.15502862689866,89.0964781312404,89.08711301978916,88.94351329128371,88.80115244338924,89.28531512313211,88.90238181717012,88.73636313085039,89.09842686349204,88.80404601214566,89.09271488216687,89.2469816486036,89.12908578697697,89.16717183361465,88.97260197137066,88.63842009195609,88.86020000449008,88.92210214868413,89.58815656965102,89.2880771544672,89.13870960309693,89.41019794881089,88.39579655817656,89.0552302536489,88.69293028207032,89.19755445287788,89.0448150129114,89.00579854653114,88.79375614076645,88.94101011932835,88.91037308790881,89.22204119853251,88.33979842391999,88.86423538731634,88.57793745819436,89.50387359953072,87.51624879536558,89.14586764696547,87.9047787168609,89.14131547764586,88.61079042395635,88.40696922842707,89.30556707725515,89.04388771857239,89.90532698138114,88.84435762605428,89.01778316643914,89.40760540861079,88.91195877609249,89.13101880052493,89.03115895835812,88.68506627457243,89.46323360369189,88.97519383238576,88.72962900243888,89.10067606172852,89.13584611102213,88.46485186110898,89.0071223417088,89.26226131322699,88.39903425329955,88.76666855563295,88.81572993482858,88.77238963705959,88.9318724509431,88.85981103210489,88.76434885087558,88.6800059671789,89.09890086161039,88.51071949320124,88.77017510196819,87.6990650596503,88.57130565857436,89.54217239564677,86.7865586862682,88.50007716843588,88.95670852274334,88.62932836365418,89.31047994641781,88.80448679625484,88.85465871624535,89.24056165616501,89.02116686193902,89.81307471015236,88.77441256036114,89.12576643987055,87.92683431436132,88.92198841578265,88.81603177151966,88.63084506168752,89.00508190193139,88.52683954078165,88.72629767927705,88.69741829788978,89.26214775484958,88.8553196256511,89.10373712747356,88.30411102910725,88.98129692263909,88.70320982589332,88.92327807599325,88.30027117758235,89.16952799906052,89.12232233703719,89.20170146899954,88.98261038216808,88.69511118052078,88.6329856375886,88.97124125201421,88.16594167073053,88.7924036963533,88.80478080696041,88.97128841842661,89.1186825249498,89.09245919473582,88.81687702889765,88.10661964203472,86.63869725531394,88.533527556047,88.59049070163591,88.33376503987509,89.32044451817765,89.33997417034855,89.00636849148137,89.00685598355395,89.03936215736387,88.76400845285481,88.63142329037133,89.04509423908684,88.90498108278142,88.99813546773532,88.88696876392686,88.89725829670282,89.39102879610334,89.33409682147646,88.82129468987037,89.1403794956209,89.20363176349662,88.4943844013677,88.69742428224527,88.91234806396714,88.60112060940934,89.21023768810556,88.89924832604413,89.00129145123512,88.91253009166626,89.09649912863222,88.65538848031557,89.11594367362049,89.31076154561832,89.29853418765565,89.18828637681554,89.09747783465656,89.35902935976463,89.45465786445318,89.21478784452874,89.19948299418067,89.40873251420746,89.05798546786822,89.32531709032497,89.10903078377436,87.80458093475599,89.0624700106695,89.04642524029246,89.36102192512068,88.43079024889148,89.28211137363469,89.3654318118801,87.33712226645146,89.18061032043924,88.7183905656165,89.67839733107976,88.80607791788935,89.22492344613303,89.0386466524782,89.2928437904628,89.36899914941348,89.20745966769124,89.51074724077587,89.53015089835803,89.34862322061501,88.95136589019948,89.40868218734178,89.47547720632713,89.32878517253586,89.47582066990697,89.11881990527901,88.99387348552595,89.01101229845452,88.71288068776654,89.1012766049439,88.79614042082007,89.17466487256938,89.33662052198112,89.68479165469294,88.84035765738554,89.30346459645217,88.68908389628432,88.58691180746297,89.53513850870286,89.2751679069937,89.4608577966615,89.30247362555455,88.87473875597328,89.13704677394863,89.69927139751579,89.04572057634162,88.64949503616795,88.42757382242566,89.13328834023059,89.32858707908194,89.86185485799577,89.0450748439817,89.13155833756181,89.43174947505302,88.99641042201075,88.95886832572369,89.60185542329451,89.35243753293136,89.02933738202574,88.5038704485461,89.1690164541738,88.68767218926712,89.07900491711865,88.80771148400083,88.81029432463183,89.34673049876636,88.83586425266887,88.93177800288714,89.01526255744575,89.781160915241,89.83318932932754,89.16174368828975,89.41616969928926,90.00470759914077,89.49447925285534,89.48639726781104,89.53307462266807,89.50132268568288,89.65474179096185,89.37660571777327,89.89278598143204,89.36912138299587,89.16052049452102,89.75549744981905,89.49740425259937,88.03967600464748,89.34180257751247,88.98343226729683,89.53403822861077,89.2880650955693,89.96646620654296,89.10458756450107,89.51365066280948,89.40258438478018,89.34186521112336,87.37708998035986,89.8796033620169,89.23979717561973,89.08883485476517,89.6069938430665,89.02606381258984,89.00986063115396,88.85033052245855,88.95561460232558,89.38421632385958,89.46488645594484,89.24761044416995,89.50893199594898,89.30919857072253,89.38503735578954,89.63345826651533,89.36599333765493,89.02588841085655,89.25809994625226,89.22076921404107,88.87730569774078,89.35788912269241,89.08356256270127,89.49958093371471,89.45656311975216,89.60002533448812,89.50850761258008,89.19065936262606,89.61511614068053,89.57867514651413,89.23219780767626,89.67952422806431,88.989884802742,89.63360633253411,89.12246353104224,89.55607435801427,89.15989737077825,89.33911734624706,89.40914916022155,89.7242403854525,89.58879318312393,89.32543276791247,89.40973392115224,89.50559731473987,89.60839018635926,89.45805193956272,89.45709888670658,89.00736665414655,89.28410080709928,89.73868338026898,89.58929436841863,89.32754915796481,90.05689171027427,89.53734505257162,89.10506403723635,89.39871003454702,89.21368720930157,89.85321961510232,89.8518413003034,89.5917093808356,89.1700212849375,89.47304175496234,89.8501958471898,89.3601925046135,89.6877835985401,89.51596016508846,89.76256216150323,89.18665184022836,88.25629219483649,89.51703606882678,89.48737497683135,89.78848524577455,89.61031078497845,88.85952049791905,88.46850482653957,88.75459946508433,89.21099604988478,90.21925957096028,89.76057938500365,89.54986814910524,89.09883753681615,89.63816079518796,89.2489110553734,89.65726201274038,89.09006958751186,89.1846247589137,89.14554184143472,89.42803242980425,90.31715012602594,89.72871218583975,89.46937787105911,89.79980786523278,89.54950876362436,89.51465812051259,89.22811398415566,89.0707225082187,89.36585034275473,89.49148811329667,89.16586716013288,88.85457524800974,89.80613989102271,89.78414455941426,88.18810393080183,89.31684173674722,89.71788566067056,89.75305637302581,89.79613499073606,89.90664772383461,89.84653252677752,89.66912904211267,89.41788892468684,89.25147431359386,89.43042866976775,89.09655743121365,89.6341807222727,89.34857404370072,88.65580804845962,89.60749196827584,89.41130327103045,89.31887316098513,89.53736289563844,89.66818442220743,89.2047421776141,89.35105295581141,89.7724200824404,89.46367576886594,89.4832288014907,89.53747558108594,89.83588792948167,88.96075947060453,89.25508474694598,89.34608904376057,90.0526793238288,89.34072348284658,89.81773004583405,89.1437417305338,89.78058870069299,89.6359460928109,88.75617187105343,89.31548619799597,88.78301177838114,89.40036220253924,89.37103385630469,89.49790731682513,89.00397077581347,90.02868184614803,89.2701430327886,89.76901683159517,89.41719155612411,89.55804294277817,89.42628555114078,89.61723266587065,89.71119205062583,89.06436759989978,90.10004011994792,89.29785387566339,89.33356872259739,89.66792388099084,89.91699390490636,89.19205266677837,85.0054628018143,89.1709069976219,89.22785157967047,89.28968815680251,89.42018827572909,89.54075761020651,89.59194139907392,88.96305048798041,89.01250544747653,89.17228486133999,89.184446715646,89.00332169965226,89.57428807185421,89.96755835366747,89.31971973451724,88.93714434390877,89.13886761581816,90.0539157015978,89.87198888129292,89.30640643264515,89.63517128055153,89.56071254304783,90.03371484043026,89.52365481558198,89.27158906742858,89.19285610230071,89.39400976329301,89.20801596417881,88.35900079523164,89.04233764354616,89.45775395946406,85.11154383490006,88.65553942067866,89.51028137119044,89.24349834507979,89.51438689292554,89.02650593380075,89.99639036472547,90.40935919183117,89.1772673697202,89.19074980856493,89.38272079448988,89.2643056147439,89.57280548088058,89.43966497593296,89.40845113813184,90.25029286914679,90.07504107515635,88.96485007595193,89.84469228621887,89.85709754462431,89.55482924405058,89.58721080682486,89.36634777823248,89.4574074691227,89.2990572578427,89.27590261539461,88.99263413974943,89.18154356044317,89.42982708672722,88.89421210831588,89.50531957142447,89.40495395760196,88.76291991957694,88.91859429491815,89.2439022337998,89.05553079031402,89.36873389744838,88.44760247911908,88.79196585671039,88.77544254644857,89.27565243696701,89.76344694713744,89.5523987731938,89.28265437189768,88.93523695394762,89.01413651725022,89.4173760268251,89.47670758541558,89.16260538253098,88.67430478507204,88.21921732808806,88.9175256365309,89.39871684354597,89.15292536174394,89.04749336469037,88.82151554659475,88.87191203745793,89.56999027160806,84.22761380700621,87.76351632657426,88.41463659744784,89.87169722805787,89.00175788172359,89.19766703051896,88.93232922104352,88.87138804264298,89.15838671348288,89.14419269584977,88.76818566892281,88.50730547519635,88.6645076632786,88.93160167973767,89.01753230750111,89.12934417023378,89.12448019876301,88.9264491365297,88.90869163438413,89.14094168718103,88.70276594089745,89.02793541945631,89.31831502176982,89.3442676057533,88.6560073315243,89.00299185118313,88.89457646733082,88.93896614831006,89.08256603914377,89.65208033197787,89.15441974742758,89.64825447558164,88.3814034042734,89.2293258752772,89.27184316610087,89.0125540028853,88.99673185828901,89.26218163450106,89.18615835110529,88.73702617835892,89.21749400106775,89.3605209954628,89.34067648409453,88.63508680102308,88.86559184011432,89.26229191226997,88.9958607606298,88.6106858595212,88.77517599236275,88.720350271485,89.03601314127883,89.03121188774043,89.00279467750757,88.68641465400837,89.72728706571488,89.47227596888304,89.12728053225567,87.40098865590831,88.8759450859663,88.53265859089228,89.11660220309439,88.3893845109454,89.07482407929847,88.8583057466413,88.79475390381447,88.40770614420322,88.46979099609716,88.88428944806228,87.51001893186495,88.89919422227435,88.3381754560638,88.50445541784258,88.75584412661269,88.5517139762265,88.47757762653686,88.56189543533806,89.09126928244568,88.97585294771767,89.29083241765596,88.998059841134,89.04868655526089,88.55221163361485,88.89872886012127,88.94422710259336,89.0453990798623,89.52463937247975,89.47998851930615,89.33137510469875,88.7523147389789,87.0368499693998,88.56667232091542,88.69217452289219,90.03204918322444,89.00099254060551,89.62390241039924,88.91639595083298,88.60181297125439,89.34244333291859,89.19425678792688,89.21005100313181,88.92310619422386,89.1021551798341,88.8196973567166,89.36285631518842,89.02195099217232,89.23297501475624,89.41423326313148,89.53826325172626,87.50159746616289,89.01527818896399,89.52665196802985,89.19650829267727,88.88942547298284,88.7632018817835,89.21086816387417,89.65075861123965,89.35808489542733,89.63414951005825,88.07195827157204,89.15592313621664,89.27403971199112,89.4961622131087,89.10587613713507,89.2454076707517,89.28800551295237,89.24525603069192,89.37951577356733,89.3755941268052,88.89579363354477,89.67367708811916,89.25210117976523,89.53838459605738,89.34810894535782,89.38621743312595,89.21631154305202,89.01071428645557,89.31303159176085,89.21352741391402,89.4111664504769,89.49528559996264,89.43680830769152,89.1474370637183,89.23721502887196,89.26716758573066,89.37552184062555,89.44666700714177,89.19200541479653,89.11534220197231,88.83063574266936,89.30134923632308,89.32038571388556,89.27258093923963,89.29954678860452,89.20130342807632,89.1243210039921,89.32405220534486,88.88937115048864,89.6438645322696,89.13708237263629,89.02541774107407,89.47042428548247,89.19360471685947,89.00092171758939,88.22532965747078,89.19987044756328,89.37687704307947,89.22355657626012,88.85634369423711,88.9703782107335,89.43537431147902,89.38142094361767,89.64617331828305,88.67999109778812,89.2112394296245,89.21399899083434,89.38700331421381,88.99169286472866,88.76183060640005,89.68714310000365,89.33185058168651,89.0681792624564,89.35549137946504,89.4901349989728,89.60058613380644,89.3983504627044,89.7237279565663,89.94679142726707,89.36901541297922,88.53161494096939,89.14741438505165,89.42695613148459,89.83301306868616,89.38063471759436,89.50397638127468,89.65308296933428,89.6007835361555,89.49089331868161,89.28131732329761,89.65263412831513,89.38294759932792,89.66630135898608,89.71417517597484,89.38408476910388,89.78411560520537,89.42450082031098,89.65241105404824,90.20288506926846,89.09596736247816,89.24584153789998,89.89466241891064,89.40971938831761,90.28051275804917,89.19534769112457,89.87766396658967,89.74079651298518,89.47950579481483,88.76321866426673,89.13024234242573,89.13528141954568,89.71246804647635,88.96676733162894,88.97947817961379,89.08657257921477,89.64174454244916,89.36294184936708,89.70727864445708,89.6217403743189,89.00904616624561,88.78887287109286,89.33846318902164,89.58718385887451,89.76623708708168,89.65982405966629,87.73281985206144,89.24085829085257,89.62368440724471,90.18542098299353,89.3344845740976,89.42139471428787,89.49753088635752,89.742799685508,89.5488548442088,89.13412603849252,89.18291132245302,89.01436999243266,89.484611885792,89.45589594742341,89.71855032585934,89.40221412789312,89.79965038396163,89.12899384319873,89.62234161876145,89.20396553612026,89.22073278191921,88.9864435853891,89.39754027717194,89.6658074473473,89.29223162790447,89.78240544019019,89.48804087960322,89.8939963076298,89.09246646160747,89.52400179630565,89.52905894872909,89.3989964148689,89.63093183069707,89.40359131466819,89.47336071470846,90.06051804141939,89.49345444370465,89.32779846217831,86.60288612972825,88.87083125313306,89.4314263506227,89.89764761975843,89.26515326210057,89.17850990079596,89.27494889752543,89.45611144380254,89.34135432586876,89.42560808046238,89.49260199754917,88.98883132205408,90.02552848116363,89.6041010242624,89.11123880669999,89.47231677910524,89.22385364848107,89.23899573561324,89.103057638839,89.35231776053826,89.86138999076422,89.31824398266065,89.41130687708392,89.31476750389999,89.28936069362523,89.39851865629636,88.97954877622871,89.52438925325511,89.40111657219,89.57925215987518,89.45753045971158,89.36956189866814,89.17606486221166,89.3575070767573,90.18971878135099,89.58698086672777,89.59005583794456,89.34491522720751,89.61239669091914,89.4732061624639,89.49177196264094,89.4183394213897,89.4971669638073,87.60118744667075,89.84307123193841,89.8457881236246,88.22035252689957,89.3517741894805,88.73616081817198,89.76704144936241,89.327723054675,89.44171856943667,89.45307622407087,89.4674539124718,89.88016747083486,89.52277338232099,88.87844132425049,89.44089811690894,89.41857867955083,89.38791151956354,89.7470071788757,89.45571020379161,89.18316949576997,89.66390176042808,88.94728525964675,89.3200612487428,89.19544034144656,89.35717025476958,89.30459178614963,89.86014893739605,89.36568160992555,89.38892328059214,88.28272562026679,89.22831015767025,88.99580215674021,89.18810897102975,89.41986316517011,89.47431322350945,89.45094517381482,89.51865654493413,89.08399694327922,89.25681621985353,90.16607283646334,89.92814663302053,89.69604715769556,89.28681237595818,89.19131276896283,89.70560368454106,89.37088719336302,89.46720034319864,89.19637123370212,89.1798102175327,89.50961627068948,89.05381415063067,89.57233427946899,89.68881182596955,88.87606186783742,88.8542916665531,89.24519853798768,88.92592364471325,89.40097593498218,89.37812976206196,89.49042709957125,88.90712924892946,89.72027883414896,88.685814164357,89.26723248343471,89.29523904163541,88.94272679565248,88.94695518772551,89.36719997905051,89.12314763377839,89.16044630326492,89.10019666892123,89.00819871565557,89.45764982371885,88.36902184375829,88.66699553002333,89.20734608045272,89.47803437807401,89.14780211242501,89.15221246914516,89.01779325306921,88.72082315839691,88.82123967709151,89.14915871244784,88.93451879290681,89.90495176497157,89.59918118427879,88.8641060070572,89.19284929450797,89.2352625602451,89.2330075266392,89.525185537774,89.32059705517321,87.22858423845727,88.86870286783942,89.16341742276468,88.83794572532369,89.24604832927137,89.48172804208693,89.70123138196556,89.05332338235647,88.96855384949232,89.28086470568451,89.52075690848434,89.57418260278845,89.38506512129119,88.38756913795186,87.39488384690476,89.31150830707077,89.45003963222743,89.62976357166697,89.37404211897532,89.27766159820136,89.56089340377459,89.30521115830078,89.53318984932346,88.81544796772695,88.79500636287072,89.37000197679086,88.29828959763907,89.61007607631512,88.83659964915951,89.14828212421585,88.98938422835305,89.32289580626806,89.54655910896163,89.39323517719743,89.43275641868136,89.8046749974494,88.87524597396973,89.45744335760492,89.88634783585336,89.85537895346464,89.78141049460119,89.52587958414904,88.86717158982707,89.07569579823031,89.0229845230759,84.69877504215894,89.36562452577255,89.13091261445163,89.51187564002542,89.60188514102256,89.4818968502948,90.17687054204431,89.23712575606766,89.46943835185353,85.7330054418313,89.4892192531431,89.49779125821499,89.75202852121429,89.6029063819655,89.50017968624019,88.29519131112606,89.60151874245419,89.34890957815053,89.38866416599812,89.73018418535543,88.6839627942365,89.37865856183821,90.1762387558448,89.5771737848563,88.89597807383669,89.4683996074677,89.18640268571268,89.20260893858635,89.8974578232048,89.36417723522896,89.44634897177849,89.26888706358196,89.38152093289936,88.25146751768939,88.98232060678468,89.53593323790393,89.30634495786931,89.27149639802845,89.35146990736268,89.79932679724534,89.59952085808527,89.0136249646066,89.16723050520154,89.50148575092734,89.58672318934839,89.6111891773816,89.37158840825127,89.64294890511015,89.25230180438231,89.48895704584385,88.17042693788392,89.42316147273918,89.25713828788469,89.43296698018308,89.40476483640742,89.47550093860907,89.04927423466779,89.07897045513296,89.66956411575369,89.16710680296171,89.63095318134756,89.2639148784858,89.31846950495591,88.79263129562145,88.92793778195228,89.6794567859997,87.29453288035846,88.05342368988458,89.46574368276124,88.04463143305706,89.37350842135443,90.06974758970617,89.39677769584345,89.60244547136314,89.68207935172144,89.05054794494258,89.38161993433883,89.65929925756413,89.38540047931147,88.94518438069302,89.30426064325084,88.68045021290567,88.99316860967718,89.36741525478308,88.6773941183465,89.65759872848072,89.34997186145054,89.41825904309559,89.78624230440553,89.67295853840692,88.8438122910903,89.37905139501447,89.06560625659824,89.63389436588166,89.47986899279516,89.31427525114277,89.15852725172367,88.72044407640287,88.78290681380129,89.36399125603938,88.69712504522826,88.87305922130753,89.42503512605253,89.14613476550534,88.68456332769739,88.53696166559224,89.04011081201743,89.06434688319789,89.28019047031881,89.0771821827716,89.47919702488058,89.11226728644802,89.13343984857289,89.68677356816085,88.95727497919424,89.65913617660985,89.3904828107733,89.65507039352362,89.50602001117024,89.529900031892,89.27068231583038,89.42530075350604,88.86038438874898,88.64318011104609,89.38043842935296,89.03832534205158,89.2231838166092,89.38127724433896,89.03096799791045,89.17137777442548,89.1468655320689,89.65812210535991,89.49327750778522,89.91651471167786,89.20157422903004,89.40322477224873,89.77224423700487,89.58401464756264,89.9592747161435,89.43516549408339,89.0268630393245,88.93882683302974,89.34459583525307,89.68807528478077,89.34669529069446,89.154342735466,89.3951122440948,89.20175632253873,89.50866385934391,89.9793149891491,88.9866200993897,89.38329725533657,89.05855891849706,89.423808543361,89.83863483217216,89.76522532221621,89.23146444759013,89.26566350597574,88.04671033747437,89.22941023039752,89.10996040286976,89.09118334604037,88.85160942909405,89.16789138318569,89.22306678900914,88.36572862500476,89.27045348902915,88.07055433527319,89.48904920049418,89.01983315436088,89.00653180924576,89.3209265566046,89.09870818020059,89.52788953875007,89.31075167925468,89.08504435574801,88.74289291849158,89.46939914360588,89.34897056759233,89.69275980869337,89.6836985899967,89.09343203402668,89.36745248089676,88.94864688156136,88.99671515586304,89.53549751583978,89.41169839197259,89.38663614284371,89.16024419328546,89.18587971795439,89.46091152045393,88.98955676210376,89.2561673953749,89.27515917029112,89.47214876107444,87.19480931212988,89.7967016344345,89.42628146085549,89.58963476625651,89.52453060301121,89.41340152243657,89.1434629736291,88.48046633282452,89.57714916310694,89.15614425378838,88.8646966503995,89.59777462143742,88.86599469261046,89.08302220747404,89.05472958971578,89.0400525809798,88.89528911419444,89.49517164367113,89.70233703054055,89.81731867494385,89.75524748283476,89.75055092264465,89.48226799324294,89.43104341897259,89.31474791377399,89.63852189843618,90.39844798897248,89.54877685836908,89.70352593660034,89.76108510353575,89.92293913413792,89.65770412891821,89.6526903413022,89.11800270809182,89.11096226694798,89.01901250875112,89.74351464797513,89.4969178513398,88.81135776302266,89.4984626964219,89.78044339829741,89.5281844201333,89.31522567940262,89.73408114231812,89.92969116618455,89.79826259638939,89.93844814246062,89.56914849965038,89.69306592421313,89.7483669411327,89.61553832972191,89.82628685570107,89.7512311980267,89.75174074228342,89.32647744770513,89.6365643937336,89.48738900655924,89.70860274526034,89.97499262545857,89.93778523352017,89.64359687643808,89.86417343129857,89.73833632684762,89.72089622658638,89.83841750147731,89.81949316666149,90.24832969361768,89.27747871554551,89.60851228417228,90.05177838520771,90.1568941375719,89.72792256071594,90.1559259670967,89.61213219477176,89.81323894102474,90.18784442410852,89.87297058258405,89.34862239494804,89.97885120254979,89.5312838686977,89.87578767597493,89.68260844617322,89.83596463505819,89.68588753923055,89.83162040445221,89.98817712875655,89.36497654821179,89.73228415791269,89.42219563124178,90.13035521884623,89.707216813789,89.62824727580734,89.1322563116146,90.19551365925062,90.01143822929419,89.80719039578624,89.79429737157541,90.10182528311694,89.78032009451454,89.45074158782705,88.22753858320452,89.70739480175457,90.02696371675329,89.56647408029359,89.77111493708186,90.02267545024363,89.80341678199387,89.74388797519642,89.57487454320186,89.92355743171618,89.94945856974833,90.19219623841302,89.64883629178799,89.64512238206906,89.48067239820988,89.70790702137258,89.96734431633949,89.81366594787102,89.45050718172064,89.7992011942208,90.13542259421222,90.37000538555321,88.04593975470047,89.79334510927349,89.54581476472912,89.80083210718468,88.02174772626013,90.10646959257151,90.14475938322995,89.83027070348282,89.91503913500914,89.81973565088498,89.9524144359803,89.51736953919185,89.68666358128165,89.9137946998882,89.716975111166,89.86389300295919,89.76572319280844,89.73343796111344,89.5313876443986,89.76097891640666,89.29295552379133,90.06031985978422,90.15687223594024,89.70769746676783,89.48994272281347,89.70962864674837,90.00730820108156,90.3305817140017,89.89132248273643,90.04985564486776,89.68307093997745,89.83589267526453,89.7187074828076,89.20578757249547,89.71954841968723,89.99954382557506,90.20960725462746,89.6132907230729,87.87965522993417,89.25237311141095,89.5359244945135,89.53791357930719,90.18966060391318,89.55811466000563,90.01657477103181,89.6944607398819,89.44490432772793,89.21976386610271,89.52463937298079,89.74064894940169,90.08665637266442,89.68991278657113,89.01476575978364,89.42624718472389,89.74578511964779,89.70700825720913,89.68426675926095,89.63833803982268,89.59438799535187,89.62578861138633,89.48703687622596,89.88737348135241,89.34581951084569,88.8163917226879,89.49298582596782,89.50057425968244,89.74930084721613,89.27125694389548,89.31626737251737,89.4947297939783,89.26171172352925,89.1593499629836,89.56205971411443,89.3948918594825,88.79705344360785,89.2948305357102,89.13979259029306,89.46565119800887,89.85246803643797,89.3200630345036,89.54069083643472,88.69489767926423,89.87471334291047,88.85057745709666,89.49740907542781,88.39119205150348,89.55949759670227,89.25008076790135,89.20328433655577,89.40050197487678,89.47827734607772,89.17589871528115,89.04044516255257,89.06047001146973,89.05497002319454,89.28311513241977,89.63950081258353,89.77629875432905,89.54524519250052,89.48563773340368,89.3323370928835,89.7306745944316,89.22971457584072,89.19695827460369,89.47439691297699,89.55668727525386,89.41452495999583,89.53454125646978,89.45385397561995,89.57571960122908,89.10464467792997,89.3292234981234,89.25276486022157,89.57212268310236,89.45331930424149,88.84276198691788,89.27819346421893,89.69458739442292,89.5376818794222,89.74301304726771,89.88474613263485,89.7845717305619,89.700943612627,89.51676102376476,89.2839274475597,89.31686004496565,89.63158041279928,89.98365653385163,90.08144861293177,89.26290614209042,89.33210869689199,89.47335101730923,89.63521431227161,89.63343680137419,89.76760201606547,89.32491333966365,89.88512063608097,89.55786980262098,89.12034738920606,89.86999777598422,89.59357906148352,89.21477192350359,89.45873705955911,89.3889472918836,88.69802620266914,88.02893305608241,89.79412634586929,89.18590894519478,89.75021445766528,89.84765405302701,89.85855121057962,89.79013504541679,89.39798520855271,89.38282420565675,89.20328361209795,88.92047287836482,89.81569435835428,89.75598666739246,90.02344152020892,89.50663011114986,89.70848869389174,89.68063686245777,89.5353663324761,89.13493820531056,89.82820843566267,89.32408146302359,89.80179253293748,89.68416924471974,89.2953855454784,89.62866945190743,90.11577835330866,90.08073652349395,89.94473330366854,89.36920787846327,89.77666415910134,89.74478349966986,89.47829153327231,89.53688102158495,89.69240519254552,89.61249825115304,88.68897606519033,89.37903057538709,89.24723657891437,89.40894044816619,89.30106512626266,90.16757328513064,89.18748914144913,89.62162308274364,89.6800280761402,88.94416321043116,89.65558497953278,89.72110281885728,89.51970820577957,89.87755813038193,89.79292740965144,89.56781334417306,89.81722261405702,89.33209231955479,89.79129512843956,90.30411599000772,90.03132110635502,90.61363188460118,90.07752538241765,90.05151764696967,89.76501496274152,89.98659138702872,89.61542833947559,89.70331669697651,90.19468563622385,89.9121229836526,88.73414588287272,89.89662747615121,90.14434333927626,89.67971755448917,89.52568154911698,89.84769168245607,89.73852933548419,90.38589466588058,90.57360075971252,89.55715411713352,89.81137158438477,90.42041841688619,90.03864497055034,90.18014179904107,89.01798163340551,89.4608684233834,89.77423749434126,90.08266053714787,90.57675812383576,90.59171155762027,89.8460160030156,90.04548956941413,89.58773810532108,89.6411447758133,90.44788848762903,89.54507795940111,89.84896833605114,89.70721680563533,89.78666513173071,90.52890718555084,90.44733782680645,90.77907810580713,89.85535738398605,90.06973782048004,89.87744587356923,89.7898102278908,89.29446569968559,89.88579213560796,88.74549168635627,88.6883503597717,90.15287940639595,90.01475897954697,89.95431460263659,90.20065899636913,89.87150670319451,90.219346611541,90.45966104238452,90.25643721179028,90.05669633312364,90.92073729019765,90.06769680333996,89.66288124444377,90.1377094618864,90.13406382089327,89.47063037894384,89.81325401099076,89.67041809569355,89.63049716685892,90.1527736423728,89.63489248045575,90.01838358931909,90.0497928688954,90.08101572423959,89.69177486051234,89.98116863291241,89.9681062278249,89.83600579248936,89.90108032535846,89.95428822207776,89.84350973450708,89.91071466583992,90.03067084068645,90.08059706625072,89.35887575173821,89.98059114063784,90.47161175789326,89.7066553797516,90.31112295929162,90.0454586277709,89.20043957608445,89.69448549066092,90.17825003823742,89.88224828806973,89.4124178203199,89.82561966412646,89.00349627325353,89.57126996024908,89.80435076382624,89.24986161449934,88.85277323209972,89.80189253708625,89.48920341722453,89.88964850311132,89.66922561423584,89.52322527509892,89.49486212291174,89.55463846890983,89.716163403027,89.93275449404271,89.58102860939023,90.04531396602124,89.71475028947854,89.74843489285242,89.66552314176022,88.87692198336943,89.62066582389976,89.91246506332027,89.82302981701054,89.46514075337122,90.06875599805359,89.80096830451266,89.93151944216189,89.7124587292296,89.53657172210835,89.75019597871865,89.29789526718683,90.22672538386169,90.29319030196108,89.48587210154027,89.82246772079249,88.9804390445862,89.60011615829261,89.36561034524611,89.49407255393356,90.09355161289872,89.86277436862842,89.78190457533685,89.45626578326845,89.85423065373378,89.48208747635773,89.8900926848251,89.51967848109736,89.51987376768083,88.81489086925458,89.97508161440842,89.30862527983372,90.10498943086111,89.57433150119758,88.88846008712203,89.94786560622768,90.01635345499626,89.6169880939311,89.72320989621369,89.35046048123125,89.3553854998836,86.75759826001767
critic_score_losses,810.3088040770077,2274.6610846350322,260.88754355644113,1063.8112314370335,349.6538819297434,1412.7356767875576,2686.404975286966,809.403327830329,1812.4251240412623,1696.0171286322561,1092.8547777079307,818.1717354045943,1043.9042052395746,230.77692216550432,1776.3485517468032,1254.2148016034137,235.29943298637974,1227.8878933759358,323.6997183211017,267.1758604976489,354.3921665246159,1209.5151852006638,285.3075709198605,213.54938643669155,332.30610799409914,1129.3438090337104,844.8277215001899,673.1504510445736,365.88006671979525,656.3290910644128,3330.029057084214,1119.9938997087395,702.7521955234079,750.6052628173427,821.0427047830763,38.60625742515857,1764.944132089565,1272.4402749035712,126.00799044156726,2428.2011879201773,1666.1077365853137,517.0512571017264,636.375579688563,1569.2351150281188,1746.6933455259386,2103.3366836335813,843.7059528241523,89.79241941976062,687.7678075304489,766.3372681425385,840.1024367729175,137.82252416625948,1665.1714628190534,251.15894716673077,2114.782050830976,1037.90838685714,323.4050720767795,1463.6792774827748,114.91375340181939,125.05559766938848,901.1002202103014,1380.3491556803028,632.5054832774657,63.7002689584764,311.0067304408837,1088.7858994333378,405.31833210546387,491.63937349457234,1263.2901114720073,1138.490430736015,769.2959707904555,1193.3165646488912,3177.026336015615,972.8597348112298,1263.2335484614694,1398.8984870510103,929.1349952023533,212.1099463248968,632.0468013539338,1042.9074782320727,1278.3424023191844,360.77618401831666,1434.1828129232301,1534.3199054815511,59.15156815586072,913.7476791334188,566.6826269126451,323.91272758712915,2349.9237064452486,434.6339308748555,1763.5281149786742,1163.2109080998835,371.3084610684808,1126.4806828820988,2.4765676837808943,874.0833099322082,561.1903522477874,883.2206859824123,1286.1096117592444,322.4572809836568,110.47547646113587,214.38172489533235,241.5090846193341,515.769446388902,157.5650282501737,831.5207778128375,592.4456175029296,123.739324538598,109.17174568318117,1321.7021676208335,432.44697785606985,325.61715540311405,493.7721923635165,69.05347390741935,742.4641951823913,652.1428365763094,129.6496242816702,80.1740834744538,712.8992269230562,329.4988146050137,711.8844879490736,1592.2148219436872,253.77636087368737,1310.8472084235389,684.2036083749624,1737.7441129157087,590.6620488490289,106.15175463658258,451.92379132844854,3678.2612888995395,255.3870811763102,362.72219540801655,23.36849846599055,1085.2350346397377,2.17593260537662,1054.5238559458294,85.12338882890968,837.03313123005,242.17186007452466,1127.6642014281085,1321.008007928205,1790.030854837153,76.67062053349878,473.0580367824806,113.12728526433064,225.1144336606757,251.9485433210093,901.3058065358676,371.07144438826725,52.125769338577875,717.7750336758057,707.2995501609563,154.91448063713787,284.3730318585059,65.06031072147996,236.51628720210485,382.3693509812861,58.389744941621956,475.256439498343,713.1752137246963,149.50279241042549,148.42946550701677,1901.6439036984707,849.2819231832765,432.78125079368715,178.847565618293,595.0924146251457,574.1732642889085,909.2317989777049,26.55261239728821,100.1033615973582,113.8812105052504,13.959671344814009,384.48722510887984,96.28226710524619,349.22456975602597,194.21090370963722,144.3521271413041,472.5620589140291,726.6367847420876,272.4928369538803,642.3547942039961,92.57233169962065,12.963906041620758,5.635781623165455,1460.0912963193794,754.8344049582026,224.9968617299873,2.847772306274102,14.231770427174926,70.26691630330825,446.67692368328557,98.13007700756194,609.4693475500266,438.2719902002074,93.93321671931044,106.94840229999988,196.19716438251567,24.56357844632733,1007.9125919070342,188.7584021918702,356.6358665564241,1198.3765706113575,34.55487737103749,42.38987644562434,737.1557981116546,2.7444941006642902,404.03844045965207,250.58678636326692,1652.3197309361808,141.1363479985695,11.819205457681976,85.79329864764927,1064.945958741162,398.69700637383426,655.6032897427278,2127.9614206882325,750.5228062612567,10.499880283374381,573.4892672949444,87.11315963937687,607.1546663462184,291.75843052816333,325.22825119147797,303.52490400329094,27.85591415141708,1613.3685325684028,22.756742124933552,897.5188424382977,890.403615721578,913.9119963829579,21.386718571040007,76.68508242231594,1084.1475434528438,2.339181929160941,827.102602791485,706.3947265551645,10.621429398078975,271.7016920815999,218.8675520985557,0.8434800589569166,52.53725129184432,0.12690434405643172,441.7257122256638,0.3006734855489959,8.894948738661837,74.58487484694932,42.46659591470603,398.75890308452966,781.492834449097,33.88401862068224,168.7019496008963,1.3192800961381324,161.41820773069034,159.0183442373254,3.4187654049913094,343.1972086516282,3.5221952404680925,669.2498982579659,379.1685992341054,331.33810176437146,661.0924003894105,580.3723400216766,342.2001959284077,329.77667881000724,8.488091782894212,13.892500227801104,115.65571968409287,9.183889218310583,295.8714207373571,293.09172100512063,121.52598397539384,8.920884920926214,10.8563112988653,988.2111039250656,286.51865916348186,165.1426258222768,172.65037197336275,8.843186026819756,4.533966904886752,257.53597339884686,24.0645351817527,527.5304443622629,500.7828762764655,3.7176759315729435,257.36844964332323,2.9691715002278998,31.754197126534923,70.32084381027772,250.070655917744,411.19542084207995,112.84190449404,1.653834234488826,0.5001349246741198,476.50719158804867,1257.052160794041,468.6818092903374,48.545416807752574,1237.035784320546,457.5293817596264,1211.4505911309652,217.90210737826771,203.2852005839006,0.2473240994638643,194.68606155191662,52.9854492159921,54.423477924258414,41.94751078234675,48.19807158348184,201.34636069882455,423.58625832076757,200.99006242805,1141.5087196262461,1.951243796412122,0.07960581224568869,0.9307144004235256,35.056626556684755,164.074896415382,163.57149226959297,404.03969268713274,1.2562871395491046,1.7070615220517065,73.94235708737598,379.1612023822563,2.6595176295072256,28.662825502266273,146.9756613579818,361.9307971210587,687.7482606309153,166.59365377914986,364.31581881290606,357.26484315393094,546.5656117664247,631.0499049359195,22.435307164012624,86.68644640651438,5.320145396935195,339.67469882025415,133.69570361725738,130.59132987634973,7.539914535735606,19.240621939778535,252.20519041198128,273.7045547522127,15.078822678859101,1414.5772702524455,96.86951945936787,310.8971574895789,1023.8368311376753,283.6859326868145,16.42319193732453,18.5269718165808,246.1079063453817,314.545043361657,3.0417740629301133,1541.5804847603365,584.0515609246478,313.18832544158346,0.017026657152757523,10.992802853151739,8.23154528149224,112.24490503415906,104.03226053636327,572.7392753486396,13.01695606441674,289.6714681943915,13.712971944363968,884.312748482151,281.7355469142964,607.5332773443123,16.783559753087722,12.652484971925114,116.60020370911523,289.0523013013086,1068.8979449578612,97.70599610025194,76.38457212027382,17.130706603993,108.5614998238627,543.7619127683522,15.430941523324156,7.588973858624027,99.53026734121114,7.091478758080965,644.1843175887889,94.54289361609231,6.89366982039124,92.98383088982406,24.699947299897183,140.51790244029706,82.79946904595127,4.64561308203001,133.58945671580233,4.730404487676512,42.4557975489868,18.97260477315896,24.602975203925716,89.30787484981475,245.4054020846377,260.54505020166766,337.39881588538697,22.854475003280914,268.89816051360873,83.93665388094783,78.32995047208104,2.3694500886731538,525.2214338669799,28.366103140055255,4.542312925328266,349.25579601950795,31.275831501933776,3.3835520195951703,157.91763833353212,151.82295973648917,153.42971301118934,157.7743788078066,35.347161438838796,75.65458695074958,152.05943409432518,1164.358292961972,238.11097154762697,27.68045836974288,66.26988378102278,9.621718187945756,2.878348056711121,243.0232677031425,3.2739838199848115,333.91928339578175,2.351531964896642,229.7332183380334,32.95143922874424,27.01385205743191,385.2465162089616,154.00205467115143,68.09527528808545,67.5857897054251,71.21088185865261,388.5265166753473,72.25043733946623,1.1071678288382474,1.0587608288987225,69.26604661448073,28.784336948151665,0.9481771371471164,1253.3490249824893,368.0443661539473,490.33544803140086,391.0533093573062,148.92000153919773,223.6113465664579,1300.4871278796627,847.5481370137146,31.672715407827802,0.5910619778701716,2.0493539617973493,180.97467333570614,163.09868555299934,487.0526273930337,38.77277836948361,423.4198764601773,37.5935440413994,727.7905353388726,110.25941751704298,407.3894502985605,218.28724366866467,222.20495353927942,229.8557306524427,0.47813269930243846,6.1726916641026195,1.0612249710552506,203.78621699850189,2.3655576364136928,490.35135843749134,62.12970751892635,35.051689103085266,68.8868934470887,0.016993101337167547,215.21333061684288,170.6293314346631,28.12635499598324,0.8323109952511414,223.6831557815697,212.10065774034842,720.1021621477126,829.2953470512257,35.01356366075985,38.06531433360991,53.824914846749245,399.7269614384794,0.8893822527075088,212.98769373097724,66.37534262549013,3.5587895615441214,0.7359125350014414,217.6158101521973,44.996824290560234,210.19715476283,0.9003629452955288,475.97010894032127,42.31254745071806,0.37896213350397023,464.4151248471347,0.4341814099009634,207.53195278563982,207.6207329807626,211.5038694511091,50.610852572913785,37.97844144668474,41.46888492972196,174.85557998498723,0.16025035712706245,486.80156154559245,438.07140018907603,460.6058047418815,437.61632766499497,171.01960637527895,396.3983817068117,46.57417450616137,426.3578821819864,744.9165269077056,55.53293173836086,0.4082954992169984,49.98142155888742,0.3224774062038226,178.6220301891557,415.1784866149894,432.4558433835075,0.05602432379145331,757.485470399805,49.01979155408086,187.73156843444096,40.720331535208075,40.95708055814005,186.79273513589095,44.653512667084904,44.01239261077392,192.63156937647568,38.82244173633757,171.81107255471892,793.1331695645505,0.24476974902311793,433.0526577219231,44.12679878467815,58.40470045336053,158.40336487351126,45.99446891527777,466.58573856053494,37.872744179354775,0.21813267877395234,0.03461024093331435,214.60918268364992,0.05838903288322438,0.550476958991582,464.2380929390322,169.8380072016304,161.5892925545471,39.51581117313929,58.189684674975275,422.57588590374223,43.06884140283553,2.7049389637337797,38.147521740810696,175.04220973650166,435.2695170937136,208.21923879339437,329.20933918815115,58.8690003864397,421.0752784081066,0.0497126662432266,51.53288561521714,37.32156184153216,0.37859759654957986,43.99917248605812,0.18388202012061478,180.5082703276071,36.804202417905174,210.30562626515223,409.89279981100447,180.62488607736586,454.84031653830976,41.05606038674755,831.4000723157957,41.16846060034226,214.16242884642406,200.40612888639438,206.23366298186775,43.32401727149146,442.77906940620346,478.42438542538935,0.3226109428925049,181.82783678737454,5.45816893301091,422.43286172969465,58.19808683924855,0.0014778537631715708,65.65301693547356,726.8015671877413,169.2799621635751,207.26935430446895,202.04771071080663,0.18319404373322548,179.1583832844574,32.83836303866421,26.27568684558712,41.37091613518061,36.09238236103819,181.43699865533483,214.9629207218573,215.05093846016084,201.2588649916001,58.48066752425682,66.91155743577507,189.53684422606858,36.47184725817741,0.7543803309879269,0.027612829427169715,427.18833453878983,1728.9199932664376,68.99843122211173,451.4562344106031,208.95275536181538,39.84181323727537,219.7898126332336,49.249838902066145,798.4158795000577,780.6333638749709,0.03442636888800471,46.46836451504457,212.17747937346456,0.009073598933256351,467.6705724762291,404.8010605829879,48.18503061195333,744.6893070991576,0.2626798765443528,189.1554129828951,58.4710119660092,38.56100285824935,22.74646567365353,1.5267348252016515,56.35514145574992,419.25654333917765,185.25837249406166,0.6749230780456645,402.41601415405887,439.32176083617753,413.5580494227678,46.67094733853634,0.05717469255080615,188.99956540894394,412.0827233600047,183.9592053608716,0.03618746043514079,0.013883164017594178,56.99524799900888,772.8037755972008,51.73898946530214,57.17040337448269,186.2262230979846,23.037946635569845,0.3879225043539922,49.23949473157767,403.1473634907318,185.6115096697872,0.0065964952764692815,496.02920851166897,453.1712312420045,53.71126200966748,187.96133803440125,805.8430413131468,0.21457337481124691,184.8629066224448,449.4986156063834,42.62630876588403,204.72581397694282,44.708978951578,47.918674621981054,208.631591438415,826.3451519419935,661.2990622048327,406.26150876879314,210.93209396270456,49.75542797048472,0.7194500817399069,0.2858803776543672,85.12376272489291,425.775977707416,0.3286987312202019,171.43884585428933,56.29140758513257,188.91289105500096,57.568600349955766,62.27265401237679,1234.9717994046805,51.60821697922724,0.15627454044435798,61.999929809362484,205.52290195975894,429.161628298913,0.15045283254884928,842.3384999030548,1262.6392441642213,48.786349235536036,44.85127312021694,408.2157894223656,35.55144866482601,457.60107043586066,384.46269645857177,57.49415674419733,37.16794855305499,63.62056439221688,217.47888146086598,0.2631445189080117,169.26398146094553,178.85239040919825,31.30136673537868,0.24250717169692843,60.95948155135263,60.94035616604515,436.07782491714994,35.68450613422814,36.95623403442007,181.4301876859493,202.75261398031503,472.23472139117297,455.7486668594778,4.341179788355679,0.117408487691946,38.72338516205914,759.783974748309,59.10359211439877,804.8498720831063,580.478467308852,56.65431674662903,52.798555836729975,169.65870347744644,450.6858353469933,488.53827097625674,742.7186112107777,41.19947465579008,1.0968268578361071,205.42266701935924,0.13560532803064326,58.55148644192089,45.446551428097024,35.58451564035328,36.59495535234188,54.32576053173748,195.61357385951038,0.32707076963725884,0.01601477164980706,479.7152562132408,218.10620093902193,52.53246218771201,0.08660896354589871,39.366014597038564,0.2879609347814922,46.234437102149535,0.052646615750307504,171.90912005537118,399.27441824621343,36.75463109484445,1170.800184886496,0.24481617974496078,204.05920386080794,173.1768576931574,55.285419035072,216.66117995698832,43.751310182505215,775.0084519612374,59.226553368295384,163.2369108041527,426.7090238055655,923.3207719176904,0.19426033234946555,396.65389083254746,214.92632905073867,53.34041389744395,0.24711764113466544,43.8917557045543,176.48611466333082,28.298767636329064,0.6654847121330558,405.25329052891567,210.51809035034586,0.020583026840152997,65.54756257038508,46.83119315160874,40.211224955548275,37.15398159539877,9.978189076832795,41.706599038353325,0.9255787727305935,195.6926212300774,56.006608646721055,46.35389956162728,420.83117510143444,50.25624852364159,180.70815481319508,0.40327744634633156,463.7226140129869,0.47360380686059006,43.28720543270613,101.44546406146726,769.6627166884068,44.831797850040886,437.7148062075249,38.32027934603187,0.005475139025563389,53.14073903501185,47.1227602255969,0.6078028719851365,0.4454198147789191,1272.9130490781595,47.56543120424114,181.2297141055229,195.79391362081844,208.41063572823845,225.88188786657162,203.57201635317082,0.0029838839387297776,0.49144884223514657,791.939886095556,48.55583554072541,0.1358682684542583,198.63319896283542,49.51295088217657,408.7749655796424,169.344345058672,799.551976657895,447.73417931254613,39.86511691972173,208.1547910453336,183.56328762422103,889.3192181889965,191.69039579218307,0.024099980282800384,475.26190514611574,50.28940554412633,39.19861206803764,43.032135705195756,43.73549101955323,812.4173725029348,449.62228432067656,47.32780463567467,1719.541177137467,44.41577255477911,442.36546417303254,206.78558967266767,347.30672495393776,0.24015340473153063,177.66348941882183,405.9256234345978,63.91845446851608,762.5826464534855,774.8370198256357,465.2038792701266,47.6029459862003,191.83259296337118,178.21639226615363,407.83827821611214,158.7246896663368,39.162241417075656,50.777655243592335,52.877314483498594,0.08916250879227194,0.21635386065217335,40.693888733878,51.18498636950649,0.04974288044589609,56.402783476646,0.003347672376301275,0.038212872072742106,804.1325864615361,765.7345925927616,202.3281854824686,188.68203918249623,48.76064717064975,132.48263577949433,422.86152077222266,456.42554691569654,42.44722384444313,416.81135516684964,202.80939338837092,46.19107780843667,51.65822512209385,198.29544844131135,185.95630572076132,49.038151200798765,757.2944767644918,0.23009136503443633,13.664680797983754,0.21950224115680064,47.667690535579084,0.08400658861421625,49.798833969136936,412.9605735627677,0.011801143274193517,190.44279059247773,0.08828360099613149,44.00355246801113,183.43876803090535,190.36864690575726,0.8703330735861561,35.02061243913417,61.198157188444846,218.11923646129628,38.87460820661304,42.079911308967446,54.0998303414949,41.55835484374731,51.66173115616546,52.224686420806535,1256.377830111772,188.76691904303777,0.0014255243427852915,743.7920902499073,49.04726892133675,51.18776563089133,0.9696087650309093,0.536920639626299,209.71786058811819,47.54985920209839,53.89018989484515,185.76377874960718,419.932529256083,780.1383107139197,45.95233061528832,39.857316188177364,422.0994361191133,458.23227404550914,207.59443298350868,41.9174584571119,73.32215080135903,57.339418970577434,171.0554730954299,37.74399282268161,197.12042677829515,104.2771407389101,56.528702674831074,53.055162141576986,52.794957835160616,204.97025049126168,0.05267957232513204,193.97823957340628,45.890264010059454,177.48612300050848,183.84838956928922,54.11340897620776,191.94745987315665,201.761439264535,36.81841389788604,0.015628465443704713,44.93036152958277,0.9705286305231661,57.829230234649636,0.0839968457496305,720.2547522541856,174.85527264224118,61.74636755868537,192.91448813657928,470.52196121607506,0.0877943974319915,419.4678656175368,44.101900086434156,0.14204793218816447,443.18345400702145,41.509298097541716,189.3345431419539,55.1013191159551,40.53659824277313,0.17607464965025232,0.5270693030015031,192.99599658164328,203.47123408008048,48.32922601949955,0.00936994542893261,47.37013388054464,42.68140436393891,227.07630062687832,47.65137051701065,417.20103772767976,434.8073383012519,59.11439682730266,440.0288623972962,782.688492597875,478.173969981349,56.37868118291102,178.6206290860993,181.1754411091347,457.3248438011514,18.134045403042954,55.0439300250653,229.75012434327417,42.4157587946278,44.49860562076238,0.3234292595681161,188.46438235820662,0.028806700032598553,755.0712373991325,0.13586662612404385,55.981250956407614,50.97219811545792,762.8977542840914,737.4542886358463,40.84183761049264,41.41549551046763,22.96315892349343,0.26820584475201587,41.14412046093846,0.9109748249721045,0.7541632916919297,0.5019975908287391,54.513379996488176,219.13370133011455,0.22599619410795146,193.36920818839215,45.094777019734224,1742.2944718789247,42.56035488513467,163.87563659437956,67.78813123052427,39.3960725986618,44.675516592003866,0.6414803793456791,42.630232007919936,47.086374563845276,198.29851979336772,1.1915600765576864,767.9369170823347,581.0193625305462,42.54735601948025,0.2588727680328153,452.9122551055853,60.6640411047378,40.04174617535536,42.03219128041728,58.812055149162674,53.55781137073462,841.882347549953,0.9596633280579517,204.17979576748058,1234.1265622188141,54.9434574038073,208.903731719535,47.86932587219251,463.2228460281544,38.13177649566587,0.31425769244165236,216.5181528570827,460.7127782556859,38.691750574705914,59.468374747462214,1272.5311494941145,251.04382529171727,1151.3557049069648,165.8011224486654,207.90326964055976,0.004540667174853806,215.9588425608319,0.14202910691570347,0.00047659377045521334,41.77722388951333,51.43423059380651,206.00132389608942,461.0695223830942,0.1592798427694543,192.4293356374622,220.87543434825477,815.4736470515799,3.1714891392298226e-05,0.014802161070603226,463.47061357618503,390.2615755376761,0.2854857529593691,32.31290853718473,209.43603308567455,404.1961533180247,210.42028773679652,1.073334626792968,0.09718414342682836,0.00678409364361642,1.964366294459106,59.44934967290728,175.53208811734999,401.3246528070883,405.0622421694014,1.1430634640435988,48.12805733598166,43.770268676859246,33.257092085540094,0.03207787184264259,174.48771876262177,446.01856346698764,210.17924523121007,206.24021027511006,0.4620672924992542,410.1965775965531,0.11454295891843427,0.4704384397937177,0.5498146808804795,56.141624876574774,41.785384962945685,206.69213521813464,182.73554568341618,36.50726993226021,34.07904512084829,51.54622722134398,0.6099280597818476,211.52352943570284,10.824180354869497,40.58822605548303,59.85268858501435,463.9966885986911,32.25307104451903,0.4332072907231235,411.9632860158865,169.66835242786135,42.061087261546334,0.34356948216965394,0.15368203321455928,59.67745615409061,59.04095875787709,291.0076153401747,182.50226590262253,0.5311059038615956,35.654706852657206,406.77768023689583,34.99132231895912,185.0806790721456,0.8355367859576834,202.39901329044653,0.7533392717025758,0.21662816947610639,59.926794669672695,1.480088250500244,7.1802823818757755,56.60112826257194,477.30486241933806,58.47843010450064,0.8400901212878117,462.98940090099313,469.2618999533668,56.83155563099156,160.83172485489374,41.11916656648291,113.85917118826461,68.87249653948187,169.05788481962048,1778.0911859846074,167.2706738639722,54.207965183446454,40.09016790227812,413.2845437484958,0.3907242600885409,471.5761189195902,48.2322016138494,393.1913211541993,177.4304375113426,58.99859647867279,184.17062666408938,48.315920138561566,58.81369424329042,60.880213089405885,188.95198918360344,173.21355989707052,321.70256480373445,445.474476915111,197.32274174487088,810.0724939633553,0.42118387890652426,44.014725248427794,803.4468839303094,418.365877648064,182.59869442484867,53.746291909898005,56.61526914806112,0.807870806549301,61.05667619378118,0.6378295515239407,0.46064163359074917,59.71759712417554,15.620692588064935,38.57420443676685,0.6662922260511486,82.58872976979221,44.357136651714846,42.899745999852286,0.09117183239395547,213.0341493962907,208.1054678485647,43.561681340633505,1255.5469914937973,60.28277773117089,463.871418087827,453.1805495921436,725.1285744714617,87.32106838048797,0.30349247377762917,0.42616354952320995,1154.6518551072465,828.8539355929742,214.30318833336776,410.2519586190868,57.044263486605864,179.18024569266794,482.2655990527233,38.92454592165819,55.26054742583419,61.37063768672959,229.81911388275765,202.29938823441154,59.98152736649205,0.5317820534721157,216.4641548850743,57.68746453048164,428.61835138198154,0.05914840161275547,41.49068779319902,0.2211929972820568,0.28193541151852924,427.4859596589528,472.06570692338914,47.38483038023837,203.58779747351699,194.26745609731833,216.9232521672446,746.1121039189194,38.53981409093733,217.75100889185566,440.75309295039966,0.7756127503825102,775.6468781509857,43.17859366190302,789.7473515523582,428.62417542537787,766.9440019456034,1169.93756402828,773.2375103674738,9.02989243497003,193.76797234520177,36.38188099788194,43.32388736890988,410.4950354292343,372.18500529739447,190.44789905301738,195.01920950710658,57.758729481934985,218.16350851849703,0.043455863045477446,622.8591236848608,217.4779667284391,47.69879729507316,192.52457747916085,187.05111313879425,0.6117557866581281,179.28498584328648,207.8755409973052,0.02171156914454791,42.73495002361434,0.6480885501382817,41.78207182150633,187.06681926800636,1.110719200414619,93.44222683491634,214.8643049318821,0.1788059715354659,0.37929162516261006,203.78108122706644,48.09602110832507,39.986668511673486,39.85765538622016,1198.993601277733,430.60676126397084,1217.3308686361395,1.2027133672480126,0.12786216075457527,45.76027148879423,49.03945610291106,796.0040519320219,0.1865923755181263,190.50943794384082,0.016356888749550023,185.0551995939125,0.4573440918615712,0.3682604050257648,44.33415898717369,807.2091147575695,799.8248670295588,746.3552493770995,469.68569524226314,203.11401571357456,182.98748317301136,179.4147279142942,37.00453124476315,46.815686176802735,20.4928175439134,0.3511815060096588,765.7803900829134,4.450994210592107,208.0511124332238,40.91316063021492,58.57771688829846,0.17865721756998929,202.3263884519296,42.059760965362784,47.0094199489603,813.9972503008618,458.36794559424925,39.517932063768896,440.8571146751255,50.06796792264503,391.4361090826233,0.13988399027494586,2.832046227775042e-06,180.09407060121552,53.054970354559885,409.17263305894784,0.14040159117751277,32.13604391805106,0.8244390813299171,203.8854481069081,0.9574850313967944,56.17324206017634,0.047064086271777224,1.1478600673363095,1.2766992719982293,209.97322289977527,0.06545912526125339,184.93225894223067,178.37085648000726,0.5040896925173166,181.60847866976604,421.0074875914148,0.2738922229614016,776.1238231206834,177.32682855735894,0.07485735763635576,259.65178143072245,55.51906934534693,732.1067681834182,210.34803966600086,196.05913961161016,178.46143756706184,0.16043096601918605,49.820465789544336,49.24521004992234,39.21044669548194,52.9145194260975,43.03470947845971,62.27276317293267,42.57820655673225,415.2900545750303,176.94668776898743,206.95917122101818,92.39573494514956,49.109612934186515,446.5090572369198,1789.6899139542033,0.16792916582462167,194.60558574243706,401.16107084110826,787.9398043103646,0.0146969142359758,0.7188380885226117,490.2168017639175,459.09047609678913,54.562259562903975,179.05793706146017,0.12422838179689584,62.29224047732373,57.29405355482404,57.05303472922107,0.23148366327402997,42.9630994049749,224.33092958908412,0.4187453797191556,198.52590708111035,52.67627942012665,199.76165893793384,188.28904847410544,56.16623613288688,0.05196859556110713,57.0190384830871,394.86402204432886,211.68427619975014,57.00752655552795,190.40671696063632,0.047775725405398886,51.71586529149449,0.24525038296706317,41.3996275512198,0.0002634116231594891,39.1534096440617,183.92753102137564,37.79545700830511,47.107825165622344,43.38551843327539,418.1248717195169,206.5838664310303,55.24021116438137,214.44847418689022,721.6825171359927,58.242473947135174,48.686974222603844,221.01646727764665,49.21820435398401,418.4008706530494,0.5715795851732136,188.73182195410755,172.8587826336204,47.634575965306226,210.0838700808103,27.10490926622809,440.23125842208213,61.49583364256512,200.6909529376891,202.1415542306467,56.25746427225611,55.968177441676474,204.21910535192418,1.181335090963694,0.20690182118852526,51.4882410261499,189.1444156666895,189.92289663429807,0.3804101007391948,203.0016039971859,1.7531666790258575e-06,405.6287623544887,197.2062669222205,0.33112658175421705,413.5888239884322,0.3634709780445217,1142.9061758312316,202.87237658541068,52.0676521427412,1264.7323821268114,0.3700565825925476,52.70007654799598,38.99727858584382,0.05747139599885964,0.0013844690420648851,0.5705356831581045,812.7748670177165,1199.6492156809604,44.899342533243455,211.63489752937681,34.758362123460095,49.53941658440666,40.129921651139306,65.4551070643032,203.20478088681165,9.90839503981339,91.64011436144447,220.23377711052328,0.3198342840973738,38.00895358247622,469.1670320758287,64.40443542245366,422.4732594744158,184.2333029143826,0.5593798796923546,170.63373394170225,39.981237850012484,0.19963100437772377,212.55676424023244,39.37607536418519,40.75545780725232,204.85561327493372,181.97191132651346,178.4226085889203,43.22010132909251,53.4938149066715,217.85345543163285,1213.9349516483005,53.61684230420584,0.2130763518024341,41.15733918921783,52.665400990467774,0.6827690790962202,37.55577880031235,38.999311091741156,219.33159470523498,1.0035369697038055,216.1051042055489,183.53482174288808,1.0927202821282365,186.56245967858743,455.9649498808823,1159.2001178215899,0.0075268612268712416,0.14021525993798917,1.0537475405304555,61.065157981937304,59.99431380274157,57.82938209115808,0.8867879839936377,33.9691259289217,801.8998252496503,819.9605637536556,0.49448084674081155,170.96941512388875,36.92949709829824,50.39166340412269,40.288159599842004,52.2707241044196,214.36031767713192,3.1314778774255707,43.904824659334594,42.238028808574064,198.74283413311835,41.753786903114175,61.435368666783646,412.1052734331491,44.27292405234824,0.9689237554058492,821.2470598890642,172.66987577289257,186.2360482532907,217.8061323041347,1.35306886016464,1204.4229817825817,809.9382632787597,0.07764410676940306,1203.8221673652215,8.51458927309077,218.69483098880335,54.6393049557411,458.02242377964177,62.132419090860104,1247.6711870313206,412.9949158160308,59.53552128344295,184.96054599340644,187.69979771319183,36.50624366351677,0.08990440640426077,44.82337419887078,0.0823438204394552,47.19586030821503,231.15556727550847,453.2937383619833,801.3824349738184,220.64700204004475,805.2684909288794,172.57919450088866,1.9075237163161918,42.00655160124083,50.11497753924283,790.5959931542096,0.12321986195807454,44.71230296688041,804.792107827688,213.98161554244098,428.7023759658954,0.8602760104520438,216.04694640275386,219.08198193702813,0.47534785333493346,0.2503247734010892,212.3927544727007,178.0826189164407,57.197888660157815,58.865818379474604,454.5904336892495,818.2555678494842,54.19023416067576,61.89783635328518,1.2314503403735397,174.0580868655981,0.6765811414055626,424.08983814169176,43.48507825575614,60.87336518402127,40.03605989918667,73.92008564969423,184.8623619623636,60.79652465725725,171.08187109707407,0.34889587378806747,817.4708979936253,39.02431011474314,215.6438683941616,161.28790686293053,202.8844791333718,721.4211486297162,1180.2321584330534,27.615880764176257,455.0555643570447,234.4728143875718,163.46338100788392,757.2663335504992,1.3911445144054762,181.60748359177603,62.83290396520168,34.69097267027109,0.12298012440299592,170.9327292315973,40.29041952413627,1.2486191762045478,36.99119348349216,53.0863067314104,0.30114825631901243,470.4339417432093,38.20829390002368,0.22659708759708497,31.77669735161767,182.3202353042005,183.91809734274557,36.7706427116848,38.73734722177207,48.860315091732716,184.81127509676642,176.06754109205588,0.08031139545988178,419.769359068925,199.5916499460013,1188.4709401241507,1253.861449455927,756.338509245741,456.96011091890153,61.76316533767843,0.42838170569958617,827.1776986239778,52.443841700968434,1.202101996236725,756.6341406292083,37.44578106536406,36.27806347755566,480.50972739475645,0.6891537808892358,0.27889631391436226,182.7129015025753,27.49841613329234,0.49666005603738117,744.6189586797526,0.5357221686471345,0.10146553707149483,207.05178335830468,178.30360204037297,1179.3572735427285,61.33336443992916,462.46401326248986,203.71847433883127,41.90133686045365,468.87298914345774,658.7246275259474,41.939605442275294,33.855158567088104,6.624746273287667,739.9819048108515,213.7586572586542,1288.7158239255614,469.297374399863,51.76816067100265,0.05252356534696167,212.55189465686718,0.3225523032110684,54.702549981384,206.34962133828296,406.02797728640314,0.05792539534744714,169.12103115236295,1232.0647426534151,1829.3751332290633,744.3989389131941,434.1614527716733,40.8569736498939,48.13355484494055,204.40873487943574,452.244971130017,41.66597292241467,761.1175947814883,40.92463128553933,398.8916721082007,746.1313967679511,367.4210155349073,62.748949213228606,0.010502554110130029,1253.2771986523055,0.23788159143607826,0.06836361695145708,47.87611468472764,180.58802169966714,52.97321762469847,218.1764109950067,0.3762352040465476,222.10569094134547,193.30934806947457,50.481966496796886,41.82852599744963,788.7225083253869,412.02496494602036,0.5458869234936542,428.54542895817144,0.19867806288736248,194.05819163103948,215.37908302772348,40.64779722779715,185.769349770384,431.22095595635386,46.25232303301199,194.95198178879758,46.64863387202702,441.8186597282452,185.70080934730254,51.84521374244187,0.09236937807829323,0.49349002177692475,242.67102631331866,44.170592612214385,204.52235949992073,0.033421706772960046,0.018282168460849044,0.31724619198532095,51.31091864900472,443.7063906397145,208.28958030960183,34.02035100544953,210.48877022273544,49.721679018128725,43.535146890657,179.43137352356968,49.664969862815056,267.431228705347,57.99624808256625,40.9031452035105,441.6722893769633,49.441179653218974,188.98070132570257,2439.825588739983,783.9981376755416,0.02021394068978817,44.84871812313309,192.36407721040197,0.10874740036841449,53.76013330503799,47.30471455741324,760.4715620346578,0.3658103602801715,472.4530250616987,41.177829392633704,190.39565550248287,44.98737913226743,0.4177671654619458,789.9968423446754,217.59647894420218,421.3185874508326,0.4953494186393795,0.18684397888209953,1270.8312170152005,60.447042099453014,0.4042402667871792,204.9638660965861,434.1952941573675,57.379334651134855,780.2546290386307,54.162141517362464,165.76748390247727,216.5082316500256,409.0169557219937,0.16193729089520828,0.009620507585532252,403.5981040753814,752.9937793283715,0.7293399951640144,40.72396001191956,13.107773269305447,54.45415342355094,28.535000017720165,1.870216896144992,57.68688869883684,0.6592815353751258,215.34196426218807,0.8506016394684933,825.1936544983026,182.88477957925252,4.241109581844852,32.42094930825366,70.28135031005866,496.13103361125127,41.37363750611328,55.930530358785084,180.77231459605787,0.3114596685541129,57.907405354895054,221.26586164646415,39.20214915368438,1.6834194936253162,741.1321265340392,0.24562050366173457,0.27468609663556853,228.25893773751434,45.25546796281686,208.77149013013243,33.73410389088323,218.88185104009014,416.4416547597979,45.598816363254784,0.4146873609647608,170.58707730020333,213.42845308711713,46.970341256916974,194.7084532861068,161.44050614385807,825.8897528554746,439.6980642805751,471.8239088697698,0.4887332127782829,0.06641571420637697,33.063408842459495,445.3935738425441,458.8130122769271,164.59497565978603,1177.7735493363514,746.1293118947191,23.81673074993427,0.06238613116150838,486.7392142646504,180.6509902216422,45.0779149306859,37.50613322949643,60.894956473255846,325.137605604285,49.70501210995459,455.61883672677925,213.07373174240507,180.84167633827954,0.2830343984255641,841.7936236277885,174.44815074273154,43.41087444328221,175.7442032732259,40.060224830653375,212.91560643198235,82.96218481722836,56.15322130330538,0.2858118898092169,171.04850820269624,9.91082682650191,171.3364550576941,41.7728634223307,55.74197563969331,222.29253194242997,0.12422117721058211,39.90578516781644,61.33575842284661,452.5644218330565,34.3434017596229,38.83837429703679,54.40279766357286,61.535359612194675,754.6592763278687,56.808415548165684,172.42632526947935,179.84619445489085,59.142602232615204,599.4756490301833,229.1769740516067,0.4400909515664734,817.9104794224398,212.95502129145274,0.7140151740803032,103.97670901660929,83.42060879030657,0.06368149761372661,0.11441182172875286,66.6729669170896,822.0689486687038,0.03568833457373653,201.4251241991542,54.47961143264564,0.2847717542820961,179.25415084308275,10.465273461338814,0.45900838519189746,0.0003881596572126071,50.323515827574234,427.31811451426154,0.25020279441965176,0.1933515224009104,755.4361963444848,54.71495780194842,208.66512643139978,210.93470907439985,0.257107521267785,0.01640846258846099,0.39833683276623094,426.94023928452765,2.0210617121701997,204.56155632399256,1732.7186579287415,395.42782656644226,209.04532863903228,405.25519217684655,184.71647628137924,728.6355526685618,65.92374948100782,205.82907322547632,412.31481104830533,446.191514502977,720.314055397922,39.765887306048455,0.1038639890384212,47.86042616607902,213.9095301228808,41.13786506396687,42.54395766122478,38.45646869858299,170.75799669130524,181.7049280414656,0.3903616745894131,1226.7679933170266,43.12371451845735,473.95910984689004,425.16640809493657,451.6864991514909,0.19675768434208132,203.29335400352423,175.12746940711935,192.02933320059356,179.23486277617374,0.14565913429027483,56.736497575106846,38.77041954653703,18.105061602129545,779.5574876796665,830.9226831365331,440.4145466355146,0.003094431917335571,45.047564085699314,0.0004997929188330632,0.7780736277600385,165.23345181542714,0.007582620506417712,45.07488360615616,123.02769207801619,0.9576090976390472,0.020907876285801364,37.810475407468346,216.5528630628862,56.3781548330101,52.72013057739806,211.18464325706407,220.68072451716708,55.08361840236847,203.40673910606458,402.07542870624616,47.895234175727744,203.13022591598374,209.74029924463505,56.24597903875672,43.17283812379585,173.57398059472717,438.04567676928673,49.63441738079307,210.87889758598067,817.2119079355446,167.87930680156637,216.04099554414415,211.10611470086158,420.74711181137394,188.04612102616167,48.64022484100546,213.800091274853,1775.3851335892655,224.2526020660355,59.72505947879675,40.86769075334225,799.4006299370315,415.77765857142424,459.92870102803045,0.03213742761674531,227.35984429426858,0.23140941588266534,1.363247388314476,0.7462279585116446,730.9197668403989,205.50832638281824,176.15089420292978,51.44031648159367,0.9790420760203971,51.41600029014445,193.47365284800347,62.34098714272386,205.7489540899197,784.961336424404,53.271401635424105,413.93438895867274,190.10590841441567,187.3136253007661,37.89685893134049,50.31894366133348,278.92153281975646,43.59396900806279,172.9813193620761,180.15583970061599,444.0481724151373,45.74756996039036,178.52632825144676,55.02221646122337,50.25112689230862,40.87043636034639,61.115594825042294,0.7757547605013391,49.04298941702804,463.07735643348786,0.190158357405936,172.09811739570569,44.32973560797338,747.1610278019607,207.84578625052623,0.7184042487283513,56.25824307335996,427.24594104295636,175.95636171049978,182.6298113425559,47.91349089848376,436.9500557485347,42.812075616396235,476.9330386851269,44.66167676482511,440.49115807431207,824.8499187460492,53.877540836021964,202.86666304599504,813.6951505929708,404.9420654427249,208.85029238690873,57.406434138225684,0.2693266965560432,0.33433960370254273,0.8449451215845125,0.5794631657589171,38.17262802425772,1.5012900988050897,38.455887281128184,36.323482841035094,395.06460860732733,177.60743338056642,52.05801506543045,183.41242007841456,53.16007895254227,43.344516046330696,0.554937857997459,801.3025900957584,1302.2658734283766,208.32887469632612,407.63750847313,195.80810419455395,386.4919705174678,181.82578076127183,747.303532781,0.4358117616449916,56.05533889337,59.563980540755324,460.0570420666676,432.97942440401755,215.57863373697535,10.851074772695721,794.7187126316044,0.7539195341328784,430.55647303259866,43.31656226846356,1186.6799243394355,57.603265854583256,210.62184217249953,0.33419249881637564,100.6902291253507,44.424742872613955,43.793653538323284,187.4655075653037,61.08860064187336,44.482527614518396,307.5749168958913,408.5097917891152,51.059508685393276,44.37118120965501,0.25144286503701935,183.91315322640352,193.2725199475956,0.0014032824589619974,56.428980055350074,10.988019486767156,189.69501542044938,785.0148549809793,416.97477199652536,56.91979537239602,201.22820259907525,815.2692665962122,189.85480775307158,44.994192909533766,435.4737660123774,195.6957923476868,57.10518682302407,41.357917634790226,1.369738902036191,0.03620463865102322,44.36004550860628,178.8636505031735,199.63657927245168,736.7833634605953,52.57768569541685,182.63163387167458,191.06822305399504,48.99327057956922,189.63173780007415,431.5915540334967,46.35323858603319,0.0016086608946538601,0.0005337960251034627,780.6817721813176,47.63731749923538,227.40992380344474,471.38399282779426,187.3974701792501,39.56098013276645,0.1726377047289335,0.19189598828800233,58.145583073111524,201.04986218369254,24.58370451777069,43.941542977074675,179.804873410973,0.0666746246661601,198.48911733552364,0.277049080838446,181.4232792963158,178.57010980309516,40.236390925435764,768.3396550564255,0.10452575474369766,201.48395488550992,200.72707176989118,53.039726346137165,41.25087670718767,480.8484964170236,221.47263349177297,7.396955146066108,205.20919013751467,43.53290143192202,41.97728828398089,202.6549626972715,5.008029387623003,3.7037898344182865,210.41452233107296,227.96041080817713,177.46271947068894,1.0546018837791067,165.9917987021923,0.30410159991661856,0.5900932166977024,47.845544872114196,37.81375575426375,44.789731216722345,806.3886283773229,204.03194911770623,436.9607592136436,418.82144090452493,219.77377570300976,58.62397229050355,170.35192927465863,0.4945906985735831,0.5978534460344437,0.4777921642827486,186.90300926697185,481.0867270021531,828.5188508555696,59.622300958591154,37.70329883324758,41.39548703767932,61.16556372211682,453.8311047471852,35.84513081081259,0.24717703507534525,173.74763522895242,45.559605090280485,1.1931541378805148,0.11277792887215607,0.6725890568255128,0.00023623647342198932,401.8896866766519,408.6511755417868,219.28112365486928,0.642185164153992,1.0124367655026973,437.351471047188,1198.3272647988185,0.21276621610050928,205.25127421296236,95.92519023928521,50.29053415274218,52.235168952922955,0.5578754879733844,176.55048664334194,174.30765019106772,793.0501728293099,64.53677642455052,419.65516257168616,0.543190238910454,0.3598947900822872,36.075783750162955,43.54996855109917,60.14774933914419,59.47414755897824,1187.7421045172737,41.549368312641256,0.639663854079771,189.17462087953714,411.1232041704115,175.95099429475525,418.6530681946268,743.8481927385252,205.9146819548351,0.027953112377790513,0.5145651414168171,477.1690394436325,210.40753357286442,212.88772431497688,32.72990255234082,185.57056248404092,1.1433324681524453,168.6849618778313,185.992548651962,0.3681037861469315,184.58530317960637,203.40685061853804,40.16641103655367,0.03204304284580757,191.38235655866634,1654.5521765289486,761.8894557390499,52.59283160072208,0.35179735068866963,209.30638895089066,51.35321433081132,37.1398607243836,187.23596967559175,178.42434672235052,0.28664375287252064,0.7327668943456299,0.9382211154785596,191.81327883043554,59.85221524800629,1705.6344298289482,0.7806165418200189,0.14053504418970245,55.349104672231036,1257.3128762175857,39.53219909181209,1.1410777898106008,78.95250399218547,66.62252028771857,446.3514439323993,42.98984331547993,224.93785724651173,40.261288634045926,32.986912553848285,40.105208754170405,0.7501101722643431,0.4673368709442945,56.16387298632903,221.4877978987874,191.4912416338119,153.97256939202325,0.7318672050370423,1.1761122014183982,0.4376857150593871,1.0299906083922963,205.59386175651832,51.99779246752509,172.4619969295861,44.80720869127327,805.0062451738073,198.6213066576528,35.526170679030216,411.5313283317939,0.9511593854382105,1.9063478586791034,449.999853185107,179.00961669016766,0.05195117538629369,45.242575699927116,170.6902442344306,193.29850922798605,40.11524982922129,726.5656354019975,439.0132695842855,784.6295849119024,0.1070089937781322,0.2711498770118849,552.6620408617374,54.145324994966735,209.56307177580896,51.17709492323887,31.42051219752929,423.8662784721701,215.29963158411863,739.908351209768,487.5225383296105,422.71707651705697,205.56082954639407,58.01302235596348,165.71697665269306,45.45360883938274,172.9245065414778,59.67859792241508,61.089854269899064,55.27266146907142,40.53832151195626,221.2910166606543,0.28709253805799545,184.70093276688456,455.12312142178007,178.16653659606752,51.454367575791835,201.3952869180709,427.4564025862262,191.95091167645447,490.9748148848565,55.136864162919444,0.30667524620260933,43.28307657530075,0.02702052313363539,183.25434617800312,387.83278309599166,0.5669140957428845,43.813755701136856,0.05472615011545631,412.37051958001035,852.751981075731,172.5372177135583,54.91692350081162,0.03395089381936216,217.6526926408462,54.30460407504264,0.0779546603966894,40.55504428014691,0.2692938427223896,0.35535740432316415,170.69678330945823,57.244060000272,344.51944780489464,1.7158472525920028,0.36665134712067493,59.968091771928755,181.98585316077606,54.31075416870936,30.638405168742622,0.2690753175762999,199.95582523665763,187.36221737462134,220.061305353143,37.21851833755546,188.7183496314382,448.3855065427349,53.27181207216257,172.7994000728256,774.1036661209309,423.8641054330534,402.3151937499673,452.77651716120505,796.1683642105029,0.6515278990032152,44.30021934556329,41.30875866505568,0.27624457086203386,0.03340677163818645,415.29467766116284,199.45504122867877,205.01459253270733,412.589189409189,40.49426640806622,424.0261654340332,65.59389107273499,706.2054719950139,0.0018012808039313557,783.3102061544255,56.82874563542619,0.578279470796361,474.9526791953808,188.31616261734735,61.091594543765666,0.059045556685141644,446.64280551881916,464.46391833748885,42.65997606131897,0.14542390786822607,161.9582950217869,131.11917289055276,41.74275526419351,211.0128227712778,45.49082755534411,54.61101667983752,421.4296853201412,25.078362071055395,48.09535638594553,0.6261340962215435,0.00031624496380895477,225.6254456159918,0.012791043606754714,440.570038280862,46.02871390374543,0.16526921746061535,0.25832899891889494,456.0489309582231,43.984611917059226,0.006679117655809662,186.72605983835703,51.32330022612498,53.21832523709383,44.35727325442427,434.79605722484604,440.95608281346733,205.09642363132673,184.95553760951066,186.63485819836305,208.84188378283292,60.13498213087935,2128.6332482698945,188.35691869700833,196.17120121766072,0.2423155506998,181.67664374752522,206.18107962156364,41.97157756723158,168.35182590029657,111.13032524979153,428.18031197171064,814.0825511442025,42.95201065232873,439.68008273430723,0.011171587653345276,0.04526352296730032,171.87515690102322,60.77712779562348,193.13090424431093,213.92676291611696,803.5558090661247,0.5447312681133335,161.6377755945944,735.7400937955614,54.733307567574755,186.8335395725794,42.77005829994156,53.44430097986571,61.14888063967848,37.95292089023562,773.8612506053299,0.0871889805022695,320.2003430858949,211.1195383610411,9.135246848317896,48.16355776258239,59.07410207768708,451.12102410599636,40.064683907460115,460.0984070480716,793.9431005606705,444.9523076659656,207.45872376178235,55.70729046519056,186.82915839383838,205.7552404420188,408.5046045502804,148.81930272028805,184.1866577946347,9.189762484304207,0.24538699928542776,0.2088250498194487,101.8280073762512,0.3888003109490195,39.222986357269754,40.28689197027956,44.95200761381922,51.33228237318304,41.72044175674794,208.68732391963258,46.48798081561089,430.1080088763293,53.84952618545047,0.21091864366300725,41.37861395955463,0.1759463471692284,50.879337322389965,0.14338880762928544,0.043381565763559574,410.82571430000576,40.6136524746938,193.924903135827,49.79276718506412,202.89458023597655,638.0103565794133,50.757025009201286,182.09286540054651,0.6309578657352327,202.98392694925465,323.0834219470932,189.62138056248216,424.1442769978343,408.52924547408094,42.972737524290686,0.2439130652650581,42.63384876507318,237.62669416238046,42.75542823380851,0.3049622511677484,179.53331750264513,49.54360594593406,59.80206644035948,215.7175294306778,179.81386389718497,754.5586342864744,59.30679474917103,52.80261731234657,470.6422876660454,59.76679643533966,0.08159659457239206,1214.3974919301588,55.65149216886853,470.0321786991419,184.98419463182668,450.6298147711525,0.36775795178013637,0.07967068069430315,46.67250090336542,460.6360230307999,449.132834534286,459.4094765237571,0.20530732525619144,0.29794242802055765,408.4103187862196,53.324566732627424,210.7189084504213,0.32909016585183526,402.6054774173344,178.74088297643848,59.22926058677363,44.015807505446745,42.12508035801427,1131.3529301972642,0.1259580817302982,485.87246851521894,0.04162425233102494,371.1381724455758,769.6345764753181,47.353435955054906,0.03942615107220754,42.459113915016516,177.49231755227265,0.32403808954842916,214.72271326968368,42.486056799215255,419.19167073469345,41.79878711984043,0.2110014473302494,0.9807258806851072,463.57190861439295,0.18009095765751995,43.63640114801421,0.3920624212129334,0.8281882585432429,291.4312162392605,0.018755776454897545,0.49303646720996297,182.13047873679875,0.1335009990636373,431.58473874343133,464.72919896157043,211.89063534383902,497.29118057074567,0.041885906620916576,1247.7123445722234,421.50947770915496,53.11950473834676,50.0385313357047,183.9546900160643,53.56858827530107,44.705033464731805,46.97991795250176,0.39351465776498257,44.38672913863914,199.29131700948253,56.249555715149384,188.536531383869,7.026894092189698,198.02713560408267,1249.6513832469252,758.8688112103592,64.32133275882912,210.82127544757736,816.7548176652754,200.11608019864667,202.88942877204573,780.3523074273921,197.3415301813596,44.08762423168212,0.24971751172188056,0.23355637302976268,43.97458839587369,453.14462271391653,384.5894286596864,205.65642681615515,41.040023078508824,764.5270109058912,0.00914873961244865,177.4471329446335,60.45707761620978,771.5947373692405,0.5640515358550585,0.01030071741315254,46.07317089071966,42.754323198964656,189.07471594312557,184.04712980397287,410.5798178712033,1730.3761943368324,197.53648928089515,163.3859369805244,25.578850121016025,46.85401009329037,0.04641334058031594,47.68896504245834,0.07432404939862375,201.75824823452132,200.4059837220159,167.79892572081744,41.236726313224594,417.4789023550542,186.81454095802303,0.4871944260196611,48.23906364700286,0.5291222126518168,179.7382912107839,1195.236172635021,0.596923304103113,46.7173416323606,58.780148950082776,420.6095294552935,184.43387533542693,53.8786557371173,0.2872466118818208,1.9831661003329157,46.24316964251693,434.0541339946724,37.14355584299381,446.48660976021586,453.6316168925857,445.92994687006694,0.10042883320030639,202.93634914204202,45.33484455175542,0.00624670391731785,50.194362197513826,43.38482854179676,414.5732132501058,200.08308340740584,437.4961007774234,0.0004591723458467712,268.20084107973963,203.2047695747317,1.5743168869561714,440.4635555209227,65.94513176238173,186.5666316970892,180.18876388322238,49.174010451130385,189.29379236389846,215.96219398731407,43.689806757784716,425.28642203597497,0.24992696272291767,47.90085362588309,56.47918001156698,744.5730763422796,47.75786533684914,783.2883405364406,186.54181861646057,50.593323745552,45.381784033523964,438.5955958394108,45.36101402902984,583.8831622266154,63.61570910169261,0.02200625622022714,50.43730662839707,202.27205926270216,418.0171508319768,214.10734620539182,0.09525448934514566,381.03032597264666,57.86932842541906,0.03462915119088032,209.25698052266483,55.364901271300404,219.5125092669355,192.093509754286,210.4579555330772,51.69801166384508,51.284674378867706,40.78368847017123,468.0093533089918,13.98958791969681,453.428107000809,47.02970149022556,53.84898532900071,408.64503121422075,48.43956324734028,49.282947456403434,673.4789403416952,801.1158726542396,0.8376986008304804,36.741718827354305,181.37989713992482,24.68642093748624,12.607220095328142,133.70379491051216,739.1394085160667,405.10813091254084,53.13405874494831,186.70545264785488,204.54547632367678,562.5640875514597,65.02400766422913,188.16743434586303,179.7508364592891,56.815105251353124,58.786430916549506,195.26228306274075,47.06554383455634,202.69393234356335,40.95081635762527,41.47680922266743,0.6102150639555145,821.5912727507653,468.53064629435266,0.2498492590462513,47.06052234037223,202.67244006993414,209.1399601747337,50.809624533915844,175.88181393142187,0.4079386641888368,56.87824607028124,55.79794040054113,182.0809337233009,53.91962357551709,1.171583618572635,38.36929965282271,189.6737893175979,746.4609744911853,52.61457939653548,202.85156012372425,48.502804741571794,416.40882467949825,50.901099581746685,409.84891976093996,1216.7229267971004,191.50232843943851,40.39288586678101,47.30539059908785,425.3159977043217,215.97801486325193,36.77560589193743,463.43712551175105,782.1813057078306,202.57085948108283,43.20131789300989,50.33773884785154,0.004379004052184642,206.3080580069682,0.003015971781369548,44.96870354346945,752.6452995027819,440.49736130113206,49.40644553601434,455.8738475194118,200.06589876400625,1.151514513170359,420.9273258535601,0.044404430474788426,55.16491083049563,37.59260420079426,189.7822675190126,746.3230852164091,0.07882312618969778,465.8952423917264,214.1002722456225,721.5938512986485,786.8921073391833,57.63048180776735,0.041306567990456476,209.64706781568077,197.9430406246542,522.9277878483238,0.5353050219091477,44.48405702535494,473.1377451256827,59.566285090208474,37.67021563799831,0.42433999075253204,198.75866080893073,399.64414215488057,44.22758561125026,204.89325354998567,58.78847471223054,0.20821776563830507,178.98018595501227,98.22880459883288,53.36699630392668,430.9948072819602,43.66748339971555,425.93296965994415,53.43924854118155,821.9104746549225,55.717756757530175,53.73731992802696,434.93198102545193,759.5190433454333,187.50478248120692,41.6234483231546,193.65826197859005,0.05789733340704413,201.37283003608744,49.806629628858076,182.92283425926894,0.06642311375289042,212.36456216336396,41.39307569328237,207.56089119471574,205.01189705767297,48.71234917373943,454.8834124132071,0.060738391960440154,58.68241486741326,470.19392844472,51.50557124679429,462.2153918787483,422.89545770818864,46.831020409275844,54.418138876540844,48.36334544637814,435.6418526437332,51.750033165872274,190.70362036350446,331.332355888332,0.0016570667394010467,441.0421927808909,0.0030247404699726295,0.0031083763136995107,1268.7443597421757,47.713569763008365,46.300092751860284,55.42393558944285,208.98957524268258,46.930302368406636,190.50947287709766,46.86890248227408,51.244878378286764,0.09794773577952715,0.037960758891152045,186.6088619468288,208.7681185010707,189.7282117238645,55.71744608269557,429.22153493176444,46.88290108065367,48.07014387864125,1214.3899572004161,211.03272654064796,54.431807313210086,207.39817937505316,44.52615750639953,449.172662449632,0.581491264051548,0.8818763721768818,183.19662686048898,54.09303185636837,189.74749350479362,191.43994335099717,428.1179905531059,0.0032876909051238997,14.406408923057615,49.54440185871888,215.28254826200424,429.4660447976358,0.5656086768345062,761.8613639057087,0.23094135309055444,441.4555155722079,191.41041699590832,195.82799682368142,0.004162552431679627,1174.7089692275993,189.12215846458344,47.160027983834965,811.4136322726083,0.27857486892199895,45.757077471641516,203.50813989779436,0.00032996237593301974,40.31576746171569,207.575142659816,0.1529959680665849,205.53888355902197,0.7823281648753919,44.79432634194351,43.09281674501213,211.70215983526154,184.79857201571866,48.34713264815099,435.4731019406557,418.2972883087077,215.87535710567872,197.5461089786065,39.966495181933354,42.632436175685584,6.014919862415163,52.02553416308406,181.28422335375205,40.904071546211526,439.54271820082283,336.69133713585785,751.0817663543301,191.85774761003435,43.58668373798743,1147.3214750896914,48.9602640132534,185.0744843751888,169.49152237006982,31.02910044084338,30.432323309551418,213.4621355055683,202.8316810085586,0.5861770647001522,111.58976183075636,51.27290093109247,432.7623032515214,141.165126715859,46.992217751866946,194.4533165755036,0.6807664204401747,439.0862365095096,0.10449950671569141,205.00801710056822,207.1301194647612,182.40431109116128,48.550412062771436,781.1635538800602,446.3497679331923,0.013846256058047764,39.165301942901785,196.39272428676455,43.53374572365143,47.42524152508338,175.87464891163006,40.46361105467255,41.35909156470639,58.35759968359626,13.782625184704678,56.153283333045195,50.05971459695519,1225.3190464375957,38.08589316255071,1817.2129720387472,195.13744255152343,43.494592211824575,40.20110766826712,0.015250669709193183,0.011410195395624524,204.9914149214636,474.895083009776,162.21895460397383,1264.1765393310727,182.56492996479557,0.3214645247092238,0.5085217768374267,425.92282457796983,34.778225760538916,39.69247902199925,0.0035662544036788556,0.13811002747740042,65.50966875865943,53.900210217943766,0.6973032987805304,48.20708584191789,0.04327744840184878,419.7490918531842,418.1013614486774,1181.080746528729,209.04181413708156,652.5788680600608,801.6452148659563,208.76853478632643,758.2425374926642,1808.2783319223822,430.10270025070076,0.5076655683751323,205.29184921169045,172.53312018125726,44.387638686545536,163.50467938417984,779.3677859584393,400.5980520026037,433.89216995630113,182.79218585125543,216.78282092745448,46.31558599321766,44.30963255655788,46.806046104231726,0.5228791756567867,480.7660181725506,50.592996561736726,196.98555030434483,216.25876131581722,435.703652148914,208.09460452244727,35.69920761219909,0.1294045637018276,16.41218539062245,206.66703207716367,52.13234188359843,0.5170065849061749,1211.872481653572,39.540263752259236,427.3206877264022,59.43232971548123,53.869533825999895,56.289704866427684,0.02302386119728998,448.2550551592227,101.62198608959865,0.007951128399429623,38.90951238224479,42.494397181368065,51.56041876414405,49.49989742757152,1159.25730540957,55.17183896896178,0.002104084511435388,0.0029163223507570027,7.832850055667514e-05,50.63155089205555,36.69716586856198,436.8904317950528,39.10523908914857,199.65686304063988,54.18970741630973,454.68018899533456,0.3781491812200166,833.9968730829835,216.3901186219337,38.78253999668533,57.898391210312205,0.01283789046333276,38.80041269585128,54.172156750354894,0.07994102758540363,55.98262361549896,420.92220060402826,40.46165559475652,0.012154500710848176,420.4196071464191,44.50622141211638,202.7750255094953,42.211360866629676,1.1129504033776496,61.65390918044124,1252.6457838053752,246.40580797823867,172.5772256359082,43.72346700646978,43.87956451686222,0.06342052528766313,41.74772786982193,409.4060153944358,48.075959503011084,54.6044146918757,73.0204066512762,48.16975381193143,218.99241344447475,41.77112335193131,782.1469837918085,194.70610771494833,0.324516540772719,1107.7990026861903,48.184623934101324,202.51834805168951,0.0030750890716387835,0.15247806460881033,0.11715572190389968,48.552142353539125,46.76404146570848,50.2740990865658,52.44424240707188,0.0005470344016146161,51.3168905224262,432.2775523053037,49.030885503143175,0.5324754816523756,46.23992498550525,0.2713519559484362,163.66544125157117,59.43066871614353,396.2599363141868,261.3770529463663,37.72693218315179,206.53358053265367,189.23930625369346,436.7191084285379,44.211311896436705,178.03257733631656,54.99095292860608,85.78285499779443,42.0825094870754,59.424059805816505,47.770704087727665,201.24338002074344,41.52992601403211,781.4659115552362,1.0194215184136373,0.12895215495236648,749.5732745390491,41.02420332516072,201.36283607003801,0.1892410196230547,793.5736603026952,46.91234041742923,454.71122747646325,204.9778845620327,439.0055834939818,425.57641625554896,430.9393323830509,0.03720628852641914,0.004518359775743245,0.0014686563916260001,49.8307213042183,40.75323522939577,0.015273614295589103,56.505493608416316,799.9820955404368,0.03519240457298998,250.49551434778087,52.85960743478777,7.31926495424188,0.04337112528307765,436.7415604288502,3.654596097862997,194.52488956863246,0.1926623648579998,1194.3054019150889,0.3188662446183435,37.54016200460522,49.05255166764853,199.44817481634507,0.27795016296362024,1200.3409571827667,451.41549141424775,0.05028622597925645,49.84373504789176,183.44605970172853,205.3011480998407,1768.8962837662252,186.97680504603105,204.03634127958784,49.380318646431284,51.823227231003116,191.58252279586463,49.267814248910014,50.398877724361725,41.693048658672296,44.21821918414733,415.8412733203828,42.41808884839114,0.09336154957680805,180.68172785000613,198.57987187455763,438.2353188212373,776.1273905212432,54.08352740396239,781.954762231214,424.6392981046796,194.92771334319397,51.815416481806785,1181.4100300146933,60.076995583505735,177.69087316887237,784.1949971738082,60.54014016740558,304.89633008858175,306.4972959664913,192.8978295036052,50.358474759337284,190.3326671766842,38.16961016460214,0.38179934961037826,0.0007040340556956058,454.0039794364688,0.46523627959253544,416.43781309478084,0.05559140908738972,37.87893020291553,784.9474513241908,42.101907371607574,0.10028170649570507,205.74502342972738,45.25310566044645,772.4520127884035,52.984764617142346,476.9988859295926,65.61401063722958,2.896125275570672,451.54252279721845,210.0633638667416,40.21314598076961,166.32285927746085,0.1400223733002522,0.2828301195703367,1169.03153804236,58.02222234667764,0.026199745554807703,478.73734269791663,44.70996198668247,45.47228643172004,52.41523944025048,172.9573599299399,0.4335924184132963,570.0554106036195,38.835703905376796,0.04158087887811617,59.00186875853968,5.775659198541953,0.30753489217183316,55.01159797236828,0.46058828001812535,188.56066588230436,1.0637322404778053,462.56281509827954,203.5846132081099,37.12347474642468,56.09506806705806,58.200608224659135,465.2359961106774,413.07470437236645,218.68794219183206,39.55555564597048,0.12374719925912447,0.3884073544825681,44.15361470252648,0.3828115472786914,0.23374222477512313,39.863749118198534,55.19223566138408,0.721227097695761,213.9616827632316,786.0322143542661,406.2822925104616,189.43704376473275,8.22370743397299e-05,0.03727956065875874,55.101510382615864,0.38803835861755587,0.9659878981766803,0.08512067287733445,187.21793764571518,0.7238565230202305,43.96633360587101,401.9772161363687,210.00700527801638,440.84034161176163,1.493239741334235,473.9922974955528,0.4427741850605946,56.1708069354365,835.3979707706134,54.10610330748876,226.8039461009233,57.12244892332996,51.832920137654774,287.64944118525676,54.095176410356,405.84693694020814,37.21495068326879,38.2458100047494,473.56126469807754,0.6869758346923519,1684.5922284376102,473.8431863444889,46.797288884787385,206.30587406483681,35.477565845323866,52.68751695274061,0.01606996030057601,734.9281591136628,176.03186286526233,43.65014329876054,45.227443793565214,99.68194430415005,177.00990288356377,0.735222718471397,173.0726230232062,211.88211835166186,18.200137718931614,162.57302687132295,416.7150343951129,45.077657869353445,0.7166289010540612,457.22896970638146,185.77353640222637,0.9725751001404405,61.839254589867835,39.88478791883663,3.796216090763584,403.81159358416414,187.97077484435073,51.191491515921435,57.9024421887613,44.97204528291016,415.37443228325895,16.622101441680925,333.2315205326785,51.13460521392201,171.32366974494104,40.80573445761212,0.6721682082411368,3.017998975267981,41.901083884970056,54.74681351140864,0.3274000559173217,1674.4516804489272,1147.2445569703182,1143.2370232138908,64.91144223895587,38.78880902150076,485.2841059302708,60.35681375470873,404.0321374583567,41.68763762888212,0.4262516560436745,158.5899088815662,58.8112103625399,847.1695661072338,480.3611168891946,210.39411578451012,472.1754768831035,219.33650909166238,734.6265353530132,0.7753200108306175,385.0847010534456,473.372023232437,1158.8943458105207,1172.0172360746958,160.44918375736975,37.85373227166899,2.294651367059229,393.47691663585636,172.63928789246572,203.18578918432064,45.30387697819932,307.5299644685247,400.9757861434585,188.63953917627938,0.16964237380933175,402.8361271536929,62.19599578674583,229.783758180361,219.03359159865406,32.812423967579456,33.72483503276592,214.69844437403597,0.627666033320359,0.5929223311788494,0.3593172097170161,42.526497742886036,171.17700160646646,207.59734836942184,38.9166058983996,178.544456945261,1.4395318861346018,179.9812642509133,0.1032389747819706,57.24758184728637,0.24479949696502196,61.13805142850419,35.51962664712314,406.77461043903776,43.45676503327254,40.599816330643456,798.2740104416238,57.456728140279,0.910510145152844,202.41610094956945,1141.550170269688,0.3751122091356198,179.52378755039018,60.019228261011335,60.31307717700215,60.38718687550931,37.225255876298384,0.6253722418881634,0.8167256383059489,222.86799597806197,721.8076107003571,39.88324716259649,426.00770890133555,824.2263282634864,3.714174374798479,48.218059183313045,0.1791597180335815,53.146611522871005,377.71211632169366,1144.0225456564274,229.0450115615338,1.2033885019431345,1801.3153945697434,185.4852737192414,0.33044164157717104,478.4807381349549,40.852161538332446,66.09231806237248,41.33088982821064,422.2837137299558,445.913187444042,42.03010541075766,175.73184503292984,57.63206259160894,59.69474841676036,745.8476770929767,0.7181872044814949,232.6257400631187,737.8637164387535,34.98126116043855,34.90495061349228,166.85553854875317,0.8825031845403954,40.11583664540809,175.60514378208376,186.08731741587417,63.003992311295306,735.7811055937029,177.81340211302947,257.38551959456913,126.23216468532443,476.2100548007213,826.3726302050277,716.0049705262942,0.34064841241698157,9.199517754345607,54.83484505739648,177.83590814459023,162.93408325655759,56.31332624540548,0.269093311097467,1826.1690076979078,189.38401446892368,58.68248108900629,28.35155217257148,0.06100906119541593,44.76421208859022,161.59976506585235,66.04522365922129,167.20989583779314,0.2731318961283814,36.57030431410362,485.86671977468086,1.2429785101287796,208.46416453533195,723.9470237499287,64.27457589057498,5.52060136138825,0.16706796293341764,722.8580332022168,58.32129113586776,217.38683977435866,206.3446875703485,64.72955549972673,35.729495752306654,42.399613228660726,55.5967929840787,1140.8733232422567,0.4200427742250698,1.6825415664720385,63.010508697029735,218.73828880627383,219.50348203353101,1.3334089966876361,167.2302230478321,535.1225674882063,150.40444693200703,167.8312999621691,745.5180295500883,440.48211035668083,477.0869294361162,59.377333835275735,63.289024257612226,64.1882631475243,41.918898455847895,413.06854619706274,0.3832445598632529,40.799256138937835,0.22341047132343522,44.43248740909115,43.371861560214214,209.14782532277,208.56492489367716,414.9629873832316,0.6043794700007112,61.262505221781836,740.889674295435,169.32653294272643,41.268144260936275,418.11373865407137,56.290942504427484,39.83629416401548,499.93382024040807,44.27461428693448,55.36998121570145,176.77213788067053,235.62877553919915,485.84539250044634,467.332988110215,217.17139702927258,60.69244785830182,477.317128817058,470.9480580193231,56.1174804709951,0.7216790138964325,211.49796216066352,42.628658549053334,55.44931082117155,41.14832008072931,7.8880509245805355,42.48210668864586,39.13663511761019,65.80562706982833,1739.2231713011925,62.16433311985511,215.81708316997526,13.753064656178491,54.764820210393395,433.16447219433536,814.2406029385271,396.7859204960598,1.0674981363885674,72.07133986709442,50.6513602889055,60.80511936279033,0.10460369550954923,213.1922584996657,212.39130068174097,56.16782181502265,163.41508228090427,60.255476976650186,212.6753195181598,49.68230682976734,215.8359647500049,0.004489320626036821,36.82581718129551,43.875568635846165,412.30076072496325,0.34797537708464155,179.30715794916384,0.0028010701977576333,59.01055301668018,814.0953235786727,409.98307133766525,0.2682494491142244,1206.0471950456,118.1506678304485,215.94680137359802,0.8286287010605414,50.1382770514873,0.6876579116916167,396.09419956317186,44.65396049947079,440.3221203186006,204.57073278258184,736.6313494653368,159.60522570878922,49.693858842583666,0.28329257548513986,761.5963010511108,43.59841017662359,41.19415139943794,58.600805415974875,186.3917685129786,173.82811912419177,449.8958031035072,58.421689641575455,164.6614621204691,105.04794008093367,44.83041483748859,44.78585148285408,37.414869700109186,401.4108567629468,414.09302356340487,58.05765139014998,407.28159555020414,172.24953530289503,166.59076315099222,462.7134899117987,422.0318404385721,170.55369558582922,0.17386713562489467,779.873548065116,0.5561034697849677,56.57257149991181,53.19081290552356,59.494955002695825,202.38077385234104,0.0018060889082557048,438.9970823461564,0.209605890579921,182.1802810979661,200.7380343110704,0.019909550346266444,14.509399455229078,228.04387813011022,791.8077870194911,49.1596302965899,50.536768955669906,793.6073348758883,422.6742986523886,0.1591724466943663,48.24760746739312,40.21115186082202,188.4299429881131,472.00641600622254,43.29387134562021,166.82592892265433,200.1079236917756,414.4983806959939,400.2798622177037,752.4744435764783,416.9307412745956,0.0797239061394368,55.44024711069832,0.930537874411839,0.5938872554275108,37.41232852395576,49.417632920492416,49.41204525753294,0.8588476842007046,192.48749968954132,0.38515272724713856,0.08108844157788707,416.28724975228903,0.1070629812566093,33.81466771209284,54.178140199409945,47.192533700734,56.217393311212106,59.01804259290208,174.7665471323235,197.15660296111264,54.338142745708794,43.15980382358409,211.70198053919114,414.6349717040272,220.12955143699406,160.70935544004925,52.11554343201742,186.9449918432779,34.74864914807476,39.13083740600501,199.9337895481661,50.72475392642966,43.5076343002838,39.47761839206695,0.10437105968925046,57.31807437119405,0.038520763028602675,0.0001810355394698899,413.3041138712314,40.60849258966486,204.3661890515678,56.80192557148639,48.34803325927236,797.0497216620982,0.06700747580351141,433.242058035549,47.3127690999569,168.88310610714151,209.81302708933,204.0964911460601,0.3478582013574555,424.8947757448917,41.714046423458214,204.07866477021295,48.43497993931844,52.92682098643646,55.89544597259333,53.674901765215125,453.5025525867023,27.848449998104105,41.187943713466986,45.47823536717819,50.1506090286384,0.005469095586360075,146.25936841496627,331.20590970237697,1747.5795123798637,185.06084175385047,1271.8568683668345,207.8306938931173,46.24803980803421,403.61485141412186,56.36351379658493,203.62456914050549,63.420539678755695,386.08732219029275,178.5694828656894,410.54221701196695,42.20291538765022,1217.4249706204087,57.930263054736066,36.33033355721752,201.1171904142005,1.8011261756370882e-05,0.26921281699977617,434.5034375609627,768.9196911786202,181.8090947424078,43.4197234565455,744.256889633051,47.87945779747113,59.220484394288356,52.56020171216826,1.3661073358972633,175.2061119789183,52.720294456429905,50.66533715300243,54.29290360762582,207.25034138271994,180.76176270215052,57.250714220602106,39.204704984503756,193.54912741822147,45.33741677560135,425.90522426591076,47.013412109655214,46.11631156006853,1726.446171877834,55.30532971136916,35.469599290024185,181.02695448760798,0.009862856354544158,51.754261181542056,178.91319337305137,42.90976733635511,200.8316913134549,49.488808903090046,37.36458791648524,0.1510159479095325,210.8900767319631,773.8810407939336,178.55937403443647,48.88278048134088,760.9466188612778,46.14419973825692,196.084948988048,188.89027162717733,438.68112560698876,218.30323254047565,1157.3322399962635,45.16753254649657,17.205054392625804,0.3671004583005503,0.0008759850001610648,56.21449298117412,416.5311810295538,1262.8175644786654,47.05850275748711,202.2537193405026,0.09617859591303397,52.44975492208678,0.0014289789257075829,49.38025709561137,193.04177869684253,420.21651849005775,1242.8520211410487,45.349987716669105,43.843871735426305,199.80709123451456,446.4903407269657,189.63802965372537,212.20883826154682,4.0936979655472765,52.80328532006701,52.420198225160554,1.4538891201090391,49.386946558634335,58.195768941750934,767.9036863584558,736.2787239466461,177.66531804718355,177.92548907696957,428.11918687923145,57.47012988663766,811.3935132205953,38.330544828875446,742.2415510629918,192.72571712387276,812.1479750079753,441.7765059046199,194.7608991692861,56.963891307513194,0.1571785034825409,450.48407723415994,0.30152632829918585,193.46346037911835,179.03379155503475,45.9289545657054,2.45771097323389,0.49922834915593195,387.85489596227313,0.3478213246876781,26.957868279303042,112.36464192099955,0.38606558683840825,181.7556467592804,0.0635589372895247,769.9822610782164,456.1252978414979,1754.9567238465295,434.8545984201963,428.39694606990514,47.40328134871007,196.66625151700046,0.05154492206087465,39.67104664099968,42.683907978702365,1219.0708707742644,434.84885665825817,1188.7509633655702,197.50023237638518,199.14953467418252,60.75134843486624,217.6728319131366,0.019950529069267454,0.2579656288129385,36.089682262644864,37.33982629805635,441.0771158487052,43.882970258589665,56.341043600014615,225.42557758931852,49.504579209992166,0.025447205876926005,753.3470003236184,184.47915843543652,0.41763130510753005,37.0610235435259,57.32148125231038,338.0023591409018,407.72152166571914,91.53401558185413,558.6218336133077,791.8813362609984,454.67819948406606,0.6143328111917077,191.50414756192606,41.94160197070166,207.0910834088258,186.19476624256976,0.5038288290140488,404.1218953042135,106.31357342007705,70.61623722355377,472.11168385738796,57.324610643714784,0.48962494832379405,183.63568807969324,33.585312877466635,841.7281439954304,220.67888306132397,5.177723658042699,1.7453534801531658,1244.2071009627277,35.80531978534163,60.543279112567824,47.21953353541944,187.4825024818449,58.0708748458084,0.8842302753751053,440.2488820558575,353.78382020311454,4.684965498911513,40.93069604407544,42.735667352267235,0.6644200646238946,0.1857859825223048,36.9531191404061,36.643821980288486,53.42838519037661,402.4112986923449,38.495161700556544,49.786621878803686,210.9427316446241,434.9090401723288,0.8705641005842323,38.0992746512944,43.47794067055313,0.08103513362068003,840.3810563650651,0.5639247795611398,815.6119436816404,1671.7544920782243,63.578181228548246,61.757364220575106,39.145355977957905,42.60926390220092,60.51629769513654,59.43496370249919,172.45810801684405,60.64944247199319,224.87303829596644,216.9434557225366,411.83448394179766,188.5367100756788,228.36952831439652,0.1638181022697452,432.68713848104824,103.94827886815803,180.45119372236599,0.7378993298731092,1.1128632536614786,0.2056946869225724,169.39937959554283,1242.3118989048412,468.2235564297947,0.8903272860052031,245.18684879041732,36.162780080867996,424.49721117695213,200.4929049137748,749.8999191141278,63.71690598255477,0.4101282650219187,38.86706171129852,409.81379866095466,405.37606367540195,0.6696156781296794,104.21133090813714,0.6499318308316742,732.7883822807598,424.1374651479998,34.44452434359873,425.1678915617867,406.5575214322674,180.81322444470234,207.38312305495953,57.06751496458292,467.28310622681056,56.448126024283034,62.6683591533285,390.96157637799126,38.91683454286933,69.41128994023853,0.02360445125631967,448.36886816262705,450.4057008920337,237.46859752028942,431.9363132128968,76.92798094497505,1188.3998740616728,419.2692988466671,2444.2769736849345,41.955117992623684,432.5162062182483,178.38746705414036,761.6165963398581,200.55311219025774,72.13093905337941,65.48908634695579,41.57486075624327,1.1768408046874514,181.7311224436622,204.82310396159033,1.7987735496373976,66.8680311439679,220.83303265098095,483.92681657162314,517.8314132651238,0.7577531754605645,461.5777416955972,54.14162177589504,173.68987553956302,424.9932452203717,0.44071929405632876,482.7792153841962,57.913255173006114,461.15907592034273,318.8803503682513,46.75495556601097,0.061995459628269,205.49461427133122,42.678352592938616,0.24499485084289546,0.07432892560685626,0.34170813745976053,53.94085963856665,0.01996783464471309,426.572995921095,455.454691866319,0.08828720310843605,200.82599552132157,52.3177437207984,51.76204139493662,46.28284577689531,174.94509769726048,57.29663928689774,0.8841596008231232,50.88553753947387,215.59789495057964,56.99677081756691,42.37635494194182,0.6487638556086782,0.7196301786253316,59.682182715557914,218.5018052342391,207.7818608615913,39.039830309859646,165.33417363206385,54.50978892679543,57.93814321381447,58.46107525718526,57.40424580618898,0.30572845567643997,41.45501096153299,60.72293944708691,411.76631607963793,222.08543710346254,39.755617606913034,176.21675133415374,203.46462375451202,0.7659502411564573,32.14163436389819,30.64630691993195,0.22685697772973956,52.406798819546275,49.481056851454724,439.7820091251163,175.23245559408315,51.885255621287484,56.76918381448268,459.75282873025463,745.9123464235104,0.22016825238989987,0.028660414048784777,56.11909137538026,186.6118883181255,755.8045088637856,460.6163517558326,0.28657886826485046,180.7115480367016,0.655492757732924,61.761024831650005,62.842444987070294,0.01068419799808337,211.17972897075276,461.4574561360815,41.84100307191196,137.96261080719015,436.8688122277228,38.395300492264326,46.66341963006145,191.56530225613864,47.287828879712194,0.010158482575643207,0.19514703303869813,46.81295673533224,425.85142895808184,0.0554234304821314,46.533467736763114,0.04434154282867676,47.273381830676264,179.5590148983808,46.0522494849852,193.0993171966285,0.09734767255594573,809.0406319201129,750.8066419421104,444.75362020870796,205.65558083572492,193.13534807885347,1250.600724774163,188.2974693667196,468.9093526236291,188.1265398104222,0.04276199302877801,143.0507267256957,67.51015381708149,179.31772838592948,213.617585919902,441.3140914760783,411.65547683213157,183.66263215322104,200.58419401596356,45.05729192597863,203.03323460944694,48.39956336024195,416.1362371149071,1213.2153139859508,44.92202315980796,50.407696474843895,197.91672554025357,53.346167308351625,592.940289757919,396.7423515830676,0.08871561267135483,777.6263295338074,186.88761969167442,37.71375911524414,42.207751779547934,210.28963144138132,51.29547050629832,185.36247146446277,183.62961157820877,424.4155757233261,0.1035316316397581,0.6294728487849136,221.1699439269802,58.44395251415931,197.41225759795168,421.5693363381916,0.13844964303386526,184.26864049896943,191.27357338448434,758.6998599521164,51.33119677654773,55.55543276074582,191.20551025105155,190.05530494374975,0.1581466839057734,445.39918563301603,407.99348579858366,59.072196839633826,57.562744739958305,0.1260825688491106,52.8124521272616,43.05901122405784,0.02178018018311552,806.010941812059,0.4058652093904596,46.19801423030782,310.55847438598545,99.33181867729382,47.76727833060087,214.32998453569618,197.533451592049,417.14762246010196,203.01486508846537,38.473877310721576,40.722648409978675,0.11594056311708358,0.4408842754397456,764.6286172149424,786.2623938239362,60.39443636060103,192.02913850125393,64.33943182972573,39.094719500928434,39.50059049235421,192.16616612470023,0.19878344404532466,459.92365784548446,48.11780865542657,0.17079133788586004,0.13978392184490754,40.405397271171175,0.7870079694002939,437.85981110119275,51.224980342010845,0.5082729774882423,195.62360972645317,58.04085441804712,0.29976151981403437,37.04832365493843,0.30883230834119646,1792.2700374512667,209.1456196678011,208.69387421784646,0.19524783467603732,448.8464349223062,221.25824156562032,209.3475604129828,56.65614310933987,50.70841068388159,1542.0809121940792,807.1641885203732,450.69161129059063,11.124692456567958,43.21982768694592,441.7919773226545,199.9893310604499,43.02449948903845,0.07566752496888891,7.225610769515972e-05,0.21541307820313405,484.2003803041022,0.008065690231506911,747.7861089976473,48.600793126902545,0.034616761044517816,0.3403199803756371,194.24461038808846,48.994140587124114,37.39128691347982,208.79680454687562,421.0116931663064,45.34448045559432,183.460964457525,50.03806237896924,46.7487266554904,437.83705519493424,41.42830603207028,50.99941240493369,81.3478366819792,205.38041879796023,731.6589440603824,180.70026515794927,0.40912933160609294,0.11307441946319569,0.29637046231933734,0.37757303102679135,431.4439029382359,190.85926662667418,1239.0540981144782,787.9582822595653,216.24039059605585,42.292671779409524,176.38990253789754,196.15069071224082,0.29584248706876587,53.76251417785966,37.86518646042253,40.55884951917473,57.1415428585112,182.0514463025027,202.54343596372684,470.3856187142747,438.8330050359853,421.26041938957366,0.004925708560850709,419.71394450876556,61.93260568379169,48.989339490983454,220.5268337746024,181.6288022944538,794.0773786149819,763.220255077527,0.4932109274334882,1.0219710344894697,187.10360115057247,20.828087267830078,50.06518095402614,39.68699843290334,0.6382845589711661,0.3664380511617654,51.77618666508319,214.55237957891075,1696.827754730119,408.1817101335421,52.616505296631665,227.36834575702974,0.28221915308284906,0.24382668237164026,47.4662754534259,415.7290017327279,187.03550907952263,0.5783083471825806,42.33067640777725,1293.1643105459682,467.69860921009996,420.598760894246,0.4930926627814175,0.7736719850017165,0.14004997538278047,218.42291525261746,0.5261558345727687,89.77861006131279,171.20629804484264,1.9652997287588303,194.01939977717606,60.38268498205021,216.24291603813575,464.8737169272841,37.03259585324475,98.25766401228611,56.6651901681585,230.21361009934955,202.29182684475828,55.26068653523435,17.84480672461608,0.6861936327042283,0.0014863735799628991,48.38642227647665,214.75992237782125,0.0002532386922774697,41.09454726693113,54.55612116259844,43.9485340814517,56.641073488054346,8.351078729743897,764.0186192261148,0.3259368075427725,14.146697872214581,212.33694210189975,96.86437149400473,181.62562866629014,395.46031030717836,0.019711459483189715,52.3663059053777,0.7938534313684945,50.39317026898447,833.2701885484671,423.97126967928017,50.25440792774686,803.5678290695602,807.7724640454803,456.5475859502793,55.88131901775079,751.137000621182,424.3659815083186,417.7790814192321,1429.6214301168054,1.2748316601837804,44.62398509141591,219.1890630014349,203.7592351111521,56.86251864892551,1762.2082566708457,38.569417905883505,57.47986598444783,224.13387069177998,59.95231374201187,50.568504869620476,207.09888356419893,57.880143556705164,53.37782567538439,319.0016829317457,209.77449413779325,0.2541473495117363,0.24278725098728443,211.56005068821437,1174.3797786369387,0.0030143650864414714,1785.9223746331688,50.81709076215515,420.8788007648149,44.45194510170216,40.87387470083913,44.16744959119967,805.9417620533029,0.8288873691977086,55.690078259566086,0.2146727683241127,0.5649373906204137,17.70958365980532,191.16072183592877,65.13914410588849,0.2594605787345115,0.6091638266240784,0.8389771736070845,463.2552379206523,51.57771168082884,386.18012920354164,192.71733229455103,0.01096255889233875,57.15372624449755,47.7235759568174,0.4443694269798695,205.5045116867118,43.853855728466165,52.83026039394047,107.93963626933024,57.68278937411857,0.5733110186941477,60.541222083370734,62.51419646616352,54.4410267442801,171.38436103886485,3.5085229671764373,454.59614978562433,41.3337203609086,216.31122919635433,0.393502648933124,0.21220372836484555,404.0521755116395,198.64338497806466,458.48070717559693,176.0434457842815,121.13754230189879,59.43674791681932,92.4386096553318,0.5318131385513641,1222.2883224820118,0.01479455211391432,212.32022559140685,195.10213952424382,432.0448262179522,0.815103153111719,202.34003282621723,0.44143012533322973,417.3576625832299,0.10725262709936474,112.33799338055648,399.1452068457099,0.24193235973344865,722.7572392070404,215.67548469795088,0.09162284917335632,0.008630188560214714,473.2293359644484,204.12521852708636,747.6131743498191,0.014298703211674866,43.54198179899042,460.18246820849197,214.6798033940495,45.20628788472336,0.12836626660945596,740.2556783708967,413.7591512399672,60.66459842171425,768.062630167606,182.54739224333113,212.4001851766924,1.426730110242169,404.18670462211065,757.5563833786358,0.18570103847640537,0.8489385259656947,59.54573004639861,42.80866262756086,201.17505127320186,42.86152618435994,0.4438764600258549,832.9213565587305,43.62100796674616,796.7735196636908,54.43093009800209,465.1880248678436,217.68913154504384,219.58299853722434,0.4751446709520717,59.57983163970368,392.77544387372956,733.2980357878472,203.01349836887402,45.30435581936662,0.033521090223922356,55.16863003726999,179.24443437499679,37.959956570759985,42.830871375553855,210.38094984240647,53.52421347173096,791.6146606473881,46.42531983599376,0.269351553821824,446.7999025365734,56.22907192068942,836.4097369136994,0.008264494058264349,434.64316407066053,417.14059313449155,0.9901422442021502,451.69181959700956,0.9690893287138885,46.325930484265726,0.5419926082871955,49.10803855720363,1.3575200683453899,821.6685045412636,416.03050802083294,0.0845309071765254,182.96427387316308,0.0039971803456956626,463.5699750532577,456.69866449365765,41.83915292304596,1.5224722894923495,114.98481401441335,0.055002319591891446,51.39416204406526,39.16997254802981,760.7994683181792,39.066607431772155,0.38634105482092923,1692.3363739199244,57.61009142382844,3.138766250543121,187.34200356166167,184.2375922229725,188.26544824081702,0.43708021477535997,181.6638002008927,215.75525994381434,0.8327245548511905,179.44810130489014,98.56855832367648,0.20204346110994081,0.35412049024805253,220.16012569320804,212.71252140163284,184.7505704323214,0.2728238049872099,418.61069952161404,180.92374162118884,204.18101503651374,59.833372877838926,52.76438114236389,49.67098989172938,0.23277343559975008,521.6873457875325,187.57455448995734,0.15775391395569321,0.2521587309564119,54.61786526138022,49.97984426287437,457.93451133815597,58.94022014277537,204.40724322445365,57.90378162575734,57.88603865305589,41.635090482534,669.547476533473,213.24757570751717,40.59458723077476,409.19614372212817,468.7947956688552,415.32736981436943,43.518461724316204,38.8085506231632,182.53935867492487,403.8270154430036,0.26650454609882634,197.60552641148368,447.16576135027896,196.42485874368617,228.66339358450708,0.04226339785802453,0.2170394795951565,40.49219287953679,59.48498336557145,1783.038111725452,0.20640076027045626,44.77555072344924,46.11966722275873,463.30845573369777,53.494354815519294,212.28225173838192,184.5095906887032,197.40201484818454,430.1721628811823,216.84793339326717,0.2484961643502255,1216.4007370580157,0.2886572414810764,217.483170515902,0.007907869887015268,184.361673519558,62.65304875414242,179.16276633534125,0.009396392642181466,206.38779684116366,42.24355780976066,0.06156791776734018,59.45422551814493,0.22964111879757185,54.72967897656359,48.9595007507808,61.51022726975211,183.04461764001962,0.22581873981576375,40.04078781785177,53.736760063605445,473.52795467515733,190.62595371148532,41.30271599458662,0.028328640313641136,0.0386975837612475,0.05524525283290186,51.496965794223186,58.880865970075284,826.6396600312322,450.85462476639935,49.16901063036645,185.33334650055716,436.9656397478222,0.00032296365791078646,438.27607809161356,46.97316452165571,0.09414194193577997,449.6957577281585,45.44105493644831,418.770621780342,205.8391203206357,43.0149769877884,194.88982396011812,0.0031335333296167137,53.98692627132913,0.5534207977489995,54.722629849419846,217.54052697372134,183.9898160893097,54.72905389918091,189.07669691625983,445.3489167780092,0.7424810678749323,41.99918076274649,753.6787445531559,802.4005365570171,202.70100515126617,45.36325242803156,48.2891465783309,457.6316568394386,54.70083522762098,37.95404238767274,27.042983259904922,0.10600206276552726,187.84135866475864,51.98860219632625,0.3656066717946186,882.0982712142147,0.06777957178369602,50.173891307597735,213.38206764853524,44.369691947762234,53.846289641163665,442.10077694290106,202.13174929500155,191.11514662968077,422.5221017778355,50.084519963932465,46.86490317516147,0.062005637642666374,434.4671077668401,34.39270426301056,189.71917796586067,777.3102726805977,13.904368797271653,50.974031861766846,462.7356915327978,38.45235018700515,163.9610714898773,192.347591389862,192.30379640726008,0.027592151997595526,50.91960126313924,0.2813965675100849,54.567166210485425,173.37746217072382,47.11853279302415,54.42310649173679,52.062075500601246,0.12717254976423897,0.21434550205417574,43.02969124649261,196.78580429018837,0.007458002109936865,756.2416339158377,46.866565068141526,192.95473048021356,49.761681196878584,180.996307515424,46.88954945929699,57.11815567681796,440.70156880749687,0.020742551822614204,192.18959799589697,46.645794765402705,0.0314388457441045,0.15671286304402515,787.9626068684493,0.005574415422401603,200.16116383610006,425.2513507190215,44.89604709123356,222.84684965579166,419.85936909792497,42.06585632776737,51.34795134006014,756.2806757209164,43.30288612383166,444.9107410448692,50.32087878910901,38.42555499499715,179.75857902319115,45.08425060783327,38.701477033443,801.3888518475304,55.782776671410915,488.12608375278813,40.43725505324037,217.49869943418264,48.43442878388796,55.499291918949574,0.17656724761653492,0.04123169520814313,58.47403809375549,0.08920315378954931,452.4383924601691,41.76440799005057,29.438469988209484,59.24378343626233,51.45074456393511,464.4672553699659,42.34205723089552,0.15996811460491808,50.396249641313695,41.85506400415242,38.16604702742857,207.14901301341337,53.660146911046255,146.66501674891944,46.62427673571928,41.31814314820567,45.64239508899538,445.9652406734916,0.7703672053692704,56.915822810861954,767.0313901458647,832.0082924292809,419.4388703157972,209.57061844503843,1705.3007404689056,435.039469894693,0.012184852491834812,42.61654724715552,0.7611165811576788,51.968783238059345,38.860944664248656,190.40364930531504,184.83075583249294,38.77109082305264,0.028839107966401593,207.06595116094755,451.1320333646703,57.450492971018114,57.91652922183105,0.42696293723330064,446.028552540354,42.286452925339816,38.87356000294102,50.654018159243655,49.07395582794498,0.05683260540230453,48.411083379831844,0.011391582154437944,56.60889592812455,432.06476168742824,172.27639361979803,193.6404799195364,0.025359678376001452,0.10656699121753337,361.9330488004692,172.92013447609185,57.84678770057095,0.19619016055499217,46.8690352855013,465.45925716894277,207.89909804444082,47.824948098832834,0.08610974768648426,191.58218845570588,183.2894162546461,0.11794001741515055,202.63921047629282,436.6784356684139,427.267552665345,424.9865151142335,191.40449119220068,0.020012019636330966,0.23344023630050212,47.29172643706681,174.54169110320157,190.94373860527406,0.033594254615875,766.4981057787296,198.76573031007052,0.09978343820941318,409.3488226646168,197.95423384373112,203.9727638820744,118.27396396387903,15.40672190046697,50.54422082443991,787.4602269815276,0.20021420794245706,45.05681965396601,51.23980946016722,0.3203041335014844,197.5010767291391,174.64928298601174,770.5416188419081,137.93969201397456,0.050254882947320945,48.172094909836574,188.27543730159618,194.09019306516967,0.11723228310070234,0.315643955382975,46.665168375891604,791.0666310628671,48.51925013000933,403.6060272095068,53.906619838772585,0.5377956133863846,414.3581940109934,0.5540957045934479,455.6531236910687,451.12927238661814,196.39075123647223,207.53691702272715,46.76531160202475,59.48151075852035,41.85276058128947,0.09644846999673119,52.611136922439194,0.3026200841802883,558.7142348081528,196.27550995975207,430.62813333675643,180.683415347653,428.2994675495038,438.3386685550501,776.4946214673198,42.02993466732609,0.23299482569968052,332.89369070033274,47.63311349732296,46.31673268865231,456.9700330506045,0.05990645602632916,0.06094982703348525,190.24705974560823,41.576963974901965,1208.7483762469292,44.10502842804935,464.3536663003651,53.97283866358085,1220.9546313396388,53.63513501471906,53.11844332671964,44.430896515378244,0.007175436581374348,198.03010428532545,178.8566713853039,202.70786452206733,49.5579869423287,4.942755772864538,49.13894638712942,47.11996423858047,199.2389421482263,435.2102254724459,46.73016302652844,191.02954967918532,437.06915750022404,779.1275083215364,447.17988275868305,45.63170524480648,452.8361582581428,0.006915672860550563,49.64655509318867,76.95342223693018,772.689517349992,201.51481137558307,52.539825314294156,789.74110880114,771.8102852139108,47.50236843273198,789.1690054665478,426.53011760002653,199.07953536077088,774.2376371126759,429.8293112478717,49.57030968401068,200.01030703711152,186.18640207892437,423.9361019393984,192.52038009617408,1224.649035000296,195.82678520674585,0.022601632223851382,196.87331466715165,197.34350905273217,1741.5979622572688,196.16125085121325,138.2077839386108,689.4455371692964,51.072700907499794,0.0032676157658909745,46.24469314298163,40.9307711022153,50.87299628325157,48.334927988427395,458.0166986874878,204.63600891139586,0.04478638597758409,2385.10818751317,51.104520197394706,188.63408361470985,47.9438911156071,51.617836542970736,784.2326937492294,39.638489936839854,199.02321439553458,201.59774445536073,197.3831928008825,205.08025737218188,47.8270511525907,52.68414701553695,52.46603503864801,186.83094046412953,0.17192882121098269,0.10032307263013031,54.42370818407586,49.82120031189956,0.012229181517342622,49.26916489294469,0.09323381653649297,0.00027374968041747946,50.20949583624437,28.511850779710095,1.1903202728186134e-06,794.8019072416683,180.43851717003548,424.1568783011369,52.02409824380768,1213.6237558953976,188.79907032461793,192.75571599729858,0.18796203175179035,428.98551865994096,0.10343242490874321,1205.0264735287944,46.871524280529655,49.51856503668142,419.2423613983716,25.272230289598905,53.89126647917063,190.03323157629455,48.57700219795964,47.641789115563014,194.31551756361878,178.64916148458488,191.97598589471374,50.619378475913734,8.134573209634e-05,192.33825699084164,49.7598674178351,47.08299376893604,44.95051474229835,47.98321474865049,769.8833120724763,43.264992629158094,43.71322003560226,0.19556891575989374,188.96851100652478,205.04707938836293,0.07761360984063777,52.50537966095579,53.1996098060785,198.25485059315056,0.04455866884509587,428.77665166133727,789.5843939156384,771.6870559041276,44.08522978254617,52.43365737184238,1206.67537063494,0.006772507644246782,196.07539817576526,46.62241557079559,453.5704995493663,197.36106925805078,50.349685954765576,197.06954038575037,218.6754277983181,39.58483536046493,189.16767620582056,43.15142370470574,47.84694364560944,715.770743565449,459.18600462198145,187.3292554583572,798.9759062206026,0.0035123516254965516,1212.8675128230786,468.66968084437553,445.7678166125209,0.006546246204191429,61.70174205546935,175.46936974490598,179.461830532605,23.907958965949756
critic_expected_return_losses,769.0047366609687,636.1423499866536,630.9452774328585,636.7771746290612,667.5666148780215,564.5725969413668,519.1121996963637,496.90287216886605,498.6906752569238,525.5136251514647,593.5808453735237,470.4256656686084,695.3154508263951,471.64301751910295,401.15060676493755,463.8015689388154,494.00127125620264,452.78756485653633,419.2717809666903,462.6097413676288,457.1063025969904,520.9562725555111,510.1985905773518,543.0795910873924,518.175510657463,533.0174263971807,451.94003215681056,447.51394506093175,467.24974805219705,444.27676354045417,415.3220126953221,346.76725356128605,456.1599274128883,289.25081886166697,319.5432370138503,358.22334310263216,410.14447298604193,338.49673751831176,361.4688119318652,366.9022969604989,363.0345791703371,370.2252393360623,423.24936962655494,353.63186843172537,293.48707910747237,408.77985230342506,261.29623136012975,350.0308734360674,367.20709711114375,366.4842885500151,323.6137677539812,322.7078143492618,372.7187656700358,295.0108449381172,317.36638981448357,216.87892666506386,496.8811398529851,363.9617973912837,421.4288678256166,333.1849020432226,398.63982495194966,279.5741756012924,352.51849245924564,347.58086522392733,414.69973733747867,453.5898674107356,345.823897219442,401.2745940199709,379.4235546556629,435.78675631898835,449.28050228030327,346.25932057759803,499.1949119390856,421.975827956527,391.7639070320338,481.102683624801,538.7670457228403,469.0733799448602,430.9208491063857,490.6495923767362,399.75201636487185,345.5120556197823,343.8049559481387,370.1900827274634,341.34344441050314,426.6776433901521,274.02441911736315,360.0328543296375,357.6059853028747,477.39943749434354,474.88055515328534,327.79495715147453,335.55886438669467,334.32412721645176,409.8927592566391,432.6979973516604,220.58950038551555,285.84399061510567,386.25932188175517,205.41467016975278,253.75842170065422,304.0718047111849,211.3895678724768,174.2204470674662,434.6761179590311,178.74362672180308,209.7091095931134,254.55126584102828,163.20846023192576,359.01811143031597,306.85937719165344,364.5610292921612,252.67996229575883,363.0389092331677,376.465139767118,322.19416275722085,361.6422286517678,232.42145741377797,339.9121057347611,218.62954266486386,274.8759705908393,185.91897408097807,270.74781869334515,276.5352376792887,304.87803883874506,200.5294792728438,203.0338956705064,177.04405085473795,287.544315193966,178.49440702964793,226.1670302775563,235.85644631306263,218.68444053151012,201.90475964062762,237.7863227811033,175.38843285190572,225.6072612807948,188.60503192010523,305.5313080116044,191.72532452857726,140.37115236905183,238.0261263826331,400.4993112123759,104.2225226635883,96.93716237003687,180.6936090039251,239.98794374562473,171.10642028389893,154.0955330394132,245.0509936137496,149.45786681180448,160.9490647838131,269.5232051741104,239.05746566251702,158.98876385383582,234.23272816487784,204.12295371507253,184.61582579907088,234.03687390645558,186.681592958659,196.55047470038784,209.0011747236938,154.8266391656237,123.93900233748742,229.00039360701342,129.06831409462237,195.89930726425254,236.3317879175766,288.58184947837776,162.68913023544775,112.11650704019878,346.2649006824316,212.6209620890418,188.03635428954843,270.21043455125374,196.1307291233423,213.76431209908208,246.89416893216122,225.37346838867893,193.63603203991013,207.12980970414412,210.96868722718412,213.47276890535363,333.33702111031226,269.6526795194085,167.4061770290922,323.19583303372656,280.89370942700555,159.13810747472576,267.99765643727494,238.9358664116642,294.0873667708754,155.68170074863207,220.91923460749098,246.80365182478272,195.76576665313667,274.903899632786,191.03460249381448,313.07414023562256,193.89645381612976,230.59638565355962,272.0270480241038,170.19419570822865,245.0722409464039,239.91935250744817,223.00306740299337,90.91666884072502,159.8739385062249,189.42935270849588,177.73181160261086,232.4750464029958,190.7125001784357,218.2129754817784,158.33782148137166,195.27158235823742,168.72348371487467,175.83378358870095,150.96730018696977,122.45360411070402,170.97860962152947,259.5186881819139,114.73589376207796,183.11536732336097,178.00603288264156,207.91782353776318,188.23843849975822,126.21402754687041,238.828104698028,166.4977587747203,211.39853017706338,223.5285312441911,250.4438593070397,204.38660419347184,210.8994015064858,207.65662737942606,175.2410544071891,195.80059429400174,260.8134214643869,133.3999555935528,225.6721042007049,208.04593343153147,192.45487759168313,199.67140902940707,168.9363155661585,192.5924732802863,207.19589704863606,186.16446075384928,151.68071470879636,224.044639752212,131.43079156375074,131.977243718393,172.21678125426703,157.52026444715995,127.13608541560073,154.22750672542742,117.27544995212934,116.09878854760002,153.21623884089817,142.33386733114068,135.97280646262809,136.0303448943464,133.57687726761864,141.46234385368732,122.35505541155364,125.76723571076575,95.72361637372138,124.16346263234095,104.66134519683295,105.14199505267581,82.52735155953825,98.92418335655766,98.25274399211858,106.422596935254,103.48036565290519,96.48425051300137,97.98600423414061,101.22835046978614,301.78000995072233,89.46656758277807,87.60265388539565,66.25731576668444,66.61890506199906,81.7073366858103,81.06483651624391,82.27134118317286,74.63925939884903,79.81864589532982,68.21313751154918,70.83769289688914,70.19721020657921,71.92557179183035,88.1557536499753,68.91428219292833,58.80093597549414,62.13677341761956,57.349712463774644,53.05405298546532,59.49938958732892,66.15414120715523,55.22924718725779,51.47454092916818,53.7249753251852,39.64908508844383,47.810900231501876,39.82738028723368,32.82207506208688,28.64420670741644,35.78204991698391,38.878887744503444,47.251892136474375,35.67306039309253,36.23658217900211,34.5602400064084,43.084042151162265,30.674614137625706,24.444091041503455,22.604760076880392,36.48550612131541,36.08172177951776,26.92688051952415,34.770313062561044,34.64890623445872,34.10989806505884,23.063131602944257,32.22798055539127,23.183744531531968,19.159063558129006,17.70438275739269,25.403998160550152,26.644717944178986,25.127964142253767,22.711661474778044,28.120235683800367,22.020909994084725,23.61763728356257,25.54297030223838,23.627416271626153,19.527442748757785,21.179427250510965,17.939359516351534,13.467445428025608,20.756081330314263,23.342511095496253,21.81703230091621,17.575952983658826,19.41445472094581,13.711725198707988,5.822943874037209,11.346016668326806,4.9296401133928915,15.648201902969404,5.62648136856331,22.517409352954537,5.279437066276771,17.279520157498045,10.46373942759896,12.583680270419059,9.179202875639533,10.9463155145136,5.090701072513801,7.1113847185607275,9.052123076369512,14.59037959663124,7.48194352473858,8.490677762156599,7.602560774342784,8.780601690537363,58.2779776196807,13.99727424120242,12.719224057472127,7.174545978984809,6.876368912196923,5.175504356644572,6.3499291081935025,7.742892345770313,8.73663884077703,5.68163480838672,9.302743769303136,6.33796469273819,5.506771313708891,5.733419901412053,3.1422112817150043,6.432749355068052,0.7112438736892626,8.766871409522157,1.570120001411156,6.091706102446787,2.6232770029342967,2.404412153071293,7.237477428016714,1.983372871040539,1.0906237033613235,6.275116404287313,7.2336007343273545,13.99545360141561,6.087958330497734,2.392609575159564,4.660821330840943,4.4875148653409065,4.692729067652401,4.276433653590385,2.1818329423994878,2.4755836140901977,0.5671013826555494,2.377956133520836,2.639683504704982,3.547522302611312,2.7963032336523743,2.2207415086067073,3.2954855578133313,2.014655431250339,2.214407724599217,3.1591316112215995,2.7513576769104526,4.386491536429811,1.3014283541919571,30.16175446695088,1.3429376165503284,0.3236096715621057,5.319844558161547,2.710806066529302,3.6735546967496706,0.02947422629782341,2.4602019056208,2.2905347003700145,2.3476503026348654,2.5092239779572036,5.839741047108124,0.6099876584483308,1.3164623124778199,0.07359286081954261,9.49064666520898,3.5253678465560507,1.3796512616005936,1.7198471334511714,2.058255977003999,1.833647448335163,0.027622020714567357,1.5071240039097056,1.2293810514216337,0.6559992714836222,1.6729062383242799,2.2651759074345947,1.7717214987210843,1.0249734969204487,1.1166938264596151,0.6619357989678935,2.823535041968457,1.4275617511797754,7.016999260003391,0.00854414677547007,0.8105222916875734,1.9098048978436724,0.7738161524059736,1.5384821310353003,0.6905891336288549,0.012838869371688716,0.845129644375553,1.498552360317097,0.4494050880766353,1.3221056433488951,0.60752374744759,1.0249685902942758,0.5288827574900485,0.000382379300124065,0.3966341362345057,0.45192740436200435,0.09905615958179526,0.5937802003702185,0.9610716058066145,2.9134705403724737,0.02738479005407212,4.944489481659141,0.0814723835235949,0.01684506203378358,0.0006948899245048368,0.27570149217109186,0.099817592458312,9.586647712591972,0.0015847543179197299,0.35119121604476483,0.5356362759030739,0.6140562472338568,0.7768062550307945,0.3273706187714563,1.1349607482643769,0.2415635259113822,0.7352450891937983,1.4482114830896549,0.07944201136227697,0.6435169228557017,0.6998290695140877,0.017372913245859337,0.046947521804490126,0.4827965568505663,0.9080640632575327,0.45370729042975805,0.6326886012725267,0.2719269726942072,0.544578841643405,0.632426148121473,0.28734806096304233,0.604487007955486,0.327054884495235,0.17162159255382026,0.20598607777267672,0.2861794106305625,0.49237577308618996,0.4523131008096464,0.6300240212574745,0.09954523510914785,0.154110420398037,0.006197811961195546,0.0010551068681754286,0.6520023460200213,0.004387078195578682,1.9084427739740322,2.0803195398541283,0.9643541767741559,1.231603146840926,0.4651862020192615,0.5835071895774514,0.11463428800499571,0.13332560184881048,0.3972139531591927,0.9695873468644944,0.4641223895287666,0.047275215249270426,1.0778979094330359,0.4964372441926511,0.07964275811987809,0.01845176561263279,0.5738819356546627,0.5369123295059547,0.6285395378045835,0.24746104863624915,0.15861860505021405,10.627879511105252,0.8058774115969871,0.09668874558757383,1.0953721989517489,4.149517755256391,0.21481987856311657,0.11373803160809638,0.2138993321044704,0.15460920062051922,0.004329995816318413,0.6797871223508195,0.5885589555733198,0.019741055942277527,0.32137381843926094,0.1578270846043798,0.17173620197351044,0.019070225262617167,0.7883742271386556,0.17638317529961828,0.7923762493282419,0.137084425533576,1.1068087565723168,0.21331614293558365,1.3411839111387938,0.0958488994203656,0.02923599871165239,9.508291459787928e-05,0.0020851561330078212,0.25427122930411944,0.0004937093050431594,0.09576821615372785,0.09441895136459635,0.47853152117761044,3.9045595295469795,0.01402124167520655,0.6896786051835538,0.3638311865036888,0.003029112172843067,0.08414931015981997,0.044925612455978974,0.005128336482558004,0.07843472087869782,0.8494783823751473,0.12872740221878723,0.1476995344223811,0.02658837536241318,0.3115180648209679,0.12082078710044068,0.04350380672796172,2.2424807694943896,0.2566498667147776,0.16699225368043705,0.299060205658237,0.5783706342653696,0.038598423364923466,0.8887834524957118,0.4839469912826884,63.35202046057796,0.5614699951494565,1.0314684686388609,0.005992243991784127,0.00035333171731939905,0.00047168956801567303,0.5524356270710493,0.43736628450047543,0.8107470802869339,1.5249611533530838,0.20533806020397186,0.7895940704033091,0.9652188723882102,0.34045618400042826,0.0026763779555368694,0.3015470395726777,0.394308963968263,23.597447544525853,0.00790637509561702,0.7369400217816504,0.031545967581674224,0.4639068367102037,0.880864896160738,0.012226850916557171,5.526260452279847,0.06781359522409167,0.01450471886545095,0.05855846167186894,0.18784413893429708,0.2292154039888658,0.13650102717500354,1.0434169067274741,0.44847968431816726,0.1876997821057489,0.17729901230723943,0.39213312390190724,0.11848479288434899,0.7515840937804408,0.21877102388753367,0.03654875113735624,0.4266372996154701,0.2224864152237894,0.14187392724344394,0.5837192075052171,5.7040960310404145,0.04861779707615423,0.26888391088895885,0.8831225588166868,0.7157537263034583,0.4278628241864495,0.7688234183986455,0.7558768229075176,0.6777382163282156,0.6193711194660663,5.583643918384676,0.4668314250373968,1.336630674721622,0.09530195837190755,0.30946655173133836,1.686784325711736,0.11869345989298405,18.88726219233556,1.1379951113513838,1.1609108364184488,0.1961750108673453,10.607102910532955,0.2463043677420937,0.2003483380661253,0.08149261376262615,0.020011875926859376,0.064837063903663,4.530732672886836,0.036490197682449,5.733209176793987,0.2559473133983914,0.006110628829534133,0.39580650079017543,0.07185127351574136,1.0805278507140126,0.5741145952048919,0.16306952120609775,0.533780737709108,1.299518013844934,5.158146647816009,1.7779986733619788,0.7064346613555093,0.8925372223527613,0.21987574211924316,0.3352916417211885,0.34553365206851844,0.04436172647324808,37.317442055842186,0.031407372835441275,0.13634664444138975,0.8055111113558633,0.0704466528950785,1.4930157515243723,0.2006414753989765,0.6548817488180756,0.40660770251798983,4.776331210985221,0.8915789806162526,0.48818311809140696,0.011346214002494814,0.19998409277425563,0.4924046396252299,0.09322244474096765,0.3103978294925883,0.45528494760143834,0.7525808115534348,0.3066578303439141,0.7786974022346282,0.2440893813246401,1.019416801565013,0.41095076071468983,0.0370366022072317,0.0022218129015253133,0.37100031315308674,0.6579658554170214,0.3206353107052252,0.03819269292377906,0.8569860191375982,0.28361777712510505,1.7459149631892115,0.22254859638335966,1.1375970661048331,0.7467723834868282,8.952294457867486,0.00041107813148636715,0.010345396663841452,0.6213414447195535,0.2818157522947595,1.3214733822799978,0.4762792385457195,0.1304069422645134,1.4596824100533796,0.3760953742634654,0.2475502427346423,43.42707715304034,0.4883257758328514,0.06148276706433206,0.224688457211358,0.028441892882678697,0.5126054162905704,1.6881424735686799,0.9309327429002224,0.4675775327670437,0.4508211770574127,0.7875451043935809,0.1292211081916825,0.9677586542089255,0.040884030596671714,0.9397488963421382,0.5370174457370444,0.15812437494427445,0.6717256408100285,0.6208639720407557,0.23981305454066937,0.008872998901887679,0.04074823667048045,0.0003085253474385497,0.15117626524160307,0.08104623698365919,0.8699040892803684,0.3147438934035975,0.031095556674295373,0.2490744078152034,0.46090220537640886,1.0910359172723416,0.1993328192836836,0.49827883327620465,0.6984347567076373,0.5213387707805102,0.4364257752407207,0.023156321132008263,0.1273076042003901,2.8458353538031364e-05,57.42050911965677,0.8917475173616186,0.10725326008623984,0.4287309488062964,0.7359617523732197,0.22255719842857774,0.5090080983298578,0.1695170257503749,0.5478024704632091,0.65563472919544,0.0395912830970382,1.2339564346293628,0.18421880854813602,0.5060355553056051,2.719874858384411,0.26844240682680803,0.7462730611765318,0.4689552865571184,0.001695282832392969,1.0987398237993746,0.44485049263938975,0.14045913345821479,0.5384070753225625,0.2677463402000261,0.10972397812637515,0.26144792467965905,3.0009517037436417,0.19643347850465984,2.276451681601535e-05,1.3482389876334286,0.24071698921981924,0.4629005314716452,0.049702393526477255,2.949400525732689,0.03406729088146587,0.12420386137799547,0.0012664731701621744,0.25261468395781816,0.1721211574195419,0.3424777203899173,0.09255999765604819,0.07103199278747378,0.00021983930734875045,0.2916042367722979,0.0028806698814076393,0.005420123369450072,0.00015713281383487925,6.6144426283226165,0.1413183966398447,2.244064202577626e-05,0.005481830105605635,0.057608062434701936,0.27273347249734403,0.2079582263757963,0.20161641858096666,0.48060499229698206,0.2005423205850413,0.032925145506147405,0.029880653064195645,0.1165048659200406,0.002137379137799694,0.060255200263181916,0.006046469471046815,0.09951134463012135,0.6950240540169376,0.7314964888553702,0.09929364490651571,0.2391922599660914,0.5393594268217576,0.5310790810310253,0.5143360069449912,0.24773885320327754,1.2575012641473828,0.02151932725949958,0.02017224778651603,1.906676724395443,0.10864664816323835,0.16909375575500826,1.0077396316988343,0.27582036989697173,0.008564025713471384,0.09498369987722394,0.28327896702545935,1.1504435249847365,1.2251153516341293,1.3586644488656088,0.6563473892577852,0.08781825386106563,0.4984264472343092,1.040987551036426,0.04404106914905523,0.05370183511935102,0.47262017214253993,0.42821572664155794,0.6374350100165918,0.5476757594464179,0.6920174780755276,0.013647751540896973,0.48803328136987806,1.4399040639651919,0.040324728763369455,0.01438679585646638,0.5723874611754035,0.9749309283486972,4.898070465787322,0.6984684506282043,0.04187233615917006,0.4869293555834087,0.012013740154518771,0.10056207564020121,0.22689857898117974,0.6597120198816264,0.02550410219933489,0.4424285821436706,0.03403388556136096,0.853206653222015,0.20588912952516875,0.1999074201524225,0.40850912723044647,0.36477826501414434,0.8436940684326355,0.051544280244701465,0.5984655364509974,7.112300040418094e-05,0.0002449647456802534,0.7973373442541483,0.3807051430310509,0.7546078991735159,0.23574926892148704,0.6724688071526578,0.3763769949104337,0.8601964060241808,0.582859941874865,0.6289384031985408,0.0014407373785616327,0.007418822492166223,0.5572773560774225,0.6245382698215359,0.3258678224389296,4.871872459080633e-05,0.3097170203942367,0.024022411980290804,0.01586827045962461,0.039695176553416776,0.155570582127692,0.0003109334927073956,0.5438411401379956,3.550033024770574,0.4145646583623115,2.1267340365929437,0.21214633817513842,0.2743480508800296,0.2167192226612793,1.2639847273567992,0.003980570911180878,0.08784281433942541,0.44316589562348885,1.0195672114743157,0.365102819057767,0.09604658413275073,0.04073084136950346,3.780840364075426,1.1123273573008468,0.03400815140630432,0.4342107128608762,0.36217033581136354,0.0850348837138596,0.27156925415032535,0.2213187285248285,0.06015631119662874,0.1313670538379583,0.17893821374545107,0.3459662519688164,0.23246554086442348,0.5930536932516023,0.10507157980381084,0.6999648155617804,0.24989610110821073,0.5191500944699643,0.12442363702730765,0.3837587970424467,0.3101000832780645,2.1551263732080024,0.17067278631000196,0.13104976693777398,0.20558072001153863,0.2587815458795126,0.6673481918556212,0.2732372881828663,0.6513645266868471,0.4503616324410704,0.47098619357132104,15.592179785019653,0.2174008705539407,0.25496475582163375,0.1590907202924057,0.03139132005018135,0.1816818730050243,0.05691244572268328,0.11050689626766004,0.47955554527357264,0.12234899899674577,0.0980454743529398,0.1541246483327856,4.66712799146727,0.8195180170753732,0.12534549594918556,0.3131833719512832,0.02113532458630603,0.03703469042172894,0.6451262640758386,1.5949129942868807,0.14704127809126186,1.0030393773063762,0.15446694262646918,0.6655590105312897,0.34167366345855166,0.7683990227675465,0.7881394173300458,0.12122102571848815,0.8169777610744214,0.136923199711827,0.24959996786371305,0.534842932560537,0.4782429882531609,0.09116909543983921,0.07377595926291863,0.24037121803845288,1.1925848907474907,3.9323604366658365,0.32054078991365925,0.5654848473982611,0.0013111978470313431,0.07647459943321337,0.6031752416289917,0.5475776178692583,0.01032104222568116,0.0012177098680777468,0.5341063627046599,6.684185984527074,0.4343416745412086,0.5051854790697999,0.40347927305916703,0.3290347671857285,0.5053941807196077,0.7612957979422225,0.523747136881111,1.7341048660850316,0.46982778446153084,0.8788580862832486,0.05301538692628205,0.14505725023099778,0.22497702878850803,0.07321178850713136,0.7115126015230386,0.8128002830290847,0.3842744976553522,0.18717884149121525,0.431555669216001,0.363179916264058,0.8468089790166112,0.6242431477025469,0.0008716040888177109,0.5076625737813593,0.8635160476274261,0.9056696064493217,0.49822378146775415,0.5302731237995522,0.1608496647165267,0.6026790982336494,0.34078364290895624,1.0668256851342877,0.042714873358986036,0.5755015394769519,0.014745495547161563,0.30193030821508565,1.0024178369163477,0.47423025458068113,0.36185176374942296,0.3441391856032687,1.2757077218036879,0.5682260561058212,0.01388597383162325,9.39756739467269,2.364900855265146,1.0513872802940798,0.4775931585008362,0.5907159202372301,0.6031795874510981,0.6417458920485263,0.6213395433684601,0.7256333353649078,0.3986753671657258,0.048891641243667794,0.2030876593549735,0.5663678044291182,0.8750693517827924,1.4801985379399552,0.015891116754664137,0.3407570696855892,0.0036517433181429094,0.20737648727525737,1.4030881729478233,0.6478414148565363,10.727676838511572,0.41437111485991796,3.686451141204041,0.3894763445122051,1.761111036374756,0.4251171654015204,0.6094146998763329,0.6694566081787657,0.0007115184942037436,0.015484885530154674,1.2142117106106767,0.6049495327566881,0.2552023522194986,0.45874488229747634,0.2859309510840693,0.5267211119392261,0.6864273782233583,1.115509517452342,0.32628555610128646,0.4963592067660601,0.39150982172145116,0.18442984726672917,0.040135686714831476,0.15399649222203068,0.048549075789016516,0.025372329105085068,0.5943458982376895,0.9893561081408212,0.003257787002738593,1.1226849874633664,0.8772666566301657,0.7706635111282882,0.48959779235579365,0.544842258848136,0.09279102707285258,1.459299421507717,0.5998070751966982,0.3745952568436063,0.3332515622591461,0.9375041489077097,0.7183904631566475,1.2449999804342227,0.5927468631092023,0.9547107617698626,0.7213264221705427,0.032352261735998394,0.006795498809624423,0.5171313136016585,2.2245689952630765,0.23810229993561735,0.7822905623963735,0.06519354659371586,1.1933744724629234,0.7149036252389501,0.3494729303525866,0.06457424710994866,0.5513589268354877,0.20610615176421,0.016676061174103845,0.028959771644448924,0.8411118455053529,1.5700874945426089,0.7864090696413671,0.3400664620527499,0.12530449365170013,0.8050290510047827,0.004727924060109786,0.37462520794428406,0.4762408599845413,1.1228443370420254,0.9058496719393571,21.812665225889873,0.6124180880607119,0.8426905958284696,0.049222438608677005,0.2989202032960627,1.5236781291323975,0.5194931735756723,0.9313010045117123,0.6865503540859127,0.4510912801761457,0.35813985025874406,1.1097941594327834,0.030685096213367076,0.3012840706119092,0.9515024798159618,0.6815106096801299,0.4071736220213194,0.24777000708567565,0.026333472220558728,0.04798630581845767,0.3886639431028293,0.027503278951001377,0.031601563167640775,0.05561310061305576,2.9535082629322176,1.592753154564906e-06,0.19390985643353298,0.2974129919463652,0.005246062384416518,0.44429624149907626,1.4105129682528137,0.40109117393556143,0.11634757044289494,0.6840875449924771,0.6711373635697914,0.1192249730597986,7.559424822094197,0.8977941930365955,0.02388286737988948,1.0452060084546848,0.0995193736839694,0.8533781237714082,0.3634295368441108,0.49129595704997975,2.8175193816816484,0.08695884800227424,0.00904669589281246,0.26831796202153435,0.33628765901460217,0.08443812063872179,1.7191007852486855,5.849904052974887,0.42442343144355316,0.02123392384571917,0.8638528255357194,0.04026413684332887,0.2980756858111904,0.7783156014822946,0.007299245653017601,0.32402559315461277,0.28318258767099963,0.9331895117437744,0.5825046659051101,4.203552031796918,0.17471395465986447,0.24508809561252487,0.5602516470774337,0.273006375490995,0.004625171104008187,0.37530603726606293,0.3671176793149413,2.3545933971632707,0.6402801493787186,0.17068507054484167,0.1834626897970147,0.5423891950953798,0.027421570272090454,0.013506641796773517,0.22736551129940535,0.24038468283536688,0.13048728216253114,0.020564299417267846,0.1026477881135234,0.023820253591583334,0.3160587219426458,0.3676280786233197,0.022192421510600618,0.04494867837627439,0.059763796072286046,0.8083857208212848,0.056761014623594445,0.22260531149788945,1.0254759045091046,17.79323420794301,0.004018111426939218,0.04383102455341487,0.301332317991575,0.2725114790773177,10.60316634184706,0.4564241146659249,0.10812886078711693,0.3578147687149236,0.2406184245398073,0.0859304216119481,0.33107034542587066,0.19611418828284177,3.7468674615150757e-06,0.6333408988048153,0.5998168578674025,0.9270817396570722,0.020520254290699896,0.19472414286795078,0.14920218812670122,0.27430084543422517,0.3045227418695501,0.34172157330681036,3.1564154243618927,3.654610978868415,19.035788667336135,0.3043317327959508,0.5379881484064093,6.2656382693596845e-06,0.03252021661638811,0.04147302544163924,12.175112250055527,0.6873407172122542,1.4938813335766712,1.1183130221276858,1.516950759563437,0.5689666737607649,0.5176464452835373,0.053364481481433475,0.3716365923508738,0.08053975115347171,0.42643372176710065,0.02447013739232399,0.03349672291059247,0.48224580611494233,0.3931999051400549,0.45575954797291895,0.5391111012974293,0.01110938910602109,0.05037942180381864,0.8727546806664841,0.07800190424169694,0.18214507656169263,0.6288209642764847,0.7443667419884452,0.004364369479129746,0.2577869843234062,3.461842805487741,0.05270256362271252,1.0361486348742248,0.06290034245500872,0.08942723040586391,0.00823581559186381,0.22194420889922084,0.43288076780424517,0.0005014728747949326,1.7117820973953508,0.016968526986304508,4.333631580616439,0.07182001454861119,0.05878252230498831,0.11403440651364065,0.15322914284928038,0.8214193128638323,0.03101525010305222,0.46722137734098523,0.6201982830274331,0.2983651279145161,0.05301616220446005,0.0845295695073088,0.5994275499090631,0.45977975275914434,0.08041155835675526,4.9797484173141403e-05,0.011803078739146327,0.4380472537692339,0.022109408122608094,0.4503925100739747,0.13589693685043522,0.3227871615232045,0.002158955713318937,0.7121486264522295,0.45232105070635825,0.7018051937141745,0.8540026862034832,0.14892302309892658,0.04887436437737125,0.033780846837639066,0.2521517078938582,0.42793305151037725,0.48087686952694236,1.1178017597994454,0.288347977355669,0.776129776147933,0.8048932508186198,0.4433165963976609,0.09693827473260518,0.6057032793645202,0.07017782520360329,0.0004088204861162187,0.5012185828702143,0.10970924879172418,6.192784494950466,0.28898173065070865,0.021505680412084904,0.13665259243121014,3.803643591999731,0.391053068585541,1.2187676235374423,0.9070215204963973,0.43621521859797013,0.7767576735431116,0.543014287796077,1.1003551386142858,0.21395643304610978,0.43870421913947094,0.012197933966664557,0.09834234997275708,0.0404814744888407,0.7660968434602633,0.4429738744592375,0.0807344676974101,0.10802377655450676,0.3738933172469659,0.001256607755956796,0.5799108578916663,0.11728895138677096,0.5429927202076813,1.8617829826845422,0.37260814496434846,0.2439687258050199,0.31472508641371194,0.37739203298208135,0.5951294671428415,0.36209382982808797,1.052185150232287,2.6024875502481897,0.1626145724915302,0.7870644662640613,0.45731459683934095,0.3574955622642316,0.5006456100249436,0.5087953108456854,0.03767476756416587,1.640209385588206,0.32138912025140887,0.4974675761647156,0.5729829305674228,0.4392686007432502,0.7443793868026143,0.009391087065740503,0.039166256217131254,0.0017753763461161355,0.2938153318466745,0.060091152986528805,0.8661989440467912,0.008605973530147588,0.27748933631201417,0.005147312275656886,0.013990598050840925,0.6489034848517159,0.6532415151123209,1.3524543611747983,0.15528449140271558,1.6701817500770215,0.038808441467059876,0.022239001700740963,0.07938759584955232,0.1447941815261938,0.07332983986404935,0.38035423316456785,0.24878512124483684,0.5658849269847023,0.5280759352812967,0.06490622517906992,0.7351895543902871,1.0647637830584418,0.06507884843370351,0.6210923073984469,0.24381207881505226,0.45996027933140315,0.08248342924041287,0.49411660279095,1.025429945554374,0.591636416048764,1.4328830264753802,0.33795553362961644,0.002587387200932243,1.1118284951826005,0.0005175518177607369,0.36117617560645326,0.6479002275560316,0.022561598653843943,0.44667780052609274,0.1039780294274011,0.07877372609799337,0.47456951993747076,0.5345514512385401,0.17353997297327434,0.4304417116011076,0.011950321653990667,0.3021647154205331,0.15433269787437243,1.3021375281842111,0.815716782534565,1.1562377703403468,0.8583789142416504,0.7654244791547185,0.6451542371746128,0.24680128057386558,0.04323808444919881,0.5342518122069424,0.8591492372966695,0.5942943429802446,0.49699284368932456,0.42743970432295664,0.12936031153473973,0.23117966201736467,0.7118161149572722,0.7133812601504256,0.004504514109945244,0.0766834880091986,0.8322151095526582,0.09690078145231108,0.3625943763317471,0.11346109593874681,1.4304063073726754,0.006753753054974071,0.5486136623470818,0.7261414858348201,0.624756565277569,0.36156020018898305,0.10670487767336304,0.7352487904493122,0.3666241046776309,1.036824178906658,0.07262467856285801,1.0176729181535322,0.5684574663229596,8.011983394254463,0.17257982758427345,0.35815343718352877,0.5433052977012864,0.12284887457500454,0.06585428150501207,0.5081248192517004,0.7675890718261097,0.0005779214290526269,0.0011033109808746282,0.6981863552283878,0.0013309860823260628,0.14543254567359903,0.5690133757041886,0.8543457632460587,0.335790376456043,0.39393024992208947,0.03357666163675973,0.5937490341938066,0.4135302282395816,10.300637223364173,0.1559073854911484,0.18221059984301244,0.7778199742933068,0.03058046657553914,0.5093186799841875,0.004259177637691902,0.01486250163900636,0.29288373184103184,0.16779321497472816,0.9322803189527819,0.05657155999891927,0.3011682034937485,0.1793515771909679,1.0204982469923394,0.1008618585462528,0.6037446441013364,0.11170488552180194,0.42722632784809184,0.32651709392875417,0.40484828982316295,0.15591754081327916,0.21616942515839305,0.3332149561942826,0.7803235078622995,0.0013532663967983148,0.3248181695318763,0.10911450230258063,4.116056153950795,0.37623656582237747,2.3531425445625036,0.09854081885828567,0.0011745000172233926,0.3420595896857857,0.1912475611890315,1.51400353435219,1.7757755847539045,0.6830909496136732,6.4789150367855575,7.032185733727985,0.0020636120672738504,0.060318501285703076,0.13723344681638314,0.00621617057441285,0.5560821903567688,0.09259460129234494,0.3043204788037268,0.09934571242102551,0.4547539503773522,0.3418535858354453,0.3605175888790066,0.6453170631340679,0.6596688823580367,0.4698658366306682,0.0001867748507448315,1.2047250100086278,0.5753619171877256,2.013414841143373,0.4357694727607477,0.6320676125927511,1.8267574033595035,0.5979312814554983,0.25318823912769656,0.032224627203578736,0.5005177676099906,0.014149880419919703,0.3323785713561126,0.17595203289858735,5.766302927554606,0.6990678196394923,0.0753922060147263,1.331251068076362,0.45364594535308606,0.2586794441680999,1.0048377255809495,0.3082528957289688,0.056442577470161,0.0276658482244006,1.6306056952533194,1.9454129402362963,0.6118874425320362,0.2486710606107259,0.6852373692292073,1.3887016839087072,0.03954771250872667,0.8854230197765715,1.2985350994415599,0.07972082072303975,0.04094671760867672,0.007106888277354636,1.0451587550713202,0.8635113534165748,0.8111101226834736,1.0324588945464137,0.6104511638376191,0.8331200572973886,0.2646891064605252,0.4360882195073089,0.7331955229741983,0.9103919807408226,0.026507285845620256,0.11741996761987339,0.9018594357996466,0.7884930607859493,0.39263711773466986,0.8104191668536107,0.8839484401260875,0.2865641029349687,3.291058923642358,0.0035362535053228873,0.004155031593798186,0.042804574059398005,0.020878808623337252,1.4344329002415435,0.017288389350122887,0.3887890149761301,0.18898887318253432,0.00012675501785642282,0.3757469468520586,0.034871597344657015,0.5724350536891966,0.017325729181378754,0.10606159836136672,0.515667500296776,0.4639094355273835,0.7859467567482967,0.041184738068945036,0.488923050740699,0.5906395252245601,0.37386805887526947,0.0018407658491275643,0.8055802019533752,0.2887321029828554,1.3922438161163442,0.3068335831210368,0.3498566141196732,0.003412919862754435,0.44050061487531134,0.012176069282956257,0.23344791616875404,0.5066566304576416,0.586972906953574,0.12302257962243,1.0244891690030198,0.2404382515412368,0.5819993908495503,0.12135548749707485,0.4527349546977985,0.3320089465399143,0.13731373702753796,0.11595703059054586,0.03260517458332236,0.04279304171175678,0.7920631880579967,0.4556111756951603,0.6280383059972665,0.025501869739407074,0.0010289233744870958,0.9365783337224339,0.7956779343080846,0.5341498816884542,0.05435187197940497,0.04476349625206868,0.12044730648254172,0.519872091742831,4.537529369492163,0.6016233394334815,0.9848197137306381,1.1185508742838437,0.2069774483659853,0.37452476198779666,0.41467439012789087,1.3018264615866708,0.4558580341841217,0.10543827144279129,0.043059424861039815,0.2214222061163407,0.2586511450330223,4.393433660939731,0.017797513305718233,0.19958995535208632,0.13323492484055002,0.7458502417059597,0.5312851250236801,1.1974002318136885,0.8036724920228259,0.07363483786816498,0.6847481702784832,0.016640972247031607,0.00349445842268104,0.05532920907377364,0.3869129660089264,0.4655775310204365,0.497297250598581,0.17801119427574766,0.06781395503453562,3.417070840697951,0.02782556762332464,0.6687185790028776,0.004453370082146555,0.06083802879253543,0.19088147828593333,1.441213901408005,0.6693503827428222,0.14741535171955947,0.3560574571009461,0.03959370831741746,0.0484996259813534,0.1090084156713924,0.785322108393796,0.0180051781958818,0.026995957739324398,0.5213174285414504,0.0030281464258937285,0.6380750814338829,0.30097039646781026,0.18699157205907385,0.1080383856773627,0.003918745153807221,0.3425766062875918,0.8933870003579649,0.3072753286334249,0.6921608298788696,0.0962317011389389,0.0486258337144308,3.2480320386620423,0.19896729082348696,0.3140950867827363,0.47881301799414056,0.35123643661249154,0.012348010092639182,1.150075637268981,0.5020268659259216,0.21180973823197718,0.09946668866028509,0.7004700722981969,7.187066293632614,0.638683576452027,0.3072152933430221,0.339170412691011,0.6401822098258017,0.6466455556632514,1.3341984085636172,0.053139674824198097,0.2615715226069709,0.3140021096351112,0.31700440564982496,0.9590392543552616,0.23251778934088754,0.5724586629584553,0.34185331452430817,0.6616549296963049,0.1444147785543524,1.09176239850489,0.6265270723455721,0.24477230244192946,0.28248159714626453,0.22036441841787072,0.320181168655329,0.0582607296952225,1.075097103392104,0.0157486596919534,0.13333970548633636,0.4046043753783183,0.5612979845303891,0.6875722895630622,0.2079024947427522,0.3121575732978422,0.09320041232550562,0.15726075458073951,2.1573182638465696,0.08702882421629178,11.180331873888198,1.0420111733223543,1.0172515386445184,0.16803411317206435,1.1748966368938019,0.7252130313798544,0.054743545462194405,2.0662260877963012,0.08119828541330441,0.940765982269649,1.5543732323647352,0.169631196786985,0.3687353395121876,0.5763301863345035,0.3241687286774062,0.4271079180376318,0.183609549543541,0.10031832056143897,1.2343298199136001,0.4439818059393136,0.4165699887239722,0.9869895333313082,0.34839917977321233,0.6624215571477606,0.29262004340582415,1.0443178129894972,0.18133055797450573,1.351372007023583,0.23199237967170522,0.039623957180284296,0.8534408954248394,1.0068080879903303,0.05100101811052938,0.004284358356997448,1.316596531706566,2.0059420084573394,1.6842856933282602,0.19473285579345592,0.03332523143528526,1.3369842707580941,1.2429739012132946e-05,0.9507493273256122,1.0002319213016435,0.02731817648216481,0.6393669937034259,0.21165735339567862,1.1658558235777843,0.526253251851764,0.6838472571973991,1.2883598953770934,0.2677594449260204,0.007959071975400103,0.6067063406710668,0.7677036326787646,3.142818940743034,2.359171946616897,0.31924541314529103,0.01305517079601465,0.5707097628343913,0.010278764292419822,2.106819476105861,1.5438479503567561,0.4611488706710504,0.47910645890587683,0.0019326867385631994,0.9366606561023485,1.095301996404508,0.7684552550454362,0.004335351270798823,0.9885849068630297,1.1607096153329148,4.190836334465766,0.17959178957846528,0.10104225635811101,0.6029828043932441,0.09079042095022731,1.3961084909812895,0.8653297360310777,0.24165074207783988,0.35288624414018815,0.08669783258564669,0.0054480746647974955,0.06324131583379462,4.492343806331572e-05,0.014116598448557335,2.1933190324028575,0.7524038561442836,4.983096984617981,0.00904488314996295,0.11663811894845526,0.4998998148470294,0.009786370517454929,3.184337097682396e-05,0.0006385772299242338,0.0001512302283960158,0.8734150660927018,1.3464218322497037,0.5357173183213192,0.5901699428564068,0.9212603722739212,1.525908721322291,0.5558763179950914,1.1505003519481056,0.06703144671018876,0.2601005117349192,0.3940738534889461,0.0050310263225218175,2.3884298267203703,0.3123965027012719,0.30918048985659635,0.05701094169009346,0.012926001833193762,0.4504346793386714,0.1954057098240134,0.3747351229023909,0.025980676740157478,0.9852597325716154,0.66591853419653,0.48180612105151777,0.35422959441188645,1.2162212780480093,0.8846768571226439,0.12031829986358282,0.7940224301761873,0.15892166374730615,0.7749489236497765,0.2725476821354321,0.5668788914309255,0.14932084450249264,0.16894588732235882,0.17891200567196705,0.05230111816269222,0.316784986439213,0.11412464871461327,0.2608627892943393,2.739239172939954,0.15481053276219697,0.1520911955010864,0.2828592499679298,0.8358373959866998,0.09373694170155543,0.6458546427517626,0.7001071354212481,0.4068675934716371,0.2727003968514715,0.003996028063433782,2.0185556113436767,1.1789444391034276,0.11404822104775023,0.18328219949548558,0.16348406486084302,1.0482684482009668,1.148657055084334,0.29080578453690786,0.2327558422503161,0.559499224770871,1.8472234890998707,0.772974589137059,1.8731512193538538,0.23381152408938918,0.45471979522262335,1.552005806041273,0.4198956749365506,0.4962868786848715,3.9711693786567865,0.4194985493730841,0.4778062309786745,0.39591150718802137,0.9281889889021682,0.777578583003701,0.3240072253607885,0.9004280255575104,0.20425050533499486,0.5279682595287696,0.04507595459438027,0.9776392288952703,0.35801668926139296,0.3080352431438129,0.10194066176014323,0.30310846085493,0.3332855959813133,0.2575427443698973,0.021267332822415146,0.8502858005938924,0.05826208132380335,2.5466709146301016,10.35752713557874,0.026678933201802087,5.291266862339359,0.02454523811573269,0.909782108501539,0.9446048504204717,0.09482691337472725,0.03414109927226197,0.2850840763543825,0.10071963366340593,0.0892999454826876,0.5768615580880987,0.023298505474520104,0.03297539225719966,0.4522074848672042,0.05729304102702143,0.46510932542086914,0.16107052538787342,0.7157036495426695,0.32677596390133606,0.20968661708866404,0.04765887617859281,0.1054225351032961,0.05792605441314706,0.6906225167844189,0.712696740982713,0.03813914947944455,0.05210646678896897,0.0011276198439039795,0.10979576241875609,0.8757275535995948,0.13835655431667723,0.040243435009260635,0.02812494320168575,0.026344410264065914,0.02398277515429219,0.06747610531139359,0.008369590298636953,0.29261631370008606,5.524541410661635,0.7207204297617738,0.22736105890250016,4.6293943954142796,0.4872234983450417,0.6342026692563889,0.7740761921870681,0.3386893322114822,0.5057527623679338,0.24118033064008707,1.0486710382032538,0.012355890339557253,0.5886112875798442,0.1719619030014055,0.2061476645708111,0.041954554227005475,0.0019430136501628129,0.8519388889104441,0.029727989949111373,0.0005939268721213316,0.21996561684469146,0.23452081752965043,0.10079257645681253,0.2580556892885101,0.34808202818360123,1.3728025331848406,0.24884350017858753,0.01419724526937284,0.16827997786649998,0.6967802808420376,0.5103119427236205,0.1415011165381386,0.14720581426377571,6.714854026366112,0.5059188192935934,0.012334841375133628,0.27270448755312143,0.02377809918804777,0.3009634111868449,0.055886298340665726,0.00026012503654324954,0.09417133444176262,0.02879230047266849,0.20354121575601838,0.8898897614655392,0.21899092635982362,0.5991949653512074,0.7210851120810334,0.5701826895007974,0.027540805432231533,0.13868305785154783,0.24140455855750242,0.5642842476134114,0.20041874158003434,0.13373324224535427,0.6591194385516727,2.44732256965824,0.04598775018637292,3.824669797187126,0.3490455398624313,1.0665967542832282,0.16685760834216593,0.09871406530935517,0.19689430455581208,0.010068714664733634,0.07281805878413539,0.3786863932841553,0.194397682601867,0.017175408387090297,4.1453481590270576e-05,0.7532833287485149,0.10925164542477381,0.28130522264628194,0.31154408509793546,1.8012430507100166,0.3131869326658773,0.23070770015042436,0.08034625279599528,0.04781028788835309,0.19878325489459456,0.3414238047886854,0.10618593357553852,0.15925277331539314,0.00850533109895848,0.011427228550970349,0.01747436028151139,0.13900504667020644,0.2252099894282616,0.09024534584661222,0.10791525810876666,0.5551813242736844,0.1077333143656452,0.016575795265169186,0.02124104960561077,0.15028760764297938,0.3037914272460438,1.0338370676472206,0.5029548767272523,0.037839483643275315,0.21588159824386352,0.8384629974775493,2.3957277349437813,0.0017675521146760995,0.06842984677331093,0.054384583946690004,0.2545318196149169,0.11245497461479144,0.02534553936703416,0.033964926499951406,0.16481911733506902,0.04792095991940766,0.525023643461278,0.5254927303861069,0.05077452900523389,0.38946448620791024,0.3218233453177214,1.0974894950399081,0.07353478465546376,0.45452431616171723,0.7019742532642603,0.40372335016458893,0.19759468609874872,0.37562788897324756,0.01658923171728405,0.7336162776651982,0.04042863527567241,1.5081796918377735,0.43164155323003417,0.11523751188845319,0.2746635145022667,6.390780492884555,2.48678519695008,3.284350343553987,1.3299267036805553,0.2628582657813689,0.8443679744487699,0.4605797802958052,0.023892443825284514,0.0048705634945597365,0.13479651949374843,0.44629468800058136,0.2757782173509895,0.0010407954611057237,0.9427723134245232,0.371464151365814,0.9231863297910572,0.5833249215448388,0.0006004309003808656,0.6827685423681809,0.7569572513432826,0.23742755738425428,0.18048277107749788,0.4452254395273582,0.05204761892866857,0.2631273118883842,0.30888879474267517,0.5433418702612131,0.14041330236854657,0.17214892820088742,0.7404997711001692,0.67737733301294,1.1924394245911556,0.00501852462487283,0.19415660850094882,0.5330543233490176,0.8792305822120858,0.9277367303277425,0.5427713096591009,0.2656691041260438,0.7435980487557967,0.09716721855404262,0.834705951648778,0.3930391105218229,0.001958887108729195,0.020174989043963015,0.18243634517525764,0.09544171855231603,0.35160193858626365,0.016963844628019392,0.0394734954068534,0.48381699840056,6.150987370324297,0.008790710702051037,1.5030712660951735,0.55573716730116,0.2015124472183561,0.00019752819533171067,0.4777905167580217,0.381568845582598,0.5555098641180368,0.5500296125346117,0.7613995913146696,0.12969544791648638,0.5863464311839052,1.2148645300758167,0.9021650117025781,0.42396669257054853,0.14833614849838328,0.9577297809523845,0.6216187212251936,0.0005304151641511501,0.30278867984627633,0.622933816403163,0.4096031671201628,0.31960479115337853,0.9521308903265477,0.8633411471675734,0.5879210873774056,0.10873002383981584,0.2908962046622963,0.0030322131366534878,0.5607366244743895,0.004588161043113794,0.27605936860076685,0.21716614609527524,0.08487827283404714,0.3867422820537476,0.0030685441259255854,0.5857568322329835,0.621980085838203,0.35935645678310235,0.8233241761153053,0.1807333061171772,0.7482060722569212,0.07628989821798324,0.8962541275876302,0.9210861254878853,0.056325540637231865,0.7664425105359411,0.6080818943441605,2.6211162999462077,0.002966720377502644,1.0926319029624099,0.933859527934833,0.8938206102839027,0.6409253665984739,2.7639143802235853,4.555933752646391,0.27858170143318106,0.17306484820934806,0.36858187139725,0.006003775257155819,3.2565715045747754,0.12898327613428376,0.3366454667731859,1.7528640309149923,0.9773917136766771,0.11580276923743489,3.4965147710349957,0.8597103781957611,3.1218492446692863,1.2001030432978725,0.03743871332146079,0.6414167078497943,0.4591900135229109,0.5999714855093609,0.6396613665263069,0.6926657375933047,0.5080485320753169,0.7008618164511227,1.0222114864428504,0.7425563479381502,0.6218625928129417,0.6812753224841784,0.6380252003095838,0.11615491013922206,0.5570242778170319,0.9360430778118264,0.23704166277748726,1.113535127055196,0.14643300511006443,0.016536118999786183,1.818641670702316,0.15278629745518224,1.4609844378855856,0.29708237322998804,0.7497372482961115,2.731458880564062,1.5222416144239814,0.9900249031585533,0.9346914192235722,0.35804573861147904,0.47432053150706943,0.01934637874335176,0.036892404719810104,0.527485018571097,0.5188499726824848,1.3351782195109658,0.24505577625948433,3.1978663992098895,0.012410186384823331,1.9026458626295801,0.016328381515064015,0.30277977710911547,0.02164439712873727,0.03372764864176149,1.1082512026379767,0.6369289665309847,0.4779742314550515,0.1557690571173123,0.029689506053368682,9.898854746010723,0.40541012515200836,1.0597621195923341,0.4387471086918685,0.15790840285091579,0.40629431579774267,0.6293264691215265,0.6168498111011941,0.28293524580597174,0.03009164442373741,0.3420665350618826,0.2169115016353071,1.0760817720519946,0.5905177663665984,0.03235636496101772,0.001047960993309147,0.16510587160551493,0.003181871450858159,0.44166245257558656,0.2335057013486205,0.9024919152469447,0.002603518468346782,0.6145190517257328,0.32090897908133015,0.4347137229587649,7.019994745151627e-05,0.043109169484444744,0.46484034181125844,0.6570336795981999,0.3055374399740917,0.5043093352097758,0.14828073914060624,0.24406584270494122,0.16357915003500134,0.09613208701953072,0.6880738357336643,0.0684538403751041,0.5419743802368723,0.1703079928688515,0.5048198446752744,0.4096580998273583,0.665985858989464,0.4906853957014684,0.670905429212036,0.002748207819839974,0.629913070985506,0.7047202982200342,0.09841763694192278,0.1102465023024865,0.12292913186953612,0.1688387017573799,0.2892852611124217,0.5408144379648263,5.224341855157006,0.8511230505043345,5.47481663795099e-05,0.21228602676872738,0.47932020007811915,0.000132094077584162,0.05603754953293185,0.44315598921160687,0.29722760533219045,0.008446124677134792,0.12418338046857058,0.0031376702604424627,3.6457353760798408,1.9865308042274366,0.051947497100408475,0.0024190526301125837,0.4233309287062497,0.864195335804298,0.281114113882805,0.09659452452710479,9.550645310643481e-05,0.09840283185358618,0.0031414495482591123,0.0685262888853447,0.19491180051194312,0.15274655389968633,0.030055922476551505,1.0511462057070873,0.48880639011918725,0.2510364200260394,0.07325106076757673,0.91933418231496,0.49383302259704276,3.6938117212434105,0.0025134177913819834,0.13154920321003316,1.260212494878059,0.7675946870340646,0.4601740550413028,0.2966910982035044,0.2982290725687969,0.18251170255653426,0.37858198953259925,0.07290211404123148,0.2540837534099374,0.002355848629812953,1.4945130360537646,0.08373532495525395,0.48908532177911573,0.3558470095874315,0.004828144120119598,0.24553787702925844,0.028944850824191223,0.577054826056935,0.0002451051967350254,0.016565738507849006,0.0032473526789586595,0.6665118624086007,0.3015217240594667,1.2023778013060094,0.17402152546985866,0.17296162065637655,0.4259346128067584,0.06465763357641918,0.4022885357018691,0.2045407901902153,0.06269581830824787,0.3346100492196923,0.5112133793000463,0.5889770147517157,0.08313072411223477,0.0668277403215452,0.06981474673935992,0.04975917291011091,0.26375754643325316,0.18508710404086617,0.06222222674956225,0.2884840957032486,0.2323972482061351,0.03654740887440196,0.921638570506172,0.013120679252154507,0.034773357659741815,0.5613538195350157,0.291555658280659,0.46537176049985846,1.1599935058272075,0.14350540102311005,0.20387576035196128,0.0001962762662728875,0.670178846260747,0.12133355083770606,0.026956943768543764,0.04972219143956113,0.04190669484115191,0.3617537821936234,0.021118515310876235,0.07803557364907267,0.08911486646293024,0.09030719009168993,0.023948102789255698,0.04279803144323869,0.07866483147823147,0.16838348077714274,0.44553364013502866,0.09025037869719461,0.5564142025471174,0.06062157763127479,0.07983292990372655,0.09187587176025318,3.8414801976583157,0.21858252648430773,1.597672072609278,0.21920170526087615,2.4369056827427578,0.6065261109653386,0.368053485244578,0.14514294441893588,0.008755175847937937,0.07231874172945195,0.08219065737475144,0.09853436803591781,0.13120639493320452,0.11955315105431623,0.019104882914169022,0.0011774620511022325,0.06256005791674857,0.03754701834808439,0.0639648026159557,0.6309771761908983,0.45546585307154686,0.6378826195025568,0.24781960100611958,0.06086638013865441,1.8048619101244794,0.003364589658904023,0.5263596989869165,0.5266514314281189,0.24273951280578943,0.22969845201800881,0.17341931747652056,0.5459428667807759,0.9904133714897609,0.19541093555682404,0.45098337835410746,0.4970378831868012,4.009961782331006,0.011914289798328537,0.428739569283811,0.5792340717721016,0.4997542085651957,0.015046599920259437,0.004889396900156487,0.006556044019331018,0.9231188182677943,0.03638219165116753,1.9044358407153286,0.19940545810855545,0.2955454008092141,1.5299993525392397,0.1035068181808889,0.2977064370030646,0.5432107577247056,0.8141619774306579,0.5342620620979001,0.4911831322870179,0.26160741730006304,0.5667243246681766,0.15546524803089767,0.1364883417169549,0.9491898306364996,0.24973699453768133,0.4468915965804633,0.2939007249976894,0.2855984876456392,1.0763343897789532,0.4640373668364513,1.0080691915782116,0.8104188880371689,0.36061431724768056,1.2581607611262637,0.04690957530612686,0.6183632015091945,0.4650609561331946,0.013794277221724344,0.020904311973956063,1.1096370236364483,0.12594590192409583,0.25688119840101814,0.33953338558383594,0.5159432181064683,0.15524250017716534,0.40490519298857847,0.24753199221550234,0.02462662533323269,0.6549324201233824,0.39838106631154935,0.0015769905431887161,0.8168689903784602,0.1104992415460693,0.31155846059024156,0.44008148380568257,0.35898307007836383,0.35452166464347945,0.38124418200472654,0.9575374677254603,0.04052181616390543,0.6620585415849101,0.01373828061995287,0.7494331208910099,0.0283603933458431,0.12293709007561354,0.022033492951187384,0.015684694760782648,0.37933765963781474,0.6375815288449512,0.21890008498655694,0.0006398851046592497,0.6276359189665812,0.20239809025407568,0.2905223219324087,0.04250718080968754,0.23770608632484463,0.2300232215995928,0.03513477475440926,0.11869949037491521,0.08835041556544124,0.07803977796093448,0.03582288061130932,0.7797933720750672,0.00019816556313707168,0.6858240101010109,0.0683097046114994,0.009061824104219796,0.004363720350541668,0.06684329515166888,1.8301530915312727,0.06043118233076521,0.08071511850808841,0.20633310114123998,0.08605817690920273,0.6337267519660041,0.20804656172302977,1.2168307426400422,0.011285032120254028,0.3057588599102546,0.6901196347239839,0.19368203350718086,0.050729394636926405,0.012225740927752195,0.004807037571680359,0.7723147232517845,0.20270664854234086,0.26506873814099813,0.2810537792725687,0.0003603552125789394,1.4562899245491663,0.3419859060065187,0.5178574266194763,0.049103481932735386,0.1694019155853466,0.054266240816460184,0.7762787996392688,1.7517144958648019,0.008466440165282021,5.1110422772545186e-05,0.35509139712952714,0.42944344402885387,0.6198799870904887,0.008518387785755357,0.04673361109030293,0.06002913364781758,0.09110421300176717,0.008341139457764839,0.34289427085475577,0.509177996855336,0.21293253162722595,0.0006749021006029652,0.4206962449461301,0.3535089076606657,0.09606684070562156,0.18579580090584039,0.0016332655498466644,2.6717930016709124,1.4938787027881433e-07,0.01474063003567923,0.5164761657097025,0.25742525847962117,0.6872294249614063,0.02649037211608717,0.13169862510820185,0.05118320940174817,0.7800532274696861,0.06904646514575029,0.49669276751460495,4.030395497695092,0.3523980648852739,1.2354975030551727,0.4439147096452224,0.0060120538868446306,10.888448350320594,4.469312602825545,1.6551897354783276,0.32679437077693835,0.07414362928861203,0.13334355814142712,0.5345332175831691,0.10644235122821778,0.09825241149111241,0.0004980833530222957,0.2316959970587626,0.011826518436485212,0.6621435009552624,0.19128407423480448,0.28363717522198034,0.159062438176345,0.3070782864766842,0.3799243427947885,0.026503133624509425,0.11332462366712237,0.3451314982547495,0.0001896059417116688,0.0024787142000928302,0.3993438436165132,0.10619149486653244,0.9078516177566762,0.08397750468388562,0.536626356318479,0.6188618511954775,0.7585112004099109,0.07589809495132592,0.08837484747876673,0.3196521699340202,0.11820809788107625,0.012677606647391527,0.15502482652410515,0.0016038429731982907,0.040038326518629624,0.16564640080180476,0.15003851679956332,0.196127762627108,0.42640096973814307,1.12598148253615,0.18852565743609853,0.07156321340380337,0.10039563377399097,0.4657796981357386,1.3450271281467983,0.7022914417743427,1.399094950339209,0.14551360067431138,13.624062347219354,0.010812428588507417,0.5610084020489983,0.18834434082473983,0.09392966403033899,0.9097273105815047,0.002194932523663112,3.661228210052387,0.31769351452192257,0.36805623393882275,0.11136743476267806,0.40082599988431344,0.01524647721401511,6.1962683793555655,1.4663918623776604,0.7436171645083409,0.14534238640757166,0.15267716120168923,0.28485798347220614,0.7791463651506318,0.1444560307471101,2.5076591932202805,0.30505107861724745,0.7041793602346391,0.29505434380222806,0.1144251315442999,0.48344184265799633,0.06693084502603928,0.22879772775149654,0.093633584633884,0.0185733229552519,5.368204122500483,0.6953786801846381,0.2769163522165103,0.1583896141019044,0.3100055664966926,0.1851146564605201,0.04395187224979125,1.2943558064182286,0.31650830377171574,0.6699590892222935,1.0850049856693675,0.015819650473787573,0.030916202758825582,0.0036298092315589915,0.06586774982412448,0.22759235749710113,0.054901047343437245,3.052531822514688,0.42570894423384575,0.34826010746121494,0.1467940808076942,0.4491687456641792,0.0032925934966464244,0.6236441057654826,0.010092186727891026,0.03512865727716049,0.15181646484206587,0.05294297219415933,0.016127618273260737,4.079372989651832,0.0061339614739922485,5.356870258846047,0.2854411924751018,0.29798689540930406,3.987572765531286,0.15014801801086036,0.05130749628549078,0.32406929955267705,0.0021393403606656913,0.006155270405814751,1.0764325740700134,0.7241736445054638,1.7157518744096005,0.005802937655359918,0.27443405532881016,0.18915305683126557,0.8015693295101058,0.3942165176305992,3.3963045358720994,1.5187678072712296,0.22113000751295775,0.09486593602577577,0.20896298435292346,0.1581335432413904,0.800965657548526,0.017312161972219683,0.027729455229663594,0.10837344721680339,0.9881226897483085,0.06733792736672078,0.5193294598865829,0.2575680408040239,3.304893549768097,0.6698393472848602,1.937627164386016,0.01577424933418594,0.4835279423203881,0.5804303544998569,0.9185848322354166,0.27781990143783575,0.5344297032543811,4.613199128890791,0.4946865771713094,0.00033398119553096947,0.0888138594109678,4.037112044312189,0.23377622849554522,0.5153672102316778,0.0776820924930198,0.16302336414191865,0.9214063136164891,0.18486906365551142,0.22726638660383064,0.03274866005275108,0.9749257220510543,0.0016178895168119812,0.33623491733376903,0.11217348831873425,0.33862731394803913,0.004553525881734409,0.1847205173067884,0.1312340106424964,0.031482688000720835,0.13491801890168664,0.09522654282932645,0.0006205669860137626,0.007727102263897903,0.31732314257115163,0.352697792982411,0.05678012962048407,0.19279270493963202,0.01967893105881911,0.03205410407656123,5.0311940889603175,6.045599249083928,0.2195581043030877,0.12661832955196695,0.3116258201953675,0.0541037862494327,10.938261696199232,1.2578043190029702,0.1390169396618042,0.21601677013042136,0.6301433674818522,0.042881602328732435,0.003923193551056637,0.342010513967012,0.21382615366072166,0.008129861753633479,0.14993029510800202,0.18176717296528094,0.33295936317888464,0.04911553726864707,0.28960700171318415,0.03267699448571906,0.17759951806518678,0.25662808477659427,0.016866436578227152,0.8662827073047925,0.002434150140979283,0.13701924374641447,3.4688295638011444,0.3393540298344237,0.017555524449082188,0.18386170746417124,0.20692106724265666,0.03092903165016566,0.006317933598179705,0.08687826003278826,0.2625856509667075,0.0013650754932664673,0.556566398661146,0.9424687354587792,1.0304325729125284e-06,0.44824872413823635,0.5115978745088048,3.863890524979111,0.8358158888677898,0.8856437523418768,0.12362716597006841,0.3598109531626154,0.023376407838843285,0.010346692264987202,0.002667225718937618,0.46780799988342814,0.04268866364127782,0.24874469981838196,0.25343493607956236,0.14094555743027545,0.022901564926268814,0.010299479001448824,0.39044081761708394,0.13009019515650952,0.2589272264648857,0.07667200509120016,0.2720467687606701,0.3555492166645979,0.36857979003323893,0.19878886616370794,8.118919022488397e-05,0.29669452821105535,0.11085958980204057,0.1303504380399201,0.009998675755912838,0.037639719036031645,0.9716020579383216,0.45655039897508093,0.19274303346639315,0.7153973314982766,1.416728189063377,0.0020047021043734393,0.05240901783775308,1.5628438693356461,0.03974070099275453,0.014856462523440445,1.0835412481564974,0.6283355538546485,0.02619902147144291,0.1674129629304055,0.6310997825098911,0.04029955954969303,2.4730742951469553,0.12325250032351402,1.3199547662238467,0.012167268539090285,0.23319189945712177,0.19953015245948968,0.7399510474270403,0.002628612568389462,0.019393189479394148,0.5898632280456626,0.0027391327680162314,0.6062133534561468,0.2923372348105924,0.5042318069824212,0.3957680723907522,0.422540627371582,0.5182319190142118,0.8199683660830187,0.06797050481128056,0.376720780138821,0.5695055622865811,0.04178965675777524,0.13602129785139946,0.020968388425488056,0.011974275387304167,0.23640007822179732,0.008718106580004365,0.006718236558220787,0.7884475241849908,0.007756945842894621,0.10264240732978544,0.0027607203486683177,0.3939843713428411,6.471004757520905e-05,7.037149779439472,0.1838540842854967,0.07720586108786394,8.052868105854397,0.2880448039103275,0.027475880916363035,0.10555521613590264,1.649610248934377,0.14567009679924095,5.104974901263305,0.42878349871536287,0.1970802622995722,0.1396622528327498,0.5873891154894495,7.986565940702568e-05,0.43370602810717385,0.4692085943717101,0.33866201574510163,0.1023268615739117,0.32618359299539895,0.05021196249167891,0.17063029014531744,0.7601828835823181,0.8867259873230868,0.7625847663036319,0.15874084128234542,3.5094670259180196,0.3636302573272349,0.2420053388198836,0.05226680997337469,0.006023473224571958,0.08653310507728813,0.4213400704834359,0.19053393945465874,0.7642641518707729,0.5203996558992202,0.16254733649038244,0.04537628782328713,0.7889728853929134,0.08040557622392065,0.1604816077471717,0.035348762976320114,0.008428579421321634,0.4502478285917786,0.9299580309863414,0.08509520883158274,0.07006584300659674,0.04221435501548106,0.12739966536378705,0.13171410097823158,0.6411295903136455,2.8309342687916614,0.3539506648511609,0.22749551510194765,3.045882740948758,0.13176873505299808,0.08970346776025774,0.3250949779743346,0.008151244992534662,0.29720906619425386,0.6838183785172466,0.2590585582223591,0.236087270726626,0.21461970104078348,0.09042775889000353,0.014156749004637531,0.4540625125815359,0.1496401705007532,1.5817607028668015,0.18146999037153308,0.4720584031051604,0.1835610001584706,0.001205899815211718,0.4728933975041565,0.04359573065016561,0.20101521733597405,0.028005021120293832,0.003859143512977743,0.8065789445142144,0.10510969820171562,1.102822476354802,0.07516367659485552,0.17826046197841544,0.24627474427701046,0.20262212899157636,0.02123844204814138,0.0023276976626394846,0.33723567660826825,1.697148143793613,0.2912443332309563,0.41179272611303397,0.10153814156600446,0.07334886614099063,0.7274186028135765,0.7465990148508497,0.4212395593198684,0.3398670048160939,0.7364253021262805,0.0002359890800211624,0.16130017656684942,0.25279779640119676,0.24838215578944148,0.07560379046929307,0.6910505945659143,0.338332489487555,0.42185807604708325,0.0912202713651137,0.6550448600537275,0.19395419913562778,1.551366409103795,0.6201202390102101,0.003931172877276455,0.08493447286573683,0.34638944105724295,0.11452241221476951,0.0060823480165209005,0.0009111113440646817,0.00905977330121771,0.4512531120708792,0.08155880269664297,0.2975204540028503,0.09614468701048229,0.04719142385823283,0.4806747524713825,1.9528478628908577,0.1927170507099338,0.05507255197195346,0.05853041176821157,0.1731365711807075,0.041221979297252645,0.21984054235742873,0.2896746072343976,0.0341997402732429,0.0008095484249430503,6.953884227549308e-09,0.007655913782928439,0.275143505538792,0.10257796261933237,0.005472961250382491,0.04855748180406784,0.7706334978958695,0.0233051494812328,0.007878265165968654,1.800970511601044,0.470633535346131,0.22857687642999955,0.1863640692898459,4.671287490243344,1.2601430769796484,0.06858871186400588,0.21178732620572788,0.3949016621189309,0.11036161000749081,0.3808578903775006,0.06939761808292046,0.4002334374231044,0.14930650615491348,1.0183532966510873,0.3760951500289633,0.1021428733604539,0.0003335970432636351,0.06335651372049819,0.3239150240790704,0.050884298233060725,0.016124476921567037,0.0192697749461628,0.44645337615679703,0.3254399109727407,0.14126017426062998,0.11257611898463313,4.514409716170759,0.09710451813268645,0.1204124139434484,0.5683300952686049,0.022324734017301926,0.11361079215487714,0.00047746094646215867,0.1678607636287939,0.26287998382035216,0.11418000388742743,0.2208110231198938,9.708299077904089,2.43182492186956,0.00024255638430816813,0.09128289057323676,0.03842929473749811,0.11596311436506328,0.26484294586647555,5.927957479528809,0.19313558372675724,0.12289065017699656,0.015828826356853922,1.987304909562742,0.3885732069849229,0.5589798160051034,0.11051398990885933,3.074824229807081,0.07290424130978808,0.0012543913477935326,5.746455136698566,0.09354928396352238,0.005139548144791609,0.3392395414531581,0.1051859132048387,0.15379769390274076,1.4541270394523382,0.0017190711982625227,0.5222408687521142,0.0633639591996436,0.05823764330106195,2.3658628711784795,0.3441080842920463,0.4529187302971401,0.6121705267561611,0.030226878529617935,0.7090608880360237,0.6058270694001637,0.06448386848339649,0.11887165419689191,0.9120823494289333,0.6362399496532563,0.07796044085687273,0.8643140782992089,0.001200623613260265,6.635130266060634,0.33034364243550207,0.13425555158315194,0.34845510066888163,0.28171984877969847,2.9721862777855734,0.09940188393837658,0.07081975013863402,0.10454428385599494,0.058557830875864525,0.6125571731326551,0.5411706970067206,0.00016200023727692134,0.14694485216430153,0.37600259268348746,0.28514813615420215,0.014527494989307844,0.8616078068891551,1.025447038422642,0.2928984953679177,5.101023674151884e-05,0.0875577537543934,0.09629067644634703,0.10340748968834719,0.05690193964104687,0.17707673300003987,0.5189432724442493,7.709147985101862,0.12257819918301645,0.11350670367846588,0.29460116211586135,0.15993792768070064,0.1796131538941272,0.5515767246353006,0.01698510315901452,0.001563865124573227,0.05510307837411912,0.47688284617871707,1.2153843410135883,0.19539438807902482,0.4745529118190132,0.26835735979821246,0.1493190337187149,0.801722317680848,0.41496541094774303,0.4565140196462702,0.11091260568705325,1.4798005417669733,0.15913215928773158,0.28369008035475624,0.5993160344375309,0.06614282082755024,0.04584475372756651,0.21258413024518236,0.8824663425253206,0.000775883708941612,0.7594137752167109,0.20422337746275926,0.32840014785175164,0.04091127321422056,0.552160986848185,0.9397680191655644,0.19588300272398596,0.456811570494633,0.25971770513394027,0.3738448189462272,0.41818131251478613,0.052862721645930505,0.794835988967933,0.26147902188652666,0.800488700266609,0.5289186298984886,0.5822827479550539,0.6531299913389857,3.662269894600361,0.0695662816509843,1.8418278444199927,0.9053880177920516,3.554701999584871,0.07304435979982195,0.02525865924693456,0.017775336138737784,0.1756037911294791,0.12155998111097847,0.05333627659082602,5.580050596392196,0.08348867271539115,0.004337958773483134,0.43289842251230726,0.47150451439524627,1.3989513581027242,0.5354548800562643,0.9702197585122837,0.23323070834375223,0.6224295712519196,0.3313978997602366,0.5219719192519212,1.9668873557261093,0.25594577700604054,1.554599503153905,0.2687644661373949,0.24746195818586406,0.4049280184738041,0.2719197598554419,0.47118253586781583,0.8014319986951612,0.7442929290713335,0.7182131775065556,0.2650576140480242,2.2472266222680455,0.3810431570035558,0.3127027063930365,0.3434370195363258,0.01342170796986527,1.1340765607053291,0.3922349619145679,0.6049274469237038,0.511100274692931,1.3432302050146074,0.7185704756121984,8.64966095436965,4.489125773431724,0.06176589690436446,2.3113242974355206,3.079695345138416,2.558186521580329,0.279623025555886,3.169047388558032,0.4114993513587574,0.21224572936550135,0.33886922264819663,1.9396456021746982,0.4497391486061475,1.163831483687884,0.190727008456098,1.103269816721468,3.92764283382189,1.0425624101082869,0.7373236387139032,0.9434468244392737,2.576801597148444,1.9794333339171355,1.9802723659369432,0.0020239812350758704,0.9922592528734402,0.43719792388934303,0.7757609486088188,0.24398160080450207,0.0922972422467175,0.10733874351789956,0.13861488608321426,0.04475361095162408,0.4592262756296168,0.5375844790078517,0.2459610863519251,0.7672313489101356,0.904097041840816,2.050660357484194,1.1813076394717652,0.7537218647090169,0.03660938857625684,2.635304612510174,0.03453828456511002,1.6700737982380656,0.5487741833975199,0.10706291143723412,0.9187975857167763,0.13860108245950234,0.15675018876856536,1.1883358012780292,1.9659807887604017,0.02797078399993216,0.26070265417260335,0.0040014678026129465,1.1291927033374547,0.15242109582679625,0.42602660004951215,0.001085290256284572,0.3674546043794123,1.4536978929476092,0.38146592295377135,0.1027233712437175,1.4687742559175219,0.7088412829581947,0.7246782772910214,2.3076364197831567,1.7549723516992803,1.1108716425187382,0.13001647306620237,0.6954342895134499,1.0859426585167562,0.7021870332769943,0.003229895868338113,0.07017354524864683,0.31400411195746203,0.14290516429729352,0.030119205693983242,0.00027978505906456363,0.8438071105691554,0.24802018220206962,0.2662888126430828,0.08551479534451129,0.16624424050834313,1.2860594656722293,0.7473112243769721,0.8038716635180657,0.0029037290736600523,0.6262259368081095,0.03289519027850632,0.024689517683496618,0.002809497949318419,0.22544611261280906,0.007158243129164061,0.32497256864125,0.11752222967325575,1.444728556040942,0.2994638385542205,0.2432405791347756,0.6406102721179049,0.018820556686021332,0.6457732798107014,2.8358018939013334,0.2687496469238884,0.4204003840275522,0.7612423391030846,0.3384026326381925,0.8841850542767934,0.7937932103013496,0.0017332836707691641,0.04701456004204663,0.6575280759551412,0.7770292404657828,0.6667752570798335,0.27392229667239476,0.8483624673966813,1.1983823152918467,0.0006339648586322135,0.6520039657698016,1.6433501896649159,0.8072826186059847,0.470936920877538,0.15487956565946723,0.15708033714519293,0.16595316339382987,1.5168840860944115,0.2633233465078178,0.013938515917233925,1.1452335583923559,0.34410429164388695,0.0031522061379157342,3.049479584227228,1.429081749135284,4.601027669853984,1.984020010764086,0.27055763911014025,0.016380308604949646,0.10090321359997093,0.028091300313545717,0.15550668164595666,0.18796285723803488,0.10953290743304296,0.5367637092645045,0.5379086414668385,0.0040795685385792875,0.10797447053029151,0.28034899029588894,0.6603437436903948,1.4000698869429582,0.9190823970497428,1.0683506934059546,1.3561936856644115,0.2982850179433708,0.6422097125708043,1.2035452480220978,0.5990567830560632,0.5157521717366903,0.9765413730803579,1.6128313453126168,0.8348239772217918,0.7827278702738981,0.04418173664398577,0.04117843146732721,0.41403703525758473,0.6141087860135601,0.0038662463638343514,0.5474676020954851,2.3610031707574874,0.9171745635465389,1.3526705922142417,0.8535188465773265,0.037292710890568244,0.15938780096581795,1.0848600380187516,0.853457223049071,0.6783139561834426,0.7024900716524369,1.0671154990394363,0.23213796201836265,0.4729757393548981,1.5212044180041366,1.4234688386578838,1.8895927625641893,0.38616024761947026,0.43973780305374627,1.259644379023386,0.7822006445908392,0.7668366244427347,0.048838077144409374,0.27889559589888474,0.19995085713792246,0.030750290614194754,0.8187422208255495,0.2359648078082657,0.3399112939127425,0.003039236494882268,0.00015641380522242145,0.12189122324140589,0.0765624282062033,0.13322393841114796,0.018636365302056635,0.7271562463287259,0.17834190549243337,0.012393703115776582,0.5698209215288081,0.004892068929579653,1.152256448447082,0.15610884243729373,8.121299568431233,1.3160735162601627,0.6749292427916221,0.20347560530617176,0.47945900439775835,0.5934957563854619,0.12281469913782841,0.4220493278009392,2.262206321874282,0.05102718095736786,0.03241765893043113,0.3776198350671093,0.7439466396573944,0.00011393248874156883,0.13540321795169277,0.5704607346713076,0.7384864843970015,0.07343852607941674,0.1229728047828977,0.02700245638494636,0.49567579416973273,0.4161875807449941,2.726231548953004,0.6018882147214863,0.971097431795731,0.17962845994202764,0.09230287099970454,0.13139041490155315,0.16772288539201224,0.17687288634917903,0.39700111908946834,0.05161318621979406,0.2341410056645902,0.011847813828282686,0.0013855435247116699,0.7063285496581361,0.0088804755244011,0.78515573057178,0.15247929990615355,0.1354040013861449,0.2764882969429304,0.017927020812333595,0.8023473898026992,3.021523305178535,0.11077378826299361,0.2357154676288355,0.6084290408187897,0.23502710842574756,0.17581627108566292,0.8271681967809743,0.20969034168956105,0.04246277451668754,1.7111691261494895,0.16931513001510004,0.06537909807297505,1.0733735004849783,0.2648439579530058,6.585278912092552,5.325307782042328,3.1487450195181697,10.986384803744059,0.21373727948687743,0.9846241891211478,0.6549280363286755,0.4504814912454602,0.08649593760004742,0.5397754288072353,0.006135433706672494,0.00013096008456708964,0.6978438007051307,0.8697610713589737,0.0776420093228205,0.4281272843663254,0.6107188622033008,0.19390458789440768,3.9077060484959856,0.024410657168419905,0.7185281857265772,1.0805474540497193,1.0767538426287615,7.305806866619738e-05,0.8408534057402675,0.04021411624135598,0.020256457669888532,0.03027948441358756,0.09882944424774957,0.6227660444498252,0.0007136478697992991,0.037283661230456226,0.306778289572927,0.3131415557777009,0.27729139461526925,0.30144125502014296,0.01191849480759664,0.182676721451619,0.0741093416268053,0.006445965801234639,0.0005526835897422646,0.015741929834128022,0.34818458822116877,0.3988039999133906,0.00264192315686474,0.011141988794233207,0.5671008435377618,0.0020538473415805626,0.07720590709243147,0.45925457862540475,0.29194512391497834,0.017427769605998907,0.004412434738103852,0.8556067085272085,2.0826816755521222,0.5387018652283201,0.7067926370910296,0.1725081024426011,0.7833939253234077,0.8038069453515018,0.7661310107729288,0.002280688936544714,0.399226035964314,0.06843489779701205,0.5553690977340596,0.29556191811805793,0.3953932042123778,0.0012441657312714286,0.11453423389386665,0.9654030368194263,0.13826195598983482,0.5198714400524167,0.5586335519064974,0.17033551468246363,0.4230975688774926,0.20611268339912223,0.0544251772675949,0.3371967572781651,0.22967418719263075,0.29588829353174373,0.5909132242811187,0.20052130046637603,0.09796533816297612,0.546618736938875,0.24338380621510303,0.8293341575734133,0.20747842543373335,0.6673755043551888,0.2604279130492578,0.06766926538305386,0.044056138554640425,0.18443744110568328,0.1532018223511995,0.1593704620917054,0.3792440475849995,0.0842216908942239,0.0035892809335683158,0.017581737518977514,0.3359752249187875,0.3367569211250293,0.8069722115231321,0.39295081305227486,0.5391672217314217,0.024059562680379495,0.20228132319255926,0.02439532740860859,0.27412031027819606,0.4307063932286117,0.32687848364397115,0.41706713438358334,0.007073011466102537,4.830388322518114,0.23534492264149112,0.6556997487127231,0.046715384829401976,0.09141315368272523,0.010916627364144995,0.1608648430516182,0.02813180963215758,4.4203143100898634e-05,0.5952779057966756,0.194941291770914,0.2893639738689322,0.3123682938720774,0.11970359093712317,3.7255142320796177,0.0005488773681920278,0.19839854334460671,1.1600360861300214,0.3722391204840567,4.3051355590579865,0.01857905674996054,0.2649262137571869,0.6949500458794756,0.9104003430243821,0.3208647176225888,6.94813145685962,0.688005862303981,0.00039719360564660584,0.6409791077734572,0.36103357820143156,0.11094055044968845,0.15073651212519296,0.3267552045914745,0.11422761864919494,0.3879867352905266,0.11343474209406551,0.5508970398207206,0.4743497392626385,0.04134127200732811,0.002042663311264998,0.012017734354397345,0.448201517631555,0.5612018476157533,0.023487866958773126,0.6412320736156136,0.4616990374758562,0.08688130442685099,0.13766627630250103,0.21263844114644556,0.009513923271944127,0.0929862332551889,0.05188340786375058,0.04509594484269368,2.07742627241869,0.3590002554227981,0.697640753568678,0.002362554499886223,0.11884951220688192,1.315392901412408,0.17096045897631792,0.0069912672414868945,0.4597490320532396,5.467494498837899,1.6757861965361713,0.08774907785244122,0.22649434437761176,0.06977413241514073,0.23160941979046776,0.003539007607105169,0.5580787377524481,0.09763331901363156,0.867268610714905,0.08014411395079214,0.13549691492951352,0.02533465698513787,0.4390353758246117,1.0947369739775954,0.0006290554781547862,0.7078410782964815,0.45805732680218664,1.1576422676894047,0.4630025422596043,0.2592116822144398,0.38492904583569226,0.019490843230187415,0.30409896793333885,0.5124871109157834,0.03102439157727571,0.5076638896548293,0.23199175348498483,2.7757974836916604,1.9771243495800337,1.2961418400627962,0.7628148902127199,0.011857454503279196,0.736182129889102,0.0003001015932052819,0.4801254269676609,0.4457653699424338,0.1859608877131799,0.06508250146209249,0.5893995083274743,6.717699821523381,1.4702697031404726,0.5511725107361595,0.48816054953964205,0.36772987701216336,0.018983825833648094,0.23518576917689596,0.8642539232691249,0.8004570349131315,0.1546458436721948,0.5976864057112291,0.0022513023603443864,0.24744888317029773,0.04811804554770298,0.06857623059130302,0.8986490020038668,0.6485581785075836,0.14567033871722618,1.718222239847445,0.09818252832163932,0.2979115769117702,2.8984042621688544,7.262546630892144,0.12725867430424964,0.42583147832413215,1.934424048261253,0.3905229517132789,0.95020781504571,6.256566388433326e-06,1.9248592725940654,0.3362195313010068,4.917869162734563,1.8947568276509836,2.546127027395022,0.4582941194055436,5.390063455584043,0.7828406137649891,0.020908924525087816,0.22550253970134707,6.343416172450317,0.5908149029256352,0.007665033833056099,0.038320986759347676,2.552876791725435,0.3512165343081904,2.3019546478933464,0.20048836838362094,0.10487075431679653,0.8167207968484789,0.09378152149946183,0.0884859292830793,0.2613272912092402,7.467740602608036,0.4153523220356812,0.074308996817409,0.15016678159058552,0.17221182569867247,0.13153254499890776,0.048655348910000715,0.22375959054609476,0.7550361087103838,2.0303023946591603,0.23845215763686245,1.1473971652765922,0.0018647316433116603,0.28363802370391483,0.33937446186205783,0.3280749840701463,0.070210477868583,0.6218915739091749,0.30808291730042114,0.4235483226327508,0.13226810167365308,1.9154389712110662,0.49513529646532595,3.07683567738281,0.7983946176539888,0.3505424590591747,0.013747638809820124,0.6218047355603713,0.9537753658223895,0.012366200764102256,0.2359845040811265,0.3617901925000715,0.6326464789287184,0.12470607515204216,0.6493977827624218,0.08457883746863742,0.09511632732363874,15.098089506515397,0.6007061152281141,0.2586221539678793,0.01587776816120786,0.8141133875632234,3.0721900327992175,0.9051159094093162,0.9368048767959402,0.12270568107269621,0.06343997095601377,0.6440930154082823,0.3236161986324033,3.3578033038432142,0.0027229591528606287,2.5990765254657338,0.29966268901250653,2.2225104796643853,0.6789742197933784,0.08322525433349086,0.1390368995414623,0.4433309409457997,1.1220278307597593,0.048609555801375076,0.43572062063669664,0.966802675972907,0.0011265148481531795,0.9566229326112562,4.412815799173542,1.6798021374566565,2.10772579484557,0.6309666321762724,0.19814979400404287,0.6646591625257057,0.35004901791499243,0.5059522214849128,0.8003956002767454,0.2538092140969018,0.20458686325380376,0.0535741211216067,0.3696986171475665,0.5621008435773701,0.35255572999942747,0.4390794173115222,1.1316966027358322,0.9971345612673819,0.1880791960555082,0.8216556194269453,1.389597731958405,0.13158278270838472,0.9998685659908536,0.770989706229834,0.7769632591024591,0.46479698321918317,1.2662182958467512,0.16335629755349576,0.21349978738000985,0.661821955977121,0.1617133738050451,1.936601823332675,1.1854570317000044,0.05197755839819787,0.12150114949740312,0.5059444351242149,0.3987675664428945,0.3220968699628927,0.11784646555087436,0.6567794298562173,0.16880781228642752,1.5448877632491689,0.1602585139847102,1.8810285831993732,1.572336096123288,0.10034772461902255,1.4896481235130434,0.7033221116926239,0.004901068095739987,0.09368517961453333,0.4410606479806854,0.78649953379358,0.8188389986840673,1.0688354543559486,1.4887892589408742,0.9508879586449648,0.3364343756205274,0.7593786275380657,0.2836087287675166,0.31779096727616984,0.0866177216749542,0.9873745512133865,0.14423091418176678,0.49276230948684024,1.2570688409520814,0.03019127109060816,0.8150902709306787,0.21377649803228888,0.45609367518995525,0.29583237557932246,0.4374252618701347,0.3764863328512316,0.14082163193756,0.9175675496444009,0.6910442463980648,0.4112673528823799,0.028297384531412343,0.788550457722219,0.5458064068088521,1.7293836550996322,3.644283974239233,2.327135539672794,0.10459670129778943,1.0920421431374248,0.33693959346060065,0.02666897898468116,1.146970072363616,0.15733830630625434,10.004688469955324,0.42291749892315367,0.28108827666323266,1.0356387858585723,0.6292789183962676,0.09627099655161392,0.09824551819251853,0.24940528717257596,1.2194893876584025,0.07839241434040002,0.07881243010031756,0.34603723495371913,0.001063931956138923,0.015562079367212687,0.31897153478733464,0.5260062418554179,0.31452625344048146,0.06426636812131402,2.321792136098739,1.5931377699328115,0.16563632531755593,0.46536760171722447,0.1240203326025579,0.003376903947621472,0.17136686209454172,6.524749182776135,0.000525378200816452,0.19758385565094466,0.18700106215358303,0.40703288806333005,0.8766770331294205,0.32290195014192413,0.675628233949235,0.011248671271016177,2.248874275542349,0.9308923168274896,0.03802896468643019,0.06873150144466118,0.04250698644851125,2.394573193863817,0.004241735650684046,0.6227323124750409,0.07369193526414228,0.06700756263818827,0.1804571155039289,0.261173313834305,1.146103389591304,0.8151806992200582,0.13410176440035237,0.5137971489579968,0.4058110668900808,0.007937292335868358,0.9761287801089682,0.4242082460790355,0.35482180001618074,0.40172778707287476,0.1994620966268922,0.01700993666337883,0.10636689936359772,0.5658126537755543,0.396739572468942,0.03094980954699497,0.8985601396415779,0.0031527410162691745,0.4473891301526591,0.7315642841339915,0.42530610025645676,0.12833845564526059,0.08381773934374194,0.38669620124869203,0.027940270068755355,0.05477598211223795,0.41292451783724093,0.3771305903203542,0.1120631522578738,0.004754880351422171,0.14194360939343523,0.4024328352177416,0.06081038695005186,1.1843926694212519,0.04191090792288674,0.2367587423716488,0.49646671867152836,0.03715195613682125,2.0424587786011146,0.18695170536923708,2.7800041864772194,1.0766812720960417,0.12185117031451392,0.6851270329223018,1.8556023235189758,1.3320129121019282,0.16467640282929444,0.22317225013670072,2.5445901568734546,0.08535639356985972,0.6113051639551926,0.5001521796407834,0.08004553095178692,2.959777538648026,0.31861907939189793,0.01521722995153677,0.39845124353612305,8.44716614680235,0.15978754615211738,0.4269563172938022,0.8427909232965406,0.7094849125419072,0.18122344347734842,0.418462387955647,0.018506195974166223,0.005708223951206098,0.7384811113072757,0.47478486346553866,0.3360218807248736,0.03578556037810862,0.012441957806132753,0.0037154381846504093,0.17948578711505,0.5376010111827425,0.21391906868773417,0.03937458500611509,0.2026242406515012,0.36669597571628304,0.3043926057855798,0.08057005880996222,0.07149064708596278,0.01276387798420178,0.050891390937022725,0.798099616035478,0.00876785071238635,0.005377518774033206,0.33346107714670725,0.9659014303194532,0.11430290235876715,0.4188725595385964,0.19386784304281895,0.5765363651668971,0.04251488206042543,0.002891371412810943,3.0505953780653257,0.1872538426636654,0.23946952239103655,0.12269687642355624,0.3118421841692831,0.015339360293012343,0.7150474063335158,0.284089115122223,0.2802899424861121,0.0983026189299696,0.030926573797268913,0.38210098614213106,0.32354340567862905,0.02360089652128551,0.3075815461858892,0.04250720441206521,2.007357429379862,0.0951479969924572,0.3481229629909346,0.0722494685179532,0.7931591456804918,0.6041949326821915,0.502832881534207,0.13811606760988554,0.013806264687681463,0.2465909022090895,0.12522310032899756,0.12130261280723677,0.03181485382119608,0.2269201841135878,0.6804065855217573,6.227583062444343e-07,0.04301046335802687,0.5395340655618858,0.0646044481831395,0.025175590259698403,0.6985348602807471,0.3288611172279486,0.15993557115391585,0.05490354747415371,0.06364539422689384,0.06647077512151467,0.9192584211908146,0.15378874143928684,0.229753438642606,0.24396901943318663,0.33640283139749694,0.41242804153355817,0.6068856741627313,0.3087490598781011,0.0038771934258572016,0.18613682650425015,0.23648073326406474,0.4351162691283478,0.041395108653751976,0.00570410080944943,0.6423658232214703,0.01601986172407772,0.30467662144391894,0.8339715416393291,0.09448489049785005,1.1267008180324123,0.19870131129446175,0.4287413227698351,0.16030871051338944,0.07850636266887628,0.01770064234751139,0.028814564578221086,0.010186537888413357,0.32831238334231144,2.113259789668611,0.2850158185796253,0.017286906916989038,2.1345752253201424,0.016523467671876468,1.4924733461348154,0.14085871432949687,0.010462771225130733,0.599083645520171,0.013513868514759409,0.8851051704014866,0.4586104749935161,0.047356159700982045,0.46354469639322843,0.0005622329343595052,0.06036651511278756,0.41595970970547497,0.3950311585836762,0.7079439138629005,0.004395221123744551,0.821730746467483,0.41764905625845256,0.04936790237901825,0.00022819646758809035,0.34182607748818666,0.0033101871307573893,0.7125563404081848,0.05761194221600041,0.006238996957044262,1.0541514535474796,0.45467387952611055,0.06328980652133732,0.5902031076897631,1.2080603118482127,0.0045188311344685015,0.26263161354230324,1.9012951390306916,0.05624251897408652,2.2578619411520706,0.4068980005454258,2.3292724985228785,0.17832479919241334,0.10116379162082852,0.11119318153424965,0.45468833058174146,0.42695436991584534,0.18733404370162515,0.40468327609081384,12.118647381642107,0.9393386948171888,0.1554025360736936,1.2671740732280667,0.5106008959595808,0.014091809950466019,0.0437961660400895,0.0006498014919282787,0.2512231890598084,0.6665853847161668,0.6242148119686751,0.3746989796474868,0.00021343064259161552,0.21686377394066148,0.020538182279969033,0.05909432933989061,0.572912009319229,0.3197947526849643,0.6384225021448503,0.03049074759795251,0.7937805012526851,0.003739452502430047,0.01186735638553365,0.5558340289897353,0.06994688074453784,0.9037819314286303,0.09654154436301254,0.9992339376662954,0.007393916521287063,0.5108494083932515,0.3316573816143706,0.28319753985704876,0.45809746786301825,1.7627495219764489,0.992746050909071,2.373846349527405,0.34857656722370545,0.3862696043112363,0.3168475908468326,0.07335643925757239,0.7496442832334325,0.032177255305780625,0.49691783665534217,0.22964322124245615,0.29952401092722053,0.39846794352577763,0.8213730265428437,0.4196525442517992,0.3144151332384899,3.6231754807921077,0.20996120566078882,0.4083690704956616,3.764435207531056,3.536606694512205,0.4729429146605773,0.2772055916000342,4.039238356032711,5.613719414265682,6.61914573936086,0.010867092771281055,0.00016451332266875172,0.04659874506250863,0.019921176852273778,0.829978969099786,0.45589978975725437,0.2397860455897033,0.39120780612083395,0.35703054866467737,0.002183887336823811,0.9835477303467045,0.1238472483544424,0.011708808698306225,0.08921038339061314,0.12209984752606651,0.0284732707663248,0.6607629818972951,0.7225005427765213,0.03555669203665228,9.6153185490315,0.1020670224464458,0.6576498514256938,0.29330304230690685,0.0008715731133290073,0.08254859477313617,0.9442073618047491,0.5788959866486614,0.07259599056882722,0.876712885762829,0.3109122733871018,0.3041894853499317,0.018899550281497337,0.03781234888949681,0.012441650546342435,0.8494593799113043,0.020501340094030002,0.004217776637664628,0.2701970489152927,0.07745851365781653,0.000543333955252314,0.15555334742379523,0.00515508648756452,0.08873992990359071,0.364933080262967,0.0950423720778947,0.5955497957901843,0.4307905606030403,0.07232163392324098,0.08706915504686961,0.3456369297228009,0.15366514313768828,0.11590435508629805,0.005367831088533372,0.11621824189252604,4.093095156823364,0.4718408617977732,0.5063011076152312,0.4290231353965854,0.6900123467123818,0.23001622455546664,0.14121624085395967,0.06291641491254822,0.04908295694308077,0.238778222094739,0.22217018108914593,0.10172607030434003,0.03277832857725625,1.9235428370626937,0.14015372542813492,2.7333719216387347,0.08030328103840581,0.6591511660112287,1.4838785619842703,0.19724051109676113,0.10839890126706035,0.05239634786555837,0.0631657209502915,0.0996116627708369,0.08047926085043396,0.017377130846594344,0.0805806369297826,0.4601361811523505,0.15685458933412166,0.12521604711615222,0.17899400460122136,0.010801106175291763,0.43418055681115236,2.747587471857373,2.054574358663159,2.858298147160502,0.02163827957457998,0.1367171953257901,1.57222044961591,1.2386891765166768,0.7530465313005039,0.40154944017868255,1.1646165869719414,0.3150400525444039,0.8879025809771077,0.47386780560888625,1.0822302095350047,2.495888013178716,0.12565461984314918,0.16189404933504353,0.12226059668248648,0.4323715108398966,0.130106648049791,0.007522754209103166,0.16321484616042453,1.4582408485315463,4.845026480828115,0.1979495006464684,0.2072929240575718,0.004296929115765954,0.11417354359090989,5.505927950923331e-05,0.9540544030573402,0.40629006072844925,0.16014112835066358,3.3466974057448486,0.018279623786280653,0.3635850150358031,0.034809627077821655,0.4710466323910844,0.09841468601847683,0.10856075208171999,2.733104703341593,0.046110976196810594,0.20139489661424995,1.9896599650827727,0.3525848649543516,0.6547546481086032,0.4919707532212413,0.8718638205336402,0.19135871534788473,0.038533377509354615,0.06812211195357695,1.9976401115330444,0.2690458021568611,0.4436900610876167,1.124538737763239,0.48719625506547587,1.5921503674750834,3.1795339301200696,0.44988127879137174,0.015333630651426629,0.0964022622674503,0.06254029780974409,0.4815827116116233,0.6394812537472849,0.1919865761798965,0.031087016973118647,0.004621675462003939,0.3464019439078786,0.28850446692085374,1.2539091650943486,0.10178299928597796,0.025322699985898953,0.7769191814675415,0.07862699157823574,0.5121467020732542,0.20702521041945796,0.1120849614275897,0.1856073114902792,0.6310531471471668,0.3895492221760317,0.5789110860675123,0.21671780212057173,0.04454001809803889,0.5144524035961987,0.4000477025134549,0.03517740882989237,0.3646317266652881,0.03462732354685038,0.0026303856338526755,0.3502980433835556,0.5121876495928099,0.04289669053599085,0.5495372572001767,0.681898710568669,0.41065788277345655,0.35795445559026157,0.6159239044504464,0.5562076349147889,0.07893128921362365,0.5073511113515856,0.22552288849839688,1.9246613181445116,0.7912123377918913,0.7202643744804653,6.763729335941512e-05,0.002738575287597606,0.009310275421108736,2.30111168035706,0.2982535857519813,0.01770174444093341,0.3267380080929067,0.00034723443051495445,0.7125268588034813,0.7484554210302251,0.7054418006995972,0.4143460730708682,0.7478000848675943,0.8205607206336826,0.025073635455570665,0.3750467512584488,1.8402754407279003,0.5567028776838518,0.017043126217640557,0.3522859505440056,0.8297566926122556,4.475095588035348,1.9899452622262985,0.425367452082013,0.14046998226135762,9.801829752188862,0.3625229888662125,0.3091788194038767,0.26010296821929185,0.37357315539894725,0.6433350374555661,0.15908854727850139,0.24544022784787517,0.62903088106857,0.9983991362765117,0.5087993868067113,0.9965657397824513,0.04625673864552008,0.4830081322127501,0.007381838429276459,0.9556374524683889,0.015602678790730327,0.16556602679054072,0.0033303818393160736,0.15341629565488804,0.3984722213647635,0.31641790864542685,2.4006808558024337,0.22851634785808572,0.2839897977550587,1.5483459684143808,0.02651718672006102,0.1648825885479067,0.13348565980775276,0.06295523151013019,0.12956870712489257,0.02433156202269935,0.6725391061326725,0.6807292181566439,0.792245001254033,0.5738891583823605,0.3048711123584554,0.07509110938540367,0.303665998014457,0.10397337787531107,0.2171090655434525,0.007797131292477874,0.7372344928752671,0.06058214458526818,0.11496740459102639,2.4648286537878983,0.2510777269097634,0.17094397584957424,0.14013791697868425,0.19524261046206934,0.7784295478108376,3.6506543450635034,0.005150704153376658,7.026314309710026,0.10230757941338203,0.4950480584720275,0.00886769917168004,0.04379547040616325,0.05779746507542076,0.5648793990273684,0.08553427771329755,0.030023512639273477,1.7458304566608434,0.6131687179138235,5.697558956560599,0.23666152979121774,0.5002991069514958,0.2239581504655881,0.025537862721046918,0.4796449756930438,0.09422199225578075,0.3716123079097745,0.02122234907292164,0.0009275943066100866,3.0521043959235623,1.1012048598928363,1.6623074895640135,2.2430207698143674,0.00021472616400634278,0.38921031807478457,0.007424121837913664,0.013138350679771212,0.051024818012323836,0.00036879447030258744,1.765893856937506,0.21146461762845775,0.14878164465682622,0.36601040473567903,0.02921785009109976,0.25253328066645125,0.1254674722366475,0.06710384044165599,0.28593179449451395,0.06979756506032231,0.9960799840287713,0.11687665159086172,0.015479640188707866,0.08760267131334445,0.11283529730490716,0.010871296788542094,0.16266836966861234,0.0052703368134529045,0.25297647502742626,0.0004184244445932936,2.2209956132556177,0.05617565565415604,0.09604844026881482,0.09673215094695366,0.06273602678204342,0.05389675118058175,0.4118627817367187,0.03643895310615772,0.20012642485975313,0.13208472347873987,0.16237633950298708,0.14504658184758823,1.0621388964218531e-05,0.046126788779349545,0.1145177731645929,0.17005106069023648,8.006620967120913,0.436800238910748,0.11733750515715223,11.431113519960073,0.06249994812541301,0.05010320241865008,2.8086880318566676,6.973764168641884,0.10013129077206882,0.06578966147886145,0.49146802582002797,0.6318117581585219,2.1694610398263694,1.9687764307884397,0.06624184049502946,0.0018161102907328914,0.08565030341336788,1.1761916986206493,0.04297914695419003,0.05296923477311379,1.0429038801386141,0.48493743597358874,0.21862887976821932,0.1146619214521652,0.16249578050067112,0.20228854935664187,0.0005003581975082539,0.036576895959149355,1.7017892030393516,0.07467384753279556,0.025974249335153198,0.0796031576135777,0.12542282917978323,0.1562797973590876,0.00045243632691271556,0.15581000811716117,0.43269747780721224,1.3165657472306729,0.00011238017697560662,0.19581144992426752,0.30395844031975444,7.31886816214417e-06,0.273699516089355,0.012759209565772534,0.2589575015408526,0.03411350536659804,0.17012938334987876,0.19806348389047077,0.5596967186491177,0.28360872839017004,0.10454681298249946,0.006189409565314959,0.21125655105630872,0.15706304205704277,0.3625521754534553,0.014468185989950874,0.16288892280515416,0.07125439221576325,0.20444158923811676,0.03798845803351024,0.46404847709553837,0.0013019230166411008,0.06865249252380029,0.5907345446508492,0.1349794589918701,0.16098774249195805,0.22275808950446926,0.001856962708613184,0.18709113158264484,0.46225112971213056,0.30658207246631336,0.24532393474946576,0.6254403884527786,0.015199118622103797,0.21975814330530624,6.186471740216542,0.29159524014147165,0.6475051434674579,0.1172507083963311,0.029722144335903682,0.45860876474247414,0.024278759848171627,1.2527547031353221,0.08123046932750096,0.001463603273562289,0.3044876558037805,1.7796028512911877,0.0037949128146127285,0.5280805720545982,0.5772680776146888,0.009616661737972711,0.31960047014438825,0.5170026823942406,0.7577947674994836,0.09081281424029845,0.6212932363820365,0.4946768890354196,0.20369874214886413,0.1257406054796069,0.2683019942465832,0.3731404773549946,0.04277434655570839,0.0258844730598235,0.9942991838823186,0.015340373458752594,0.29104242742760106,0.25998575641518273,0.3726027137043409,0.12033947717249116,0.339425215881206,0.046786673995323054,0.4236481517515391,0.4498776107254355,0.009226160426630107,0.0615096113616943,0.165162437387517,1.138748363048836,0.4995843999565781,0.17005551161886107,0.27387096938146877,0.14298665849881814,0.10278556413659398,0.02587522435913178,0.16636882704266734,0.026762471730358107,0.49386923943740685,0.004131339496261752,0.20878551725265512,0.21171472457999221,0.3406058057292185,0.025629009275957647,1.36299122727558e-05,0.01861250842711383,0.18430972691420333,0.513247435411372,0.02576703134944066,0.38385397799612714,0.04815701006014881,0.08285900143127817,0.6698225521947795,0.3504229223778753,0.11394056647905539,0.06140156519427436,1.6026980839907687,0.04185512264580279,0.18775276022891402,0.0032633469954532744,0.05121296762242536,0.5113043378951161,0.13916152836412524,0.0925032092967876,0.0878754573224268,0.15778876803022504,2.4183029994977785,0.33166496707957027,3.1257051552473833,1.7919100018704728,0.106760543253113,0.13613298143863325,3.2934131894526533,0.0015209040695147052,2.8056921195257924,0.09364639406527758,0.27558737705755215,2.684497632820638,1.5150490905573237,0.00018688906711296097,0.06611404873137133,2.0791918463618684,0.01426565352003697,0.0006389154885373155,0.9478000583335787,0.02532002594489056,0.015844915911081236,0.17154458439450307,1.1365422162744876,0.14204145024795256,0.31958912757682384,0.019407033743505202,0.5923609445381866,1.078990810460524,0.011567697376426999,0.04194545119271978,0.29474223564656643,0.37743915266340167,0.4769838018149679,0.4673491213233113,0.57794149558026,0.003986071005774505,5.884868656045806,0.03033312133633744,0.409975280476876,0.15494350494463915,0.048717377732234335,0.08008788308087783,0.11753993973618135,0.08883235028576304,0.10605552941498483,0.30899949952835204,0.053440407644232565,0.0003468507117314357,0.3965843511336083,0.29281110526014903,0.02005051092375933,0.002016707407678546,0.1314628522420174,0.06654255811880765,0.21935338920969563,0.028189273103955213,4.275440298346452,0.021922078341969162,0.032398188719166825,0.0610580121038366,2.456823121786174,0.5464169518011223,0.0025441089420822367,0.3689357530427544,1.1327462717224388,0.005844630746504308,0.1472484239650295,0.25964923014025193,0.10607561414257427,4.9493524788803835,1.2544608453635033,0.13710647107909302,0.828380705824194,0.0059889755900536905,0.12677640852172342,0.019035368795537713,1.989475634526728,2.3757728943941165,1.6508411871327406,5.683405487118705,0.7721411027101649,0.05981697891883238,4.93066089320608,0.14373143370893912,11.83172998553295,0.47597329819979617,1.0122006055790498,0.031532989724192786,0.014375305113281658,9.05419174123402,0.005712447963386289,5.460318839696903,0.8393161252359682,2.066816875884988,0.10394546889257779,0.3833870445587222,2.4375041175836403,4.209262230082564,0.15426859622329467,7.025309781168334,0.15396172481340395,0.32100310437298,0.08252809302156994,3.986611244501712,0.8463651085428252,0.0015261610340622646,0.0244385025852073,7.421153723958151,0.008910135037854077,0.4018068197378983,0.009809566558340133,0.18902352287360571,0.14332586979682635,0.10789116495505591,1.8681752728142542,0.2094860946358261,0.0011720421971751465,0.0002471852416426486,0.3110471936581092,0.02598855933908195,0.2880408681025637,0.17169970952187344,0.001411084930035156,0.024367665188614232,0.19912086711426866,2.92241430552098,0.052322746323535424,1.689555041063184,0.3141424968796483,2.2558146572762032,0.01944011649918279,0.2012896046421187,0.044159948647308246,0.5176504593918785,0.04802817033190545,0.0005559505650915934,0.014360107306586956,0.170256647055445,0.684769674446628,0.004952885469018515,0.6040604849598893,0.3744239279858533,0.1022234798704123,0.03514329041638909,0.5314106616081636,0.4753990079508915,0.00017579669178637974,0.31062801333394713,0.11296929756949395,0.31048705522706693,0.05148263563713443,0.3075927868706983,0.041675750195789674,0.30647846131725304,0.2614652300150953,0.016911627999921575,0.0595205331597059,0.16976206952376163,2.0269848951770446,0.15849997629034,0.14010194491061698,0.5437553399130982,0.4053253824139863,0.37899844531841925,0.8317658667541719,0.03390200836989524,0.33018946671827426,0.021845052199558967,0.11367363689773513,0.0026838046355710204,0.01444474972814388,0.00030118795944410323,0.0031611628950534943,0.3558533961517394,0.00020627695136678906,0.0001187729508484987,0.0427821116289148,0.10365362399602908,0.8415438943197145,0.22961263526171435,0.2977225940085134,0.15472668469638184,0.07538219762416924,0.08611391480284428,0.0017032572912893795,0.0014370930784080155,1.3434590780700408,0.001380880202786261,0.10605668015925397,0.009183698935546748,0.28720924426060557,0.2587903212873795,0.04581248365930006,0.6707478025940599,0.014927906415118354,0.2474183320173599,0.9646213162261442,0.054421020468490754,0.13659174271191843,0.9925417773613647,0.06394849988370427,0.4299586842372912,0.42540375715952095,1.7512410611564935
