n_epochs_elapsed,1,2,3,4,5,6,7,8,9,10,11,12,13,14,15,16,17,18,19,20,21,22,23,24,25,26,27,28,29,30,31,32,33,34,35,36,37,38,39,40,41,42,43,44,45,46,47,48,49,50,51,52,53,54,55,56,57,58,59,60,61,62,63,64,65,66,67,68,69,70,71,72,73,74,75,76,77,78,79,80,81,82,83,84,85,86,87,88,89,90,91,92,93,94,95,96,97,98,99,100,101,102,103,104,105,106,107,108,109,110,111,112,113,114,115,116,117,118,119,120,121,122,123,124,125,126,127,128,129,130,131,132,133,134,135,136,137,138,139,140,141,142,143,144,145,146,147,148,149,150,151,152,153,154,155,156,157,158,159,160,161,162,163,164,165,166,167,168,169,170,171,172,173,174,175,176,177,178,179,180,181,182,183,184,185,186,187,188,189,190,191,192,193,194,195,196,197,198,199,200,201,202,203,204,205,206,207,208,209,210,211,212,213,214,215,216,217,218,219,220,221,222,223,224,225,226,227,228,229,230,231,232,233,234,235,236,237,238,239,240,241,242,243,244,245,246,247,248,249,250,251,252,253,254,255,256,257,258,259,260,261,262,263,264,265,266,267,268,269,270,271,272,273,274,275,276,277,278,279,280,281,282,283,284,285,286,287,288,289,290,291,292,293,294,295,296,297,298,299,300,301,302,303,304,305,306,307,308,309,310,311,312,313,314,315,316,317,318,319,320,321,322,323,324,325,326,327,328,329,330,331,332,333,334,335,336,337,338,339,340,341,342,343,344,345,346,347,348,349,350,351,352,353,354,355,356,357,358,359,360,361,362,363,364,365,366,367,368,369,370,371,372,373,374,375,376,377,378,379,380,381,382,383,384,385,386,387,388,389,390,391,392,393,394,395,396,397,398,399,400,401,402,403,404,405,406,407,408,409,410,411,412,413,414,415,416,417,418,419,420,421,422,423,424,425,426,427,428,429,430,431,432,433,434,435,436,437,438,439,440,441,442,443,444,445,446,447,448,449,450,451,452,453,454,455,456,457,458,459,460,461,462,463,464,465,466,467,468,469,470,471,472,473,474,475,476,477,478,479,480,481,482,483,484,485,486,487,488,489,490,491,492,493,494,495,496,497,498,499,500,501,502,503,504,505,506,507,508,509,510,511,512,513,514,515,516,517,518,519,520,521,522,523,524,525,526,527,528,529,530,531,532,533,534,535,536,537,538,539,540,541,542,543,544,545,546,547,548,549,550,551,552,553,554,555,556,557,558,559,560,561,562,563,564,565,566,567,568,569,570,571,572,573,574,575,576,577,578,579,580,581,582,583,584,585,586,587,588,589,590,591,592,593,594,595,596,597,598,599,600,601,602,603,604,605,606,607,608,609,610,611,612,613,614,615,616,617,618,619,620,621,622,623,624,625,626,627,628,629,630,631,632,633,634,635,636,637,638,639,640,641,642,643,644,645,646,647,648,649,650,651,652,653,654,655,656,657,658,659,660,661,662,663,664,665,666,667,668,669,670,671,672,673,674,675,676,677,678,679,680,681,682,683,684,685,686,687,688,689,690,691,692,693,694,695,696,697,698,699,700,701,702,703,704,705,706,707,708,709,710,711,712,713,714,715,716,717,718,719,720,721,722,723,724,725,726,727,728,729,730,731,732,733,734,735,736,737,738,739,740,741,742,743,744,745,746,747,748,749,750,751,752,753,754,755,756,757,758,759,760,761,762,763,764,765,766,767,768,769,770,771,772,773,774,775,776,777,778,779,780,781,782,783,784,785,786,787,788,789,790,791,792,793,794,795,796,797,798,799,800,801,802,803,804,805,806,807,808,809,810,811,812,813,814,815,816,817,818,819,820,821,822,823,824,825,826,827,828,829,830,831,832,833,834,835,836,837,838,839,840,841,842,843,844,845,846,847,848,849,850,851,852,853,854,855,856,857,858,859,860,861,862,863,864,865,866,867,868,869,870,871,872,873,874,875,876,877,878,879,880,881,882,883,884,885,886,887,888,889,890,891,892,893,894,895,896,897,898,899,900,901,902,903,904,905,906,907,908,909,910,911,912,913,914,915,916,917,918,919,920,921,922,923,924,925,926,927,928,929,930,931,932,933,934,935,936,937,938,939,940,941,942,943,944,945,946,947,948,949,950,951,952,953,954,955,956,957,958,959,960,961,962,963,964,965,966,967,968,969,970,971,972,973,974,975,976,977,978,979,980,981,982,983,984,985,986,987,988,989,990,991,992,993,994,995,996,997,998,999,1000,1001,1002,1003,1004,1005,1006,1007,1008,1009,1010,1011,1012,1013,1014,1015,1016,1017,1018,1019,1020,1021,1022,1023,1024,1025,1026,1027,1028,1029,1030,1031,1032,1033,1034,1035,1036,1037,1038,1039,1040,1041,1042,1043,1044,1045,1046,1047,1048,1049,1050,1051,1052,1053,1054,1055,1056,1057,1058,1059,1060,1061,1062,1063,1064,1065,1066,1067,1068,1069,1070,1071,1072,1073,1074,1075,1076,1077,1078,1079,1080,1081,1082,1083,1084,1085,1086,1087,1088,1089,1090,1091,1092,1093,1094,1095,1096,1097,1098,1099,1100,1101,1102,1103,1104,1105,1106,1107,1108,1109,1110,1111,1112,1113,1114,1115,1116,1117,1118,1119,1120,1121,1122,1123,1124,1125,1126,1127,1128,1129,1130,1131,1132,1133,1134,1135,1136,1137,1138,1139,1140,1141,1142,1143,1144,1145,1146,1147,1148,1149,1150,1151,1152,1153,1154,1155,1156,1157,1158,1159,1160,1161,1162,1163,1164,1165,1166,1167,1168,1169,1170,1171,1172,1173,1174,1175,1176,1177,1178,1179,1180,1181,1182,1183,1184,1185,1186,1187,1188,1189,1190,1191,1192,1193,1194,1195,1196,1197,1198,1199,1200,1201,1202,1203,1204,1205,1206,1207,1208,1209,1210,1211,1212,1213,1214,1215,1216,1217,1218,1219,1220,1221,1222,1223,1224,1225,1226,1227,1228,1229,1230,1231,1232,1233,1234,1235,1236,1237,1238,1239,1240,1241,1242,1243,1244,1245,1246,1247,1248,1249,1250,1251,1252,1253,1254,1255,1256,1257,1258,1259,1260,1261,1262,1263,1264,1265,1266,1267,1268,1269,1270,1271,1272,1273,1274,1275,1276,1277,1278,1279,1280,1281,1282,1283,1284,1285,1286,1287,1288,1289,1290,1291,1292,1293,1294,1295,1296,1297,1298,1299,1300,1301,1302,1303,1304,1305,1306,1307,1308,1309,1310,1311,1312,1313,1314,1315,1316,1317,1318,1319,1320,1321,1322,1323,1324,1325,1326,1327,1328,1329,1330,1331,1332,1333,1334,1335,1336,1337,1338,1339,1340,1341,1342,1343,1344,1345,1346,1347,1348,1349,1350,1351,1352,1353,1354,1355,1356,1357,1358,1359,1360,1361,1362,1363,1364,1365,1366,1367,1368,1369,1370,1371,1372,1373,1374,1375,1376,1377,1378,1379,1380,1381,1382,1383,1384,1385,1386,1387,1388,1389,1390,1391,1392,1393,1394,1395,1396,1397,1398,1399,1400,1401,1402,1403,1404,1405,1406,1407,1408,1409,1410,1411,1412,1413,1414,1415,1416,1417,1418,1419,1420,1421,1422,1423,1424,1425,1426,1427,1428,1429,1430,1431,1432,1433,1434,1435,1436,1437,1438,1439,1440,1441,1442,1443,1444,1445,1446,1447,1448,1449,1450,1451,1452,1453,1454,1455,1456,1457,1458,1459,1460,1461,1462,1463,1464,1465,1466,1467,1468,1469,1470,1471,1472,1473,1474,1475,1476,1477,1478,1479,1480,1481,1482,1483,1484,1485,1486,1487,1488,1489,1490,1491,1492,1493,1494,1495,1496,1497,1498,1499,1500,1501,1502,1503,1504,1505,1506,1507,1508,1509,1510,1511,1512,1513,1514,1515,1516,1517,1518,1519,1520,1521,1522,1523,1524,1525,1526,1527,1528,1529,1530,1531,1532,1533,1534,1535,1536,1537,1538,1539,1540,1541,1542,1543,1544,1545,1546,1547,1548,1549,1550,1551,1552,1553,1554,1555,1556,1557,1558,1559,1560,1561,1562,1563,1564,1565,1566,1567,1568,1569,1570,1571,1572,1573,1574,1575,1576,1577,1578,1579,1580,1581,1582,1583,1584,1585,1586,1587,1588,1589,1590,1591,1592,1593,1594,1595,1596,1597,1598,1599,1600,1601,1602,1603,1604,1605,1606,1607,1608,1609,1610,1611,1612,1613,1614,1615,1616,1617,1618,1619,1620,1621,1622,1623,1624,1625,1626,1627,1628,1629,1630,1631,1632,1633,1634,1635,1636,1637,1638,1639,1640,1641,1642,1643,1644,1645,1646,1647,1648,1649,1650,1651,1652,1653,1654,1655,1656,1657,1658,1659,1660,1661,1662,1663,1664,1665,1666,1667,1668,1669,1670,1671,1672,1673,1674,1675,1676,1677,1678,1679,1680,1681,1682,1683,1684,1685,1686,1687,1688,1689,1690,1691,1692,1693,1694,1695,1696,1697,1698,1699,1700,1701,1702,1703,1704,1705,1706,1707,1708,1709,1710,1711,1712,1713,1714,1715,1716,1717,1718,1719,1720,1721,1722,1723,1724,1725,1726,1727,1728,1729,1730,1731,1732,1733,1734,1735,1736,1737,1738,1739,1740,1741,1742,1743,1744,1745,1746,1747,1748,1749,1750,1751,1752,1753,1754,1755,1756,1757,1758,1759,1760,1761,1762,1763,1764,1765,1766,1767,1768,1769,1770,1771,1772,1773,1774,1775,1776,1777,1778,1779,1780,1781,1782,1783,1784,1785,1786,1787,1788,1789,1790,1791,1792,1793,1794,1795,1796,1797,1798,1799,1800,1801,1802,1803,1804,1805,1806,1807,1808,1809,1810,1811,1812,1813,1814,1815,1816,1817,1818,1819,1820,1821,1822,1823,1824,1825,1826,1827,1828,1829,1830,1831,1832,1833,1834,1835,1836,1837,1838,1839,1840,1841,1842,1843,1844,1845,1846,1847,1848,1849,1850,1851,1852,1853,1854,1855,1856,1857,1858,1859,1860,1861,1862,1863,1864,1865,1866,1867,1868,1869,1870,1871,1872,1873,1874,1875,1876,1877,1878,1879,1880,1881,1882,1883,1884,1885,1886,1887,1888,1889,1890,1891,1892,1893,1894,1895,1896,1897,1898,1899,1900,1901,1902,1903,1904,1905,1906,1907,1908,1909,1910,1911,1912,1913,1914,1915,1916,1917,1918,1919,1920,1921,1922,1923,1924,1925,1926,1927,1928,1929,1930,1931,1932,1933,1934,1935,1936,1937,1938,1939,1940,1941,1942,1943,1944,1945,1946,1947,1948,1949,1950,1951,1952,1953,1954,1955,1956,1957,1958,1959,1960,1961,1962,1963,1964,1965,1966,1967,1968,1969,1970,1971,1972,1973,1974,1975,1976,1977,1978,1979,1980,1981,1982,1983,1984,1985,1986,1987,1988,1989,1990,1991,1992,1993,1994,1995,1996,1997,1998,1999,2000,2001,2002,2003,2004,2005,2006,2007,2008,2009,2010,2011,2012,2013,2014,2015,2016,2017,2018,2019,2020,2021,2022,2023,2024,2025,2026,2027,2028,2029,2030,2031,2032,2033,2034,2035,2036,2037,2038,2039,2040,2041,2042,2043,2044,2045,2046,2047,2048,2049,2050,2051,2052,2053,2054,2055,2056,2057,2058,2059,2060,2061,2062,2063,2064,2065,2066,2067,2068,2069,2070,2071,2072,2073,2074,2075,2076,2077,2078,2079,2080,2081,2082,2083,2084,2085,2086,2087,2088,2089,2090,2091,2092,2093,2094,2095,2096,2097,2098,2099,2100,2101,2102,2103,2104,2105,2106,2107,2108,2109,2110,2111,2112,2113,2114,2115,2116,2117,2118,2119,2120,2121,2122,2123,2124,2125,2126,2127,2128,2129,2130,2131,2132,2133,2134,2135,2136,2137,2138,2139,2140,2141,2142,2143,2144,2145,2146,2147,2148,2149,2150,2151,2152,2153,2154,2155,2156,2157,2158,2159,2160,2161,2162,2163,2164,2165,2166,2167,2168,2169,2170,2171,2172,2173,2174,2175,2176,2177,2178,2179,2180,2181,2182,2183,2184,2185,2186,2187,2188,2189,2190,2191,2192,2193,2194,2195,2196,2197,2198,2199,2200,2201,2202,2203,2204,2205,2206,2207,2208,2209,2210,2211,2212,2213,2214,2215,2216,2217,2218,2219,2220,2221,2222,2223,2224,2225,2226,2227,2228,2229,2230,2231,2232,2233,2234,2235,2236,2237,2238,2239,2240,2241,2242,2243,2244,2245,2246,2247,2248,2249,2250,2251,2252,2253,2254,2255,2256,2257,2258,2259,2260,2261,2262,2263,2264,2265,2266,2267,2268,2269,2270,2271,2272,2273,2274,2275,2276,2277,2278,2279,2280,2281,2282,2283,2284,2285,2286,2287,2288,2289,2290,2291,2292,2293,2294,2295,2296,2297,2298,2299,2300,2301,2302,2303,2304,2305,2306,2307,2308,2309,2310,2311,2312,2313,2314,2315,2316,2317,2318,2319,2320,2321,2322,2323,2324,2325,2326,2327,2328,2329,2330,2331,2332,2333,2334,2335,2336,2337,2338,2339,2340,2341,2342,2343,2344,2345,2346,2347,2348,2349,2350,2351,2352,2353,2354,2355,2356,2357,2358,2359,2360,2361,2362,2363,2364,2365,2366,2367,2368,2369,2370,2371,2372,2373,2374,2375,2376,2377,2378,2379,2380,2381,2382,2383,2384,2385,2386,2387,2388,2389,2390,2391,2392,2393,2394,2395,2396,2397,2398,2399,2400,2401,2402,2403,2404,2405,2406,2407,2408,2409,2410,2411,2412,2413,2414,2415,2416,2417,2418,2419,2420,2421,2422,2423,2424,2425,2426,2427,2428,2429,2430,2431,2432,2433,2434,2435,2436,2437,2438,2439,2440,2441,2442,2443,2444,2445,2446,2447,2448,2449,2450,2451,2452,2453,2454,2455,2456,2457,2458,2459,2460,2461,2462,2463,2464,2465,2466,2467,2468,2469,2470,2471,2472,2473,2474,2475,2476,2477,2478,2479,2480,2481,2482,2483,2484,2485,2486,2487,2488,2489,2490,2491,2492,2493,2494,2495,2496,2497,2498,2499,2500,2501,2502,2503,2504,2505,2506,2507,2508,2509,2510,2511,2512,2513,2514,2515,2516,2517,2518,2519,2520,2521,2522,2523,2524,2525,2526,2527,2528,2529,2530,2531,2532,2533,2534,2535,2536,2537,2538,2539,2540,2541,2542,2543,2544,2545,2546,2547,2548,2549,2550,2551,2552,2553,2554,2555,2556,2557,2558,2559,2560,2561,2562,2563,2564,2565,2566,2567,2568,2569,2570,2571,2572,2573,2574,2575,2576,2577,2578,2579,2580,2581,2582,2583,2584,2585,2586,2587,2588,2589,2590,2591,2592,2593,2594,2595,2596,2597,2598,2599,2600,2601,2602,2603,2604,2605,2606,2607,2608,2609,2610,2611,2612,2613,2614,2615,2616,2617,2618,2619,2620,2621,2622,2623,2624,2625,2626,2627,2628,2629,2630,2631,2632,2633,2634,2635,2636,2637,2638,2639,2640,2641,2642,2643,2644,2645,2646,2647,2648,2649,2650,2651,2652,2653,2654,2655,2656,2657,2658,2659,2660,2661,2662,2663,2664,2665,2666,2667,2668,2669,2670,2671,2672,2673,2674,2675,2676,2677,2678,2679,2680,2681,2682,2683,2684,2685,2686,2687,2688,2689,2690,2691,2692,2693,2694,2695,2696,2697,2698,2699,2700,2701,2702,2703,2704,2705,2706,2707,2708,2709,2710,2711,2712,2713,2714,2715,2716,2717,2718,2719,2720,2721,2722,2723,2724,2725,2726,2727,2728,2729,2730,2731,2732,2733,2734,2735,2736,2737,2738,2739,2740,2741,2742,2743,2744,2745,2746,2747,2748,2749,2750,2751,2752,2753,2754,2755,2756,2757,2758,2759,2760,2761,2762,2763,2764,2765,2766,2767,2768,2769,2770,2771,2772,2773,2774,2775,2776,2777,2778,2779,2780,2781,2782,2783,2784,2785,2786,2787,2788,2789,2790,2791,2792,2793,2794,2795,2796,2797,2798,2799,2800,2801,2802,2803,2804,2805,2806,2807,2808,2809,2810,2811,2812,2813,2814,2815,2816,2817,2818,2819,2820,2821,2822,2823,2824,2825,2826,2827,2828,2829,2830,2831,2832,2833,2834,2835,2836,2837,2838,2839,2840,2841,2842,2843,2844,2845,2846,2847,2848,2849,2850,2851,2852,2853,2854,2855,2856,2857,2858,2859,2860,2861,2862,2863,2864,2865,2866,2867,2868,2869,2870,2871,2872,2873,2874,2875,2876,2877,2878,2879,2880,2881,2882,2883,2884,2885,2886,2887,2888,2889,2890,2891,2892,2893,2894,2895,2896,2897,2898,2899,2900,2901,2902,2903,2904,2905,2906,2907,2908,2909,2910,2911,2912,2913,2914,2915,2916,2917,2918,2919,2920,2921,2922,2923,2924,2925,2926,2927,2928,2929,2930,2931,2932,2933,2934,2935,2936,2937,2938,2939,2940,2941,2942,2943,2944,2945,2946,2947,2948,2949,2950,2951,2952,2953,2954,2955,2956,2957,2958,2959,2960,2961,2962,2963,2964,2965,2966,2967,2968,2969,2970,2971,2972,2973,2974,2975,2976,2977,2978,2979,2980,2981,2982,2983,2984,2985,2986,2987,2988,2989,2990,2991,2992,2993,2994,2995,2996,2997,2998,2999,3000,3001,3002,3003,3004,3005,3006,3007,3008,3009,3010,3011,3012,3013,3014,3015,3016,3017,3018,3019,3020,3021,3022,3023,3024,3025,3026,3027,3028,3029,3030,3031,3032,3033,3034,3035,3036,3037,3038,3039,3040,3041,3042,3043,3044,3045,3046,3047,3048,3049,3050,3051,3052,3053,3054,3055,3056,3057,3058,3059,3060,3061,3062,3063,3064,3065,3066,3067,3068,3069,3070,3071,3072,3073,3074,3075,3076,3077,3078,3079,3080,3081,3082,3083,3084,3085,3086,3087,3088,3089,3090,3091,3092,3093,3094,3095,3096,3097,3098,3099,3100,3101,3102,3103,3104,3105,3106,3107,3108,3109,3110,3111,3112,3113,3114,3115,3116,3117,3118,3119,3120,3121,3122,3123,3124,3125,3126,3127,3128,3129,3130,3131,3132,3133,3134,3135,3136,3137,3138,3139,3140,3141,3142,3143,3144,3145,3146,3147,3148,3149,3150,3151,3152,3153,3154,3155,3156,3157,3158,3159,3160,3161,3162,3163,3164,3165,3166,3167,3168,3169,3170,3171,3172,3173,3174,3175,3176,3177,3178,3179,3180,3181,3182,3183,3184,3185,3186,3187,3188,3189,3190,3191,3192,3193,3194,3195,3196,3197,3198,3199,3200,3201,3202,3203,3204,3205,3206,3207,3208,3209,3210,3211,3212,3213,3214,3215,3216,3217,3218,3219,3220,3221,3222,3223,3224,3225,3226,3227,3228,3229,3230,3231,3232,3233,3234,3235,3236,3237,3238,3239,3240,3241,3242,3243,3244,3245,3246,3247,3248,3249,3250,3251,3252,3253,3254,3255,3256,3257,3258,3259,3260,3261,3262,3263,3264,3265,3266,3267,3268,3269,3270,3271,3272,3273,3274,3275,3276,3277,3278,3279,3280,3281,3282,3283,3284,3285,3286,3287,3288,3289,3290,3291,3292,3293,3294,3295,3296,3297,3298,3299,3300,3301,3302,3303,3304,3305,3306,3307,3308,3309,3310,3311,3312,3313,3314,3315,3316,3317,3318,3319,3320,3321,3322,3323,3324,3325,3326,3327,3328,3329,3330,3331,3332,3333,3334,3335,3336,3337,3338,3339,3340,3341,3342,3343,3344,3345,3346,3347,3348,3349,3350,3351,3352,3353,3354,3355,3356,3357,3358,3359,3360,3361,3362,3363,3364,3365,3366,3367,3368,3369,3370,3371,3372,3373,3374,3375,3376,3377,3378,3379,3380,3381,3382,3383,3384,3385,3386,3387,3388,3389,3390,3391,3392,3393,3394,3395,3396,3397,3398,3399,3400,3401,3402,3403,3404,3405,3406,3407,3408,3409,3410,3411,3412,3413,3414,3415,3416,3417,3418,3419,3420,3421,3422,3423,3424,3425,3426,3427,3428,3429,3430,3431,3432,3433,3434,3435,3436,3437,3438,3439,3440,3441,3442,3443,3444,3445,3446,3447,3448,3449,3450,3451,3452,3453,3454,3455,3456,3457,3458,3459,3460,3461,3462,3463,3464,3465,3466,3467,3468,3469,3470,3471,3472,3473,3474,3475,3476,3477,3478,3479,3480,3481,3482,3483,3484,3485,3486,3487,3488,3489,3490,3491,3492,3493,3494,3495,3496,3497,3498,3499,3500,3501,3502,3503,3504,3505,3506,3507,3508,3509,3510,3511,3512,3513,3514,3515,3516,3517,3518,3519,3520,3521,3522,3523,3524,3525,3526,3527,3528,3529,3530,3531,3532,3533,3534,3535,3536,3537,3538,3539,3540,3541,3542,3543,3544,3545,3546,3547,3548,3549,3550,3551,3552,3553,3554,3555,3556,3557,3558,3559,3560,3561,3562,3563,3564,3565,3566,3567,3568,3569,3570,3571,3572,3573,3574,3575,3576,3577,3578,3579,3580,3581,3582,3583,3584,3585,3586,3587,3588,3589,3590,3591,3592,3593,3594,3595,3596,3597,3598,3599,3600,3601,3602,3603,3604,3605,3606,3607,3608,3609,3610,3611,3612,3613,3614,3615,3616,3617,3618,3619,3620,3621,3622,3623,3624,3625,3626,3627,3628,3629,3630,3631,3632,3633,3634,3635,3636,3637,3638,3639,3640,3641,3642,3643,3644,3645,3646,3647,3648,3649,3650,3651,3652,3653,3654,3655,3656,3657,3658,3659,3660,3661,3662,3663,3664,3665,3666,3667,3668,3669,3670,3671,3672,3673,3674,3675,3676,3677,3678,3679,3680,3681,3682,3683,3684,3685,3686,3687,3688,3689,3690,3691,3692,3693,3694,3695,3696,3697,3698,3699,3700,3701,3702,3703,3704,3705,3706,3707,3708,3709,3710,3711,3712,3713,3714,3715,3716,3717,3718,3719,3720,3721,3722,3723,3724,3725,3726,3727,3728,3729,3730,3731,3732,3733,3734,3735,3736,3737,3738,3739,3740,3741,3742,3743,3744,3745,3746,3747,3748,3749,3750,3751,3752,3753,3754,3755,3756,3757,3758,3759,3760,3761,3762,3763,3764,3765,3766,3767,3768,3769,3770,3771,3772,3773,3774,3775,3776,3777,3778,3779,3780,3781,3782,3783,3784,3785,3786,3787,3788,3789,3790,3791,3792,3793,3794,3795,3796,3797,3798,3799,3800,3801,3802,3803,3804,3805,3806,3807,3808,3809,3810,3811,3812,3813,3814,3815,3816,3817,3818,3819,3820,3821,3822,3823,3824,3825,3826,3827,3828,3829,3830,3831,3832,3833,3834,3835,3836,3837,3838,3839,3840,3841,3842,3843,3844,3845,3846,3847,3848,3849,3850,3851,3852,3853,3854,3855,3856,3857,3858,3859,3860,3861,3862,3863,3864,3865,3866,3867,3868,3869,3870,3871,3872,3873,3874,3875,3876,3877,3878,3879,3880,3881,3882,3883,3884,3885,3886,3887,3888,3889,3890,3891,3892,3893,3894,3895,3896,3897,3898,3899,3900,3901,3902,3903,3904,3905,3906,3907,3908,3909,3910,3911,3912,3913,3914,3915,3916,3917,3918,3919,3920,3921,3922,3923,3924,3925,3926,3927,3928,3929,3930,3931,3932,3933,3934,3935,3936,3937,3938,3939,3940,3941,3942,3943,3944,3945,3946,3947,3948,3949,3950,3951,3952,3953,3954,3955,3956,3957,3958,3959,3960,3961,3962,3963,3964,3965,3966,3967,3968,3969,3970,3971,3972,3973,3974,3975,3976,3977,3978,3979,3980,3981,3982,3983,3984,3985,3986,3987,3988,3989,3990,3991,3992,3993,3994,3995,3996,3997,3998,3999,4000,4001,4002,4003,4004,4005,4006,4007,4008,4009,4010,4011,4012,4013,4014,4015,4016,4017,4018,4019,4020,4021,4022,4023,4024,4025,4026,4027,4028,4029,4030,4031,4032,4033,4034,4035,4036,4037,4038,4039,4040,4041,4042,4043,4044,4045,4046,4047,4048,4049,4050,4051,4052,4053,4054,4055,4056,4057,4058,4059,4060,4061,4062,4063,4064,4065,4066,4067,4068,4069,4070,4071,4072,4073,4074,4075,4076,4077,4078,4079,4080,4081,4082,4083,4084,4085,4086,4087,4088,4089,4090,4091,4092,4093,4094,4095,4096,4097,4098,4099,4100,4101,4102,4103,4104,4105,4106,4107,4108,4109,4110,4111,4112,4113,4114,4115,4116,4117,4118,4119,4120,4121,4122,4123,4124,4125,4126,4127,4128,4129,4130,4131,4132,4133,4134,4135,4136,4137,4138,4139,4140,4141,4142,4143,4144,4145,4146,4147,4148,4149,4150,4151,4152,4153,4154,4155,4156,4157,4158,4159,4160,4161,4162,4163,4164,4165,4166,4167,4168,4169,4170,4171,4172,4173,4174,4175,4176,4177,4178,4179,4180,4181,4182,4183,4184,4185,4186,4187,4188,4189,4190,4191,4192,4193,4194,4195,4196,4197,4198,4199,4200,4201,4202,4203,4204,4205,4206,4207,4208,4209,4210,4211,4212,4213,4214,4215,4216,4217,4218,4219,4220,4221,4222,4223,4224,4225,4226,4227,4228,4229,4230,4231,4232,4233,4234,4235,4236,4237,4238,4239,4240,4241,4242,4243,4244,4245,4246,4247,4248,4249,4250,4251,4252,4253,4254,4255,4256,4257,4258,4259,4260,4261,4262,4263,4264,4265,4266,4267,4268,4269,4270,4271,4272,4273,4274,4275,4276,4277,4278,4279,4280,4281,4282,4283,4284,4285,4286,4287,4288,4289,4290,4291,4292,4293,4294,4295,4296,4297,4298,4299,4300,4301,4302,4303,4304,4305,4306,4307,4308,4309,4310,4311,4312,4313,4314,4315,4316,4317,4318,4319,4320,4321,4322,4323,4324,4325,4326,4327,4328,4329,4330,4331,4332,4333,4334,4335,4336,4337,4338,4339,4340,4341,4342,4343,4344,4345,4346,4347,4348,4349,4350,4351,4352,4353,4354,4355,4356,4357,4358,4359,4360,4361,4362,4363,4364,4365,4366,4367,4368,4369,4370,4371,4372,4373,4374,4375,4376,4377,4378,4379,4380,4381,4382,4383,4384,4385,4386,4387,4388,4389,4390,4391,4392,4393,4394,4395,4396,4397,4398,4399,4400,4401,4402,4403,4404,4405,4406,4407,4408,4409,4410,4411,4412,4413,4414,4415,4416,4417,4418,4419,4420,4421,4422,4423,4424,4425,4426,4427,4428,4429,4430,4431,4432,4433,4434,4435,4436,4437,4438,4439,4440,4441,4442,4443,4444,4445,4446,4447,4448,4449,4450,4451,4452,4453,4454,4455,4456,4457,4458,4459,4460,4461,4462,4463,4464,4465,4466,4467,4468,4469,4470,4471,4472,4473,4474,4475,4476,4477,4478,4479,4480,4481,4482,4483,4484,4485,4486,4487,4488,4489,4490,4491,4492,4493,4494,4495,4496,4497,4498,4499,4500,4501,4502,4503,4504,4505,4506,4507,4508,4509,4510,4511,4512,4513,4514,4515,4516,4517,4518,4519,4520,4521,4522,4523,4524,4525,4526,4527,4528,4529,4530,4531,4532,4533,4534,4535,4536,4537,4538,4539,4540,4541,4542,4543,4544,4545,4546,4547,4548,4549,4550,4551,4552,4553,4554,4555,4556,4557,4558,4559,4560,4561,4562,4563,4564,4565,4566,4567,4568,4569,4570,4571,4572,4573,4574,4575,4576,4577,4578,4579,4580,4581,4582,4583,4584,4585,4586,4587,4588,4589,4590,4591,4592,4593,4594,4595,4596,4597,4598,4599,4600,4601,4602,4603,4604,4605,4606,4607,4608,4609,4610,4611,4612,4613,4614,4615,4616,4617,4618,4619,4620,4621,4622,4623,4624,4625,4626,4627,4628,4629,4630,4631,4632,4633,4634,4635,4636,4637,4638,4639,4640,4641,4642,4643,4644,4645,4646,4647,4648,4649,4650,4651,4652,4653,4654,4655,4656,4657,4658,4659,4660,4661,4662,4663,4664,4665,4666,4667,4668,4669,4670,4671,4672,4673,4674,4675,4676,4677,4678,4679,4680,4681,4682,4683,4684,4685,4686,4687,4688,4689,4690,4691,4692,4693,4694,4695,4696,4697,4698,4699,4700,4701,4702,4703,4704,4705,4706,4707,4708,4709,4710,4711,4712,4713,4714,4715,4716,4717,4718,4719,4720,4721,4722,4723,4724,4725,4726,4727,4728,4729,4730,4731,4732,4733,4734,4735,4736,4737,4738,4739,4740,4741,4742,4743,4744,4745,4746,4747,4748,4749,4750,4751,4752,4753,4754,4755,4756,4757,4758,4759,4760,4761,4762,4763,4764,4765,4766,4767,4768,4769,4770,4771,4772,4773,4774,4775,4776,4777,4778,4779,4780,4781,4782,4783,4784,4785,4786,4787,4788,4789,4790,4791,4792,4793,4794,4795,4796,4797,4798,4799,4800,4801,4802,4803,4804,4805,4806,4807,4808,4809,4810,4811,4812,4813,4814,4815,4816,4817,4818,4819,4820,4821,4822,4823,4824,4825,4826,4827,4828,4829,4830,4831,4832,4833,4834,4835,4836,4837,4838,4839,4840,4841,4842,4843,4844,4845,4846,4847,4848,4849,4850,4851,4852,4853,4854,4855,4856,4857,4858,4859,4860,4861,4862,4863,4864,4865,4866,4867,4868,4869,4870,4871,4872,4873,4874,4875,4876,4877,4878,4879,4880,4881,4882,4883,4884,4885,4886,4887,4888,4889,4890,4891,4892,4893,4894,4895,4896,4897,4898,4899,4900,4901,4902,4903,4904,4905,4906,4907,4908,4909,4910,4911,4912,4913,4914,4915,4916,4917,4918,4919,4920,4921,4922,4923,4924,4925,4926,4927,4928,4929,4930,4931,4932,4933,4934,4935,4936,4937,4938,4939,4940,4941,4942,4943,4944,4945,4946,4947,4948,4949,4950,4951,4952,4953,4954,4955,4956,4957,4958,4959,4960,4961,4962,4963,4964,4965,4966,4967,4968,4969,4970,4971,4972,4973,4974,4975,4976,4977,4978,4979,4980,4981,4982,4983,4984,4985,4986,4987,4988,4989,4990,4991,4992,4993,4994,4995,4996,4997,4998,4999,5000
n_training_episodes_elapsed,50,100,150,200,250,300,350,400,450,500,550,600,650,700,750,800,850,900,950,1000,1050,1100,1150,1200,1250,1300,1350,1400,1450,1500,1550,1600,1650,1700,1750,1800,1850,1900,1950,2000,2050,2100,2150,2200,2250,2300,2350,2400,2450,2500,2550,2600,2650,2700,2750,2800,2850,2900,2950,3000,3050,3100,3150,3200,3250,3300,3350,3400,3450,3500,3550,3600,3650,3700,3750,3800,3850,3900,3950,4000,4050,4100,4150,4200,4250,4300,4350,4400,4450,4500,4550,4600,4650,4700,4750,4800,4850,4900,4950,5000,5050,5100,5150,5200,5250,5300,5350,5400,5450,5500,5550,5600,5650,5700,5750,5800,5850,5900,5950,6000,6050,6100,6150,6200,6250,6300,6350,6400,6450,6500,6550,6600,6650,6700,6750,6800,6850,6900,6950,7000,7050,7100,7150,7200,7250,7300,7350,7400,7450,7500,7550,7600,7650,7700,7750,7800,7850,7900,7950,8000,8050,8100,8150,8200,8250,8300,8350,8400,8450,8500,8550,8600,8650,8700,8750,8800,8850,8900,8950,9000,9050,9100,9150,9200,9250,9300,9350,9400,9450,9500,9550,9600,9650,9700,9750,9800,9850,9900,9950,10000,10050,10100,10150,10200,10250,10300,10350,10400,10450,10500,10550,10600,10650,10700,10750,10800,10850,10900,10950,11000,11050,11100,11150,11200,11250,11300,11350,11400,11450,11500,11550,11600,11650,11700,11750,11800,11850,11900,11950,12000,12050,12100,12150,12200,12250,12300,12350,12400,12450,12500,12550,12600,12650,12700,12750,12800,12850,12900,12950,13000,13050,13100,13150,13200,13250,13300,13350,13400,13450,13500,13550,13600,13650,13700,13750,13800,13850,13900,13950,14000,14050,14100,14150,14200,14250,14300,14350,14400,14450,14500,14550,14600,14650,14700,14750,14800,14850,14900,14950,15000,15050,15100,15150,15200,15250,15300,15350,15400,15450,15500,15550,15600,15650,15700,15750,15800,15850,15900,15950,16000,16050,16100,16150,16200,16250,16300,16350,16400,16450,16500,16550,16600,16650,16700,16750,16800,16850,16900,16950,17000,17050,17100,17150,17200,17250,17300,17350,17400,17450,17500,17550,17600,17650,17700,17750,17800,17850,17900,17950,18000,18050,18100,18150,18200,18250,18300,18350,18400,18450,18500,18550,18600,18650,18700,18750,18800,18850,18900,18950,19000,19050,19100,19150,19200,19250,19300,19350,19400,19450,19500,19550,19600,19650,19700,19750,19800,19850,19900,19950,20000,20050,20100,20150,20200,20250,20300,20350,20400,20450,20500,20550,20600,20650,20700,20750,20800,20850,20900,20950,21000,21050,21100,21150,21200,21250,21300,21350,21400,21450,21500,21550,21600,21650,21700,21750,21800,21850,21900,21950,22000,22050,22100,22150,22200,22250,22300,22350,22400,22450,22500,22550,22600,22650,22700,22750,22800,22850,22900,22950,23000,23050,23100,23150,23200,23250,23300,23350,23400,23450,23500,23550,23600,23650,23700,23750,23800,23850,23900,23950,24000,24050,24100,24150,24200,24250,24300,24350,24400,24450,24500,24550,24600,24650,24700,24750,24800,24850,24900,24950,25000,25050,25100,25150,25200,25250,25300,25350,25400,25450,25500,25550,25600,25650,25700,25750,25800,25850,25900,25950,26000,26050,26100,26150,26200,26250,26300,26350,26400,26450,26500,26550,26600,26650,26700,26750,26800,26850,26900,26950,27000,27050,27100,27150,27200,27250,27300,27350,27400,27450,27500,27550,27600,27650,27700,27750,27800,27850,27900,27950,28000,28050,28100,28150,28200,28250,28300,28350,28400,28450,28500,28550,28600,28650,28700,28750,28800,28850,28900,28950,29000,29050,29100,29150,29200,29250,29300,29350,29400,29450,29500,29550,29600,29650,29700,29750,29800,29850,29900,29950,30000,30050,30100,30150,30200,30250,30300,30350,30400,30450,30500,30550,30600,30650,30700,30750,30800,30850,30900,30950,31000,31050,31100,31150,31200,31250,31300,31350,31400,31450,31500,31550,31600,31650,31700,31750,31800,31850,31900,31950,32000,32050,32100,32150,32200,32250,32300,32350,32400,32450,32500,32550,32600,32650,32700,32750,32800,32850,32900,32950,33000,33050,33100,33150,33200,33250,33300,33350,33400,33450,33500,33550,33600,33650,33700,33750,33800,33850,33900,33950,34000,34050,34100,34150,34200,34250,34300,34350,34400,34450,34500,34550,34600,34650,34700,34750,34800,34850,34900,34950,35000,35050,35100,35150,35200,35250,35300,35350,35400,35450,35500,35550,35600,35650,35700,35750,35800,35850,35900,35950,36000,36050,36100,36150,36200,36250,36300,36350,36400,36450,36500,36550,36600,36650,36700,36750,36800,36850,36900,36950,37000,37050,37100,37150,37200,37250,37300,37350,37400,37450,37500,37550,37600,37650,37700,37750,37800,37850,37900,37950,38000,38050,38100,38150,38200,38250,38300,38350,38400,38450,38500,38550,38600,38650,38700,38750,38800,38850,38900,38950,39000,39050,39100,39150,39200,39250,39300,39350,39400,39450,39500,39550,39600,39650,39700,39750,39800,39850,39900,39950,40000,40050,40100,40150,40200,40250,40300,40350,40400,40450,40500,40550,40600,40650,40700,40750,40800,40850,40900,40950,41000,41050,41100,41150,41200,41250,41300,41350,41400,41450,41500,41550,41600,41650,41700,41750,41800,41850,41900,41950,42000,42050,42100,42150,42200,42250,42300,42350,42400,42450,42500,42550,42600,42650,42700,42750,42800,42850,42900,42950,43000,43050,43100,43150,43200,43250,43300,43350,43400,43450,43500,43550,43600,43650,43700,43750,43800,43850,43900,43950,44000,44050,44100,44150,44200,44250,44300,44350,44400,44450,44500,44550,44600,44650,44700,44750,44800,44850,44900,44950,45000,45050,45100,45150,45200,45250,45300,45350,45400,45450,45500,45550,45600,45650,45700,45750,45800,45850,45900,45950,46000,46050,46100,46150,46200,46250,46300,46350,46400,46450,46500,46550,46600,46650,46700,46750,46800,46850,46900,46950,47000,47050,47100,47150,47200,47250,47300,47350,47400,47450,47500,47550,47600,47650,47700,47750,47800,47850,47900,47950,48000,48050,48100,48150,48200,48250,48300,48350,48400,48450,48500,48550,48600,48650,48700,48750,48800,48850,48900,48950,49000,49050,49100,49150,49200,49250,49300,49350,49400,49450,49500,49550,49600,49650,49700,49750,49800,49850,49900,49950,50000,50050,50100,50150,50200,50250,50300,50350,50400,50450,50500,50550,50600,50650,50700,50750,50800,50850,50900,50950,51000,51050,51100,51150,51200,51250,51300,51350,51400,51450,51500,51550,51600,51650,51700,51750,51800,51850,51900,51950,52000,52050,52100,52150,52200,52250,52300,52350,52400,52450,52500,52550,52600,52650,52700,52750,52800,52850,52900,52950,53000,53050,53100,53150,53200,53250,53300,53350,53400,53450,53500,53550,53600,53650,53700,53750,53800,53850,53900,53950,54000,54050,54100,54150,54200,54250,54300,54350,54400,54450,54500,54550,54600,54650,54700,54750,54800,54850,54900,54950,55000,55050,55100,55150,55200,55250,55300,55350,55400,55450,55500,55550,55600,55650,55700,55750,55800,55850,55900,55950,56000,56050,56100,56150,56200,56250,56300,56350,56400,56450,56500,56550,56600,56650,56700,56750,56800,56850,56900,56950,57000,57050,57100,57150,57200,57250,57300,57350,57400,57450,57500,57550,57600,57650,57700,57750,57800,57850,57900,57950,58000,58050,58100,58150,58200,58250,58300,58350,58400,58450,58500,58550,58600,58650,58700,58750,58800,58850,58900,58950,59000,59050,59100,59150,59200,59250,59300,59350,59400,59450,59500,59550,59600,59650,59700,59750,59800,59850,59900,59950,60000,60050,60100,60150,60200,60250,60300,60350,60400,60450,60500,60550,60600,60650,60700,60750,60800,60850,60900,60950,61000,61050,61100,61150,61200,61250,61300,61350,61400,61450,61500,61550,61600,61650,61700,61750,61800,61850,61900,61950,62000,62050,62100,62150,62200,62250,62300,62350,62400,62450,62500,62550,62600,62650,62700,62750,62800,62850,62900,62950,63000,63050,63100,63150,63200,63250,63300,63350,63400,63450,63500,63550,63600,63650,63700,63750,63800,63850,63900,63950,64000,64050,64100,64150,64200,64250,64300,64350,64400,64450,64500,64550,64600,64650,64700,64750,64800,64850,64900,64950,65000,65050,65100,65150,65200,65250,65300,65350,65400,65450,65500,65550,65600,65650,65700,65750,65800,65850,65900,65950,66000,66050,66100,66150,66200,66250,66300,66350,66400,66450,66500,66550,66600,66650,66700,66750,66800,66850,66900,66950,67000,67050,67100,67150,67200,67250,67300,67350,67400,67450,67500,67550,67600,67650,67700,67750,67800,67850,67900,67950,68000,68050,68100,68150,68200,68250,68300,68350,68400,68450,68500,68550,68600,68650,68700,68750,68800,68850,68900,68950,69000,69050,69100,69150,69200,69250,69300,69350,69400,69450,69500,69550,69600,69650,69700,69750,69800,69850,69900,69950,70000,70050,70100,70150,70200,70250,70300,70350,70400,70450,70500,70550,70600,70650,70700,70750,70800,70850,70900,70950,71000,71050,71100,71150,71200,71250,71300,71350,71400,71450,71500,71550,71600,71650,71700,71750,71800,71850,71900,71950,72000,72050,72100,72150,72200,72250,72300,72350,72400,72450,72500,72550,72600,72650,72700,72750,72800,72850,72900,72950,73000,73050,73100,73150,73200,73250,73300,73350,73400,73450,73500,73550,73600,73650,73700,73750,73800,73850,73900,73950,74000,74050,74100,74150,74200,74250,74300,74350,74400,74450,74500,74550,74600,74650,74700,74750,74800,74850,74900,74950,75000,75050,75100,75150,75200,75250,75300,75350,75400,75450,75500,75550,75600,75650,75700,75750,75800,75850,75900,75950,76000,76050,76100,76150,76200,76250,76300,76350,76400,76450,76500,76550,76600,76650,76700,76750,76800,76850,76900,76950,77000,77050,77100,77150,77200,77250,77300,77350,77400,77450,77500,77550,77600,77650,77700,77750,77800,77850,77900,77950,78000,78050,78100,78150,78200,78250,78300,78350,78400,78450,78500,78550,78600,78650,78700,78750,78800,78850,78900,78950,79000,79050,79100,79150,79200,79250,79300,79350,79400,79450,79500,79550,79600,79650,79700,79750,79800,79850,79900,79950,80000,80050,80100,80150,80200,80250,80300,80350,80400,80450,80500,80550,80600,80650,80700,80750,80800,80850,80900,80950,81000,81050,81100,81150,81200,81250,81300,81350,81400,81450,81500,81550,81600,81650,81700,81750,81800,81850,81900,81950,82000,82050,82100,82150,82200,82250,82300,82350,82400,82450,82500,82550,82600,82650,82700,82750,82800,82850,82900,82950,83000,83050,83100,83150,83200,83250,83300,83350,83400,83450,83500,83550,83600,83650,83700,83750,83800,83850,83900,83950,84000,84050,84100,84150,84200,84250,84300,84350,84400,84450,84500,84550,84600,84650,84700,84750,84800,84850,84900,84950,85000,85050,85100,85150,85200,85250,85300,85350,85400,85450,85500,85550,85600,85650,85700,85750,85800,85850,85900,85950,86000,86050,86100,86150,86200,86250,86300,86350,86400,86450,86500,86550,86600,86650,86700,86750,86800,86850,86900,86950,87000,87050,87100,87150,87200,87250,87300,87350,87400,87450,87500,87550,87600,87650,87700,87750,87800,87850,87900,87950,88000,88050,88100,88150,88200,88250,88300,88350,88400,88450,88500,88550,88600,88650,88700,88750,88800,88850,88900,88950,89000,89050,89100,89150,89200,89250,89300,89350,89400,89450,89500,89550,89600,89650,89700,89750,89800,89850,89900,89950,90000,90050,90100,90150,90200,90250,90300,90350,90400,90450,90500,90550,90600,90650,90700,90750,90800,90850,90900,90950,91000,91050,91100,91150,91200,91250,91300,91350,91400,91450,91500,91550,91600,91650,91700,91750,91800,91850,91900,91950,92000,92050,92100,92150,92200,92250,92300,92350,92400,92450,92500,92550,92600,92650,92700,92750,92800,92850,92900,92950,93000,93050,93100,93150,93200,93250,93300,93350,93400,93450,93500,93550,93600,93650,93700,93750,93800,93850,93900,93950,94000,94050,94100,94150,94200,94250,94300,94350,94400,94450,94500,94550,94600,94650,94700,94750,94800,94850,94900,94950,95000,95050,95100,95150,95200,95250,95300,95350,95400,95450,95500,95550,95600,95650,95700,95750,95800,95850,95900,95950,96000,96050,96100,96150,96200,96250,96300,96350,96400,96450,96500,96550,96600,96650,96700,96750,96800,96850,96900,96950,97000,97050,97100,97150,97200,97250,97300,97350,97400,97450,97500,97550,97600,97650,97700,97750,97800,97850,97900,97950,98000,98050,98100,98150,98200,98250,98300,98350,98400,98450,98500,98550,98600,98650,98700,98750,98800,98850,98900,98950,99000,99050,99100,99150,99200,99250,99300,99350,99400,99450,99500,99550,99600,99650,99700,99750,99800,99850,99900,99950,100000,100050,100100,100150,100200,100250,100300,100350,100400,100450,100500,100550,100600,100650,100700,100750,100800,100850,100900,100950,101000,101050,101100,101150,101200,101250,101300,101350,101400,101450,101500,101550,101600,101650,101700,101750,101800,101850,101900,101950,102000,102050,102100,102150,102200,102250,102300,102350,102400,102450,102500,102550,102600,102650,102700,102750,102800,102850,102900,102950,103000,103050,103100,103150,103200,103250,103300,103350,103400,103450,103500,103550,103600,103650,103700,103750,103800,103850,103900,103950,104000,104050,104100,104150,104200,104250,104300,104350,104400,104450,104500,104550,104600,104650,104700,104750,104800,104850,104900,104950,105000,105050,105100,105150,105200,105250,105300,105350,105400,105450,105500,105550,105600,105650,105700,105750,105800,105850,105900,105950,106000,106050,106100,106150,106200,106250,106300,106350,106400,106450,106500,106550,106600,106650,106700,106750,106800,106850,106900,106950,107000,107050,107100,107150,107200,107250,107300,107350,107400,107450,107500,107550,107600,107650,107700,107750,107800,107850,107900,107950,108000,108050,108100,108150,108200,108250,108300,108350,108400,108450,108500,108550,108600,108650,108700,108750,108800,108850,108900,108950,109000,109050,109100,109150,109200,109250,109300,109350,109400,109450,109500,109550,109600,109650,109700,109750,109800,109850,109900,109950,110000,110050,110100,110150,110200,110250,110300,110350,110400,110450,110500,110550,110600,110650,110700,110750,110800,110850,110900,110950,111000,111050,111100,111150,111200,111250,111300,111350,111400,111450,111500,111550,111600,111650,111700,111750,111800,111850,111900,111950,112000,112050,112100,112150,112200,112250,112300,112350,112400,112450,112500,112550,112600,112650,112700,112750,112800,112850,112900,112950,113000,113050,113100,113150,113200,113250,113300,113350,113400,113450,113500,113550,113600,113650,113700,113750,113800,113850,113900,113950,114000,114050,114100,114150,114200,114250,114300,114350,114400,114450,114500,114550,114600,114650,114700,114750,114800,114850,114900,114950,115000,115050,115100,115150,115200,115250,115300,115350,115400,115450,115500,115550,115600,115650,115700,115750,115800,115850,115900,115950,116000,116050,116100,116150,116200,116250,116300,116350,116400,116450,116500,116550,116600,116650,116700,116750,116800,116850,116900,116950,117000,117050,117100,117150,117200,117250,117300,117350,117400,117450,117500,117550,117600,117650,117700,117750,117800,117850,117900,117950,118000,118050,118100,118150,118200,118250,118300,118350,118400,118450,118500,118550,118600,118650,118700,118750,118800,118850,118900,118950,119000,119050,119100,119150,119200,119250,119300,119350,119400,119450,119500,119550,119600,119650,119700,119750,119800,119850,119900,119950,120000,120050,120100,120150,120200,120250,120300,120350,120400,120450,120500,120550,120600,120650,120700,120750,120800,120850,120900,120950,121000,121050,121100,121150,121200,121250,121300,121350,121400,121450,121500,121550,121600,121650,121700,121750,121800,121850,121900,121950,122000,122050,122100,122150,122200,122250,122300,122350,122400,122450,122500,122550,122600,122650,122700,122750,122800,122850,122900,122950,123000,123050,123100,123150,123200,123250,123300,123350,123400,123450,123500,123550,123600,123650,123700,123750,123800,123850,123900,123950,124000,124050,124100,124150,124200,124250,124300,124350,124400,124450,124500,124550,124600,124650,124700,124750,124800,124850,124900,124950,125000,125050,125100,125150,125200,125250,125300,125350,125400,125450,125500,125550,125600,125650,125700,125750,125800,125850,125900,125950,126000,126050,126100,126150,126200,126250,126300,126350,126400,126450,126500,126550,126600,126650,126700,126750,126800,126850,126900,126950,127000,127050,127100,127150,127200,127250,127300,127350,127400,127450,127500,127550,127600,127650,127700,127750,127800,127850,127900,127950,128000,128050,128100,128150,128200,128250,128300,128350,128400,128450,128500,128550,128600,128650,128700,128750,128800,128850,128900,128950,129000,129050,129100,129150,129200,129250,129300,129350,129400,129450,129500,129550,129600,129650,129700,129750,129800,129850,129900,129950,130000,130050,130100,130150,130200,130250,130300,130350,130400,130450,130500,130550,130600,130650,130700,130750,130800,130850,130900,130950,131000,131050,131100,131150,131200,131250,131300,131350,131400,131450,131500,131550,131600,131650,131700,131750,131800,131850,131900,131950,132000,132050,132100,132150,132200,132250,132300,132350,132400,132450,132500,132550,132600,132650,132700,132750,132800,132850,132900,132950,133000,133050,133100,133150,133200,133250,133300,133350,133400,133450,133500,133550,133600,133650,133700,133750,133800,133850,133900,133950,134000,134050,134100,134150,134200,134250,134300,134350,134400,134450,134500,134550,134600,134650,134700,134750,134800,134850,134900,134950,135000,135050,135100,135150,135200,135250,135300,135350,135400,135450,135500,135550,135600,135650,135700,135750,135800,135850,135900,135950,136000,136050,136100,136150,136200,136250,136300,136350,136400,136450,136500,136550,136600,136650,136700,136750,136800,136850,136900,136950,137000,137050,137100,137150,137200,137250,137300,137350,137400,137450,137500,137550,137600,137650,137700,137750,137800,137850,137900,137950,138000,138050,138100,138150,138200,138250,138300,138350,138400,138450,138500,138550,138600,138650,138700,138750,138800,138850,138900,138950,139000,139050,139100,139150,139200,139250,139300,139350,139400,139450,139500,139550,139600,139650,139700,139750,139800,139850,139900,139950,140000,140050,140100,140150,140200,140250,140300,140350,140400,140450,140500,140550,140600,140650,140700,140750,140800,140850,140900,140950,141000,141050,141100,141150,141200,141250,141300,141350,141400,141450,141500,141550,141600,141650,141700,141750,141800,141850,141900,141950,142000,142050,142100,142150,142200,142250,142300,142350,142400,142450,142500,142550,142600,142650,142700,142750,142800,142850,142900,142950,143000,143050,143100,143150,143200,143250,143300,143350,143400,143450,143500,143550,143600,143650,143700,143750,143800,143850,143900,143950,144000,144050,144100,144150,144200,144250,144300,144350,144400,144450,144500,144550,144600,144650,144700,144750,144800,144850,144900,144950,145000,145050,145100,145150,145200,145250,145300,145350,145400,145450,145500,145550,145600,145650,145700,145750,145800,145850,145900,145950,146000,146050,146100,146150,146200,146250,146300,146350,146400,146450,146500,146550,146600,146650,146700,146750,146800,146850,146900,146950,147000,147050,147100,147150,147200,147250,147300,147350,147400,147450,147500,147550,147600,147650,147700,147750,147800,147850,147900,147950,148000,148050,148100,148150,148200,148250,148300,148350,148400,148450,148500,148550,148600,148650,148700,148750,148800,148850,148900,148950,149000,149050,149100,149150,149200,149250,149300,149350,149400,149450,149500,149550,149600,149650,149700,149750,149800,149850,149900,149950,150000,150050,150100,150150,150200,150250,150300,150350,150400,150450,150500,150550,150600,150650,150700,150750,150800,150850,150900,150950,151000,151050,151100,151150,151200,151250,151300,151350,151400,151450,151500,151550,151600,151650,151700,151750,151800,151850,151900,151950,152000,152050,152100,152150,152200,152250,152300,152350,152400,152450,152500,152550,152600,152650,152700,152750,152800,152850,152900,152950,153000,153050,153100,153150,153200,153250,153300,153350,153400,153450,153500,153550,153600,153650,153700,153750,153800,153850,153900,153950,154000,154050,154100,154150,154200,154250,154300,154350,154400,154450,154500,154550,154600,154650,154700,154750,154800,154850,154900,154950,155000,155050,155100,155150,155200,155250,155300,155350,155400,155450,155500,155550,155600,155650,155700,155750,155800,155850,155900,155950,156000,156050,156100,156150,156200,156250,156300,156350,156400,156450,156500,156550,156600,156650,156700,156750,156800,156850,156900,156950,157000,157050,157100,157150,157200,157250,157300,157350,157400,157450,157500,157550,157600,157650,157700,157750,157800,157850,157900,157950,158000,158050,158100,158150,158200,158250,158300,158350,158400,158450,158500,158550,158600,158650,158700,158750,158800,158850,158900,158950,159000,159050,159100,159150,159200,159250,159300,159350,159400,159450,159500,159550,159600,159650,159700,159750,159800,159850,159900,159950,160000,160050,160100,160150,160200,160250,160300,160350,160400,160450,160500,160550,160600,160650,160700,160750,160800,160850,160900,160950,161000,161050,161100,161150,161200,161250,161300,161350,161400,161450,161500,161550,161600,161650,161700,161750,161800,161850,161900,161950,162000,162050,162100,162150,162200,162250,162300,162350,162400,162450,162500,162550,162600,162650,162700,162750,162800,162850,162900,162950,163000,163050,163100,163150,163200,163250,163300,163350,163400,163450,163500,163550,163600,163650,163700,163750,163800,163850,163900,163950,164000,164050,164100,164150,164200,164250,164300,164350,164400,164450,164500,164550,164600,164650,164700,164750,164800,164850,164900,164950,165000,165050,165100,165150,165200,165250,165300,165350,165400,165450,165500,165550,165600,165650,165700,165750,165800,165850,165900,165950,166000,166050,166100,166150,166200,166250,166300,166350,166400,166450,166500,166550,166600,166650,166700,166750,166800,166850,166900,166950,167000,167050,167100,167150,167200,167250,167300,167350,167400,167450,167500,167550,167600,167650,167700,167750,167800,167850,167900,167950,168000,168050,168100,168150,168200,168250,168300,168350,168400,168450,168500,168550,168600,168650,168700,168750,168800,168850,168900,168950,169000,169050,169100,169150,169200,169250,169300,169350,169400,169450,169500,169550,169600,169650,169700,169750,169800,169850,169900,169950,170000,170050,170100,170150,170200,170250,170300,170350,170400,170450,170500,170550,170600,170650,170700,170750,170800,170850,170900,170950,171000,171050,171100,171150,171200,171250,171300,171350,171400,171450,171500,171550,171600,171650,171700,171750,171800,171850,171900,171950,172000,172050,172100,172150,172200,172250,172300,172350,172400,172450,172500,172550,172600,172650,172700,172750,172800,172850,172900,172950,173000,173050,173100,173150,173200,173250,173300,173350,173400,173450,173500,173550,173600,173650,173700,173750,173800,173850,173900,173950,174000,174050,174100,174150,174200,174250,174300,174350,174400,174450,174500,174550,174600,174650,174700,174750,174800,174850,174900,174950,175000,175050,175100,175150,175200,175250,175300,175350,175400,175450,175500,175550,175600,175650,175700,175750,175800,175850,175900,175950,176000,176050,176100,176150,176200,176250,176300,176350,176400,176450,176500,176550,176600,176650,176700,176750,176800,176850,176900,176950,177000,177050,177100,177150,177200,177250,177300,177350,177400,177450,177500,177550,177600,177650,177700,177750,177800,177850,177900,177950,178000,178050,178100,178150,178200,178250,178300,178350,178400,178450,178500,178550,178600,178650,178700,178750,178800,178850,178900,178950,179000,179050,179100,179150,179200,179250,179300,179350,179400,179450,179500,179550,179600,179650,179700,179750,179800,179850,179900,179950,180000,180050,180100,180150,180200,180250,180300,180350,180400,180450,180500,180550,180600,180650,180700,180750,180800,180850,180900,180950,181000,181050,181100,181150,181200,181250,181300,181350,181400,181450,181500,181550,181600,181650,181700,181750,181800,181850,181900,181950,182000,182050,182100,182150,182200,182250,182300,182350,182400,182450,182500,182550,182600,182650,182700,182750,182800,182850,182900,182950,183000,183050,183100,183150,183200,183250,183300,183350,183400,183450,183500,183550,183600,183650,183700,183750,183800,183850,183900,183950,184000,184050,184100,184150,184200,184250,184300,184350,184400,184450,184500,184550,184600,184650,184700,184750,184800,184850,184900,184950,185000,185050,185100,185150,185200,185250,185300,185350,185400,185450,185500,185550,185600,185650,185700,185750,185800,185850,185900,185950,186000,186050,186100,186150,186200,186250,186300,186350,186400,186450,186500,186550,186600,186650,186700,186750,186800,186850,186900,186950,187000,187050,187100,187150,187200,187250,187300,187350,187400,187450,187500,187550,187600,187650,187700,187750,187800,187850,187900,187950,188000,188050,188100,188150,188200,188250,188300,188350,188400,188450,188500,188550,188600,188650,188700,188750,188800,188850,188900,188950,189000,189050,189100,189150,189200,189250,189300,189350,189400,189450,189500,189550,189600,189650,189700,189750,189800,189850,189900,189950,190000,190050,190100,190150,190200,190250,190300,190350,190400,190450,190500,190550,190600,190650,190700,190750,190800,190850,190900,190950,191000,191050,191100,191150,191200,191250,191300,191350,191400,191450,191500,191550,191600,191650,191700,191750,191800,191850,191900,191950,192000,192050,192100,192150,192200,192250,192300,192350,192400,192450,192500,192550,192600,192650,192700,192750,192800,192850,192900,192950,193000,193050,193100,193150,193200,193250,193300,193350,193400,193450,193500,193550,193600,193650,193700,193750,193800,193850,193900,193950,194000,194050,194100,194150,194200,194250,194300,194350,194400,194450,194500,194550,194600,194650,194700,194750,194800,194850,194900,194950,195000,195050,195100,195150,195200,195250,195300,195350,195400,195450,195500,195550,195600,195650,195700,195750,195800,195850,195900,195950,196000,196050,196100,196150,196200,196250,196300,196350,196400,196450,196500,196550,196600,196650,196700,196750,196800,196850,196900,196950,197000,197050,197100,197150,197200,197250,197300,197350,197400,197450,197500,197550,197600,197650,197700,197750,197800,197850,197900,197950,198000,198050,198100,198150,198200,198250,198300,198350,198400,198450,198500,198550,198600,198650,198700,198750,198800,198850,198900,198950,199000,199050,199100,199150,199200,199250,199300,199350,199400,199450,199500,199550,199600,199650,199700,199750,199800,199850,199900,199950,200000,200050,200100,200150,200200,200250,200300,200350,200400,200450,200500,200550,200600,200650,200700,200750,200800,200850,200900,200950,201000,201050,201100,201150,201200,201250,201300,201350,201400,201450,201500,201550,201600,201650,201700,201750,201800,201850,201900,201950,202000,202050,202100,202150,202200,202250,202300,202350,202400,202450,202500,202550,202600,202650,202700,202750,202800,202850,202900,202950,203000,203050,203100,203150,203200,203250,203300,203350,203400,203450,203500,203550,203600,203650,203700,203750,203800,203850,203900,203950,204000,204050,204100,204150,204200,204250,204300,204350,204400,204450,204500,204550,204600,204650,204700,204750,204800,204850,204900,204950,205000,205050,205100,205150,205200,205250,205300,205350,205400,205450,205500,205550,205600,205650,205700,205750,205800,205850,205900,205950,206000,206050,206100,206150,206200,206250,206300,206350,206400,206450,206500,206550,206600,206650,206700,206750,206800,206850,206900,206950,207000,207050,207100,207150,207200,207250,207300,207350,207400,207450,207500,207550,207600,207650,207700,207750,207800,207850,207900,207950,208000,208050,208100,208150,208200,208250,208300,208350,208400,208450,208500,208550,208600,208650,208700,208750,208800,208850,208900,208950,209000,209050,209100,209150,209200,209250,209300,209350,209400,209450,209500,209550,209600,209650,209700,209750,209800,209850,209900,209950,210000,210050,210100,210150,210200,210250,210300,210350,210400,210450,210500,210550,210600,210650,210700,210750,210800,210850,210900,210950,211000,211050,211100,211150,211200,211250,211300,211350,211400,211450,211500,211550,211600,211650,211700,211750,211800,211850,211900,211950,212000,212050,212100,212150,212200,212250,212300,212350,212400,212450,212500,212550,212600,212650,212700,212750,212800,212850,212900,212950,213000,213050,213100,213150,213200,213250,213300,213350,213400,213450,213500,213550,213600,213650,213700,213750,213800,213850,213900,213950,214000,214050,214100,214150,214200,214250,214300,214350,214400,214450,214500,214550,214600,214650,214700,214750,214800,214850,214900,214950,215000,215050,215100,215150,215200,215250,215300,215350,215400,215450,215500,215550,215600,215650,215700,215750,215800,215850,215900,215950,216000,216050,216100,216150,216200,216250,216300,216350,216400,216450,216500,216550,216600,216650,216700,216750,216800,216850,216900,216950,217000,217050,217100,217150,217200,217250,217300,217350,217400,217450,217500,217550,217600,217650,217700,217750,217800,217850,217900,217950,218000,218050,218100,218150,218200,218250,218300,218350,218400,218450,218500,218550,218600,218650,218700,218750,218800,218850,218900,218950,219000,219050,219100,219150,219200,219250,219300,219350,219400,219450,219500,219550,219600,219650,219700,219750,219800,219850,219900,219950,220000,220050,220100,220150,220200,220250,220300,220350,220400,220450,220500,220550,220600,220650,220700,220750,220800,220850,220900,220950,221000,221050,221100,221150,221200,221250,221300,221350,221400,221450,221500,221550,221600,221650,221700,221750,221800,221850,221900,221950,222000,222050,222100,222150,222200,222250,222300,222350,222400,222450,222500,222550,222600,222650,222700,222750,222800,222850,222900,222950,223000,223050,223100,223150,223200,223250,223300,223350,223400,223450,223500,223550,223600,223650,223700,223750,223800,223850,223900,223950,224000,224050,224100,224150,224200,224250,224300,224350,224400,224450,224500,224550,224600,224650,224700,224750,224800,224850,224900,224950,225000,225050,225100,225150,225200,225250,225300,225350,225400,225450,225500,225550,225600,225650,225700,225750,225800,225850,225900,225950,226000,226050,226100,226150,226200,226250,226300,226350,226400,226450,226500,226550,226600,226650,226700,226750,226800,226850,226900,226950,227000,227050,227100,227150,227200,227250,227300,227350,227400,227450,227500,227550,227600,227650,227700,227750,227800,227850,227900,227950,228000,228050,228100,228150,228200,228250,228300,228350,228400,228450,228500,228550,228600,228650,228700,228750,228800,228850,228900,228950,229000,229050,229100,229150,229200,229250,229300,229350,229400,229450,229500,229550,229600,229650,229700,229750,229800,229850,229900,229950,230000,230050,230100,230150,230200,230250,230300,230350,230400,230450,230500,230550,230600,230650,230700,230750,230800,230850,230900,230950,231000,231050,231100,231150,231200,231250,231300,231350,231400,231450,231500,231550,231600,231650,231700,231750,231800,231850,231900,231950,232000,232050,232100,232150,232200,232250,232300,232350,232400,232450,232500,232550,232600,232650,232700,232750,232800,232850,232900,232950,233000,233050,233100,233150,233200,233250,233300,233350,233400,233450,233500,233550,233600,233650,233700,233750,233800,233850,233900,233950,234000,234050,234100,234150,234200,234250,234300,234350,234400,234450,234500,234550,234600,234650,234700,234750,234800,234850,234900,234950,235000,235050,235100,235150,235200,235250,235300,235350,235400,235450,235500,235550,235600,235650,235700,235750,235800,235850,235900,235950,236000,236050,236100,236150,236200,236250,236300,236350,236400,236450,236500,236550,236600,236650,236700,236750,236800,236850,236900,236950,237000,237050,237100,237150,237200,237250,237300,237350,237400,237450,237500,237550,237600,237650,237700,237750,237800,237850,237900,237950,238000,238050,238100,238150,238200,238250,238300,238350,238400,238450,238500,238550,238600,238650,238700,238750,238800,238850,238900,238950,239000,239050,239100,239150,239200,239250,239300,239350,239400,239450,239500,239550,239600,239650,239700,239750,239800,239850,239900,239950,240000,240050,240100,240150,240200,240250,240300,240350,240400,240450,240500,240550,240600,240650,240700,240750,240800,240850,240900,240950,241000,241050,241100,241150,241200,241250,241300,241350,241400,241450,241500,241550,241600,241650,241700,241750,241800,241850,241900,241950,242000,242050,242100,242150,242200,242250,242300,242350,242400,242450,242500,242550,242600,242650,242700,242750,242800,242850,242900,242950,243000,243050,243100,243150,243200,243250,243300,243350,243400,243450,243500,243550,243600,243650,243700,243750,243800,243850,243900,243950,244000,244050,244100,244150,244200,244250,244300,244350,244400,244450,244500,244550,244600,244650,244700,244750,244800,244850,244900,244950,245000,245050,245100,245150,245200,245250,245300,245350,245400,245450,245500,245550,245600,245650,245700,245750,245800,245850,245900,245950,246000,246050,246100,246150,246200,246250,246300,246350,246400,246450,246500,246550,246600,246650,246700,246750,246800,246850,246900,246950,247000,247050,247100,247150,247200,247250,247300,247350,247400,247450,247500,247550,247600,247650,247700,247750,247800,247850,247900,247950,248000,248050,248100,248150,248200,248250,248300,248350,248400,248450,248500,248550,248600,248650,248700,248750,248800,248850,248900,248950,249000,249050,249100,249150,249200,249250,249300,249350,249400,249450,249500,249550,249600,249650,249700,249750,249800,249850,249900,249950,250000
n_training_steps_elapsed,2500,5000,7500,10000,12500,15000,17500,20000,22500,25000,27500,30000,32500,35000,37500,40000,42500,45000,47500,50000,52500,55000,57500,60000,62500,65000,67500,70000,72500,75000,77500,80000,82500,85000,87500,90000,92500,95000,97500,100000,102500,105000,107500,110000,112500,115000,117500,120000,122500,125000,127500,130000,132500,135000,137500,140000,142500,145000,147500,150000,152500,155000,157500,160000,162500,165000,167500,170000,172500,175000,177500,180000,182500,185000,187500,190000,192500,195000,197500,200000,202500,205000,207500,210000,212500,215000,217500,220000,222500,225000,227500,230000,232500,235000,237500,240000,242500,245000,247500,250000,252500,255000,257500,260000,262500,265000,267500,270000,272500,275000,277500,280000,282500,285000,287500,290000,292500,295000,297500,300000,302500,305000,307500,310000,312500,315000,317500,320000,322500,325000,327500,330000,332500,335000,337500,340000,342500,345000,347500,350000,352500,355000,357500,360000,362500,365000,367500,370000,372500,375000,377500,380000,382500,385000,387500,390000,392500,395000,397500,400000,402500,405000,407500,410000,412500,415000,417500,420000,422500,425000,427500,430000,432500,435000,437500,440000,442500,445000,447500,450000,452500,455000,457500,460000,462500,465000,467500,470000,472500,475000,477500,480000,482500,485000,487500,490000,492500,495000,497500,500000,502500,505000,507500,510000,512500,515000,517500,520000,522500,525000,527500,530000,532500,535000,537500,540000,542500,545000,547500,550000,552500,555000,557500,560000,562500,565000,567500,570000,572500,575000,577500,580000,582500,585000,587500,590000,592500,595000,597500,600000,602500,605000,607500,610000,612500,615000,617500,620000,622500,625000,627500,630000,632500,635000,637500,640000,642500,645000,647500,650000,652500,655000,657500,660000,662500,665000,667500,670000,672500,675000,677500,680000,682500,685000,687500,690000,692500,695000,697500,700000,702500,705000,707500,710000,712500,715000,717500,720000,722500,725000,727500,730000,732500,735000,737500,740000,742500,745000,747500,750000,752500,755000,757500,760000,762500,765000,767500,770000,772500,775000,777500,780000,782500,785000,787500,790000,792500,795000,797500,800000,802500,805000,807500,810000,812500,815000,817500,820000,822500,825000,827500,830000,832500,835000,837500,840000,842500,845000,847500,850000,852500,855000,857500,860000,862500,865000,867500,870000,872500,875000,877500,880000,882500,885000,887500,890000,892500,895000,897500,900000,902500,905000,907500,910000,912500,915000,917500,920000,922500,925000,927500,930000,932500,935000,937500,940000,942500,945000,947500,950000,952500,955000,957500,960000,962500,965000,967500,970000,972500,975000,977500,980000,982500,985000,987500,990000,992500,995000,997500,1000000,1002500,1005000,1007500,1010000,1012500,1015000,1017500,1020000,1022500,1025000,1027500,1030000,1032500,1035000,1037500,1040000,1042500,1045000,1047500,1050000,1052500,1055000,1057500,1060000,1062500,1065000,1067500,1070000,1072500,1075000,1077500,1080000,1082500,1085000,1087500,1090000,1092500,1095000,1097500,1100000,1102500,1105000,1107500,1110000,1112500,1115000,1117500,1120000,1122500,1125000,1127500,1130000,1132500,1135000,1137500,1140000,1142500,1145000,1147500,1150000,1152500,1155000,1157500,1160000,1162500,1165000,1167500,1170000,1172500,1175000,1177500,1180000,1182500,1185000,1187500,1190000,1192500,1195000,1197500,1200000,1202500,1205000,1207500,1210000,1212500,1215000,1217500,1220000,1222500,1225000,1227500,1230000,1232500,1235000,1237500,1240000,1242500,1245000,1247500,1250000,1252500,1255000,1257500,1260000,1262500,1265000,1267500,1270000,1272500,1275000,1277500,1280000,1282500,1285000,1287500,1290000,1292500,1295000,1297500,1300000,1302500,1305000,1307500,1310000,1312500,1315000,1317500,1320000,1322500,1325000,1327500,1330000,1332500,1335000,1337500,1340000,1342500,1345000,1347500,1350000,1352500,1355000,1357500,1360000,1362500,1365000,1367500,1370000,1372500,1375000,1377500,1380000,1382500,1385000,1387500,1390000,1392500,1395000,1397500,1400000,1402500,1405000,1407500,1410000,1412500,1415000,1417500,1420000,1422500,1425000,1427500,1430000,1432500,1435000,1437500,1440000,1442500,1445000,1447500,1450000,1452500,1455000,1457500,1460000,1462500,1465000,1467500,1470000,1472500,1475000,1477500,1480000,1482500,1485000,1487500,1490000,1492500,1495000,1497500,1500000,1502500,1505000,1507500,1510000,1512500,1515000,1517500,1520000,1522500,1525000,1527500,1530000,1532500,1535000,1537500,1540000,1542500,1545000,1547500,1550000,1552500,1555000,1557500,1560000,1562500,1565000,1567500,1570000,1572500,1575000,1577500,1580000,1582500,1585000,1587500,1590000,1592500,1595000,1597500,1600000,1602500,1605000,1607500,1610000,1612500,1615000,1617500,1620000,1622500,1625000,1627500,1630000,1632500,1635000,1637500,1640000,1642500,1645000,1647500,1650000,1652500,1655000,1657500,1660000,1662500,1665000,1667500,1670000,1672500,1675000,1677500,1680000,1682500,1685000,1687500,1690000,1692500,1695000,1697500,1700000,1702500,1705000,1707500,1710000,1712500,1715000,1717500,1720000,1722500,1725000,1727500,1730000,1732500,1735000,1737500,1740000,1742500,1745000,1747500,1750000,1752500,1755000,1757500,1760000,1762500,1765000,1767500,1770000,1772500,1775000,1777500,1780000,1782500,1785000,1787500,1790000,1792500,1795000,1797500,1800000,1802500,1805000,1807500,1810000,1812500,1815000,1817500,1820000,1822500,1825000,1827500,1830000,1832500,1835000,1837500,1840000,1842500,1845000,1847500,1850000,1852500,1855000,1857500,1860000,1862500,1865000,1867500,1870000,1872500,1875000,1877500,1880000,1882500,1885000,1887500,1890000,1892500,1895000,1897500,1900000,1902500,1905000,1907500,1910000,1912500,1915000,1917500,1920000,1922500,1925000,1927500,1930000,1932500,1935000,1937500,1940000,1942500,1945000,1947500,1950000,1952500,1955000,1957500,1960000,1962500,1965000,1967500,1970000,1972500,1975000,1977500,1980000,1982500,1985000,1987500,1990000,1992500,1995000,1997500,2000000,2002500,2005000,2007500,2010000,2012500,2015000,2017500,2020000,2022500,2025000,2027500,2030000,2032500,2035000,2037500,2040000,2042500,2045000,2047500,2050000,2052500,2055000,2057500,2060000,2062500,2065000,2067500,2070000,2072500,2075000,2077500,2080000,2082500,2085000,2087500,2090000,2092500,2095000,2097500,2100000,2102500,2105000,2107500,2110000,2112500,2115000,2117500,2120000,2122500,2125000,2127500,2130000,2132500,2135000,2137500,2140000,2142500,2145000,2147500,2150000,2152500,2155000,2157500,2160000,2162500,2165000,2167500,2170000,2172500,2175000,2177500,2180000,2182500,2185000,2187500,2190000,2192500,2195000,2197500,2200000,2202500,2205000,2207500,2210000,2212500,2215000,2217500,2220000,2222500,2225000,2227500,2230000,2232500,2235000,2237500,2240000,2242500,2245000,2247500,2250000,2252500,2255000,2257500,2260000,2262500,2265000,2267500,2270000,2272500,2275000,2277500,2280000,2282500,2285000,2287500,2290000,2292500,2295000,2297500,2300000,2302500,2305000,2307500,2310000,2312500,2315000,2317500,2320000,2322500,2325000,2327500,2330000,2332500,2335000,2337500,2340000,2342500,2345000,2347500,2350000,2352500,2355000,2357500,2360000,2362500,2365000,2367500,2370000,2372500,2375000,2377500,2380000,2382500,2385000,2387500,2390000,2392500,2395000,2397500,2400000,2402500,2405000,2407500,2410000,2412500,2415000,2417500,2420000,2422500,2425000,2427500,2430000,2432500,2435000,2437500,2440000,2442500,2445000,2447500,2450000,2452500,2455000,2457500,2460000,2462500,2465000,2467500,2470000,2472500,2475000,2477500,2480000,2482500,2485000,2487500,2490000,2492500,2495000,2497500,2500000,2502500,2505000,2507500,2510000,2512500,2515000,2517500,2520000,2522500,2525000,2527500,2530000,2532500,2535000,2537500,2540000,2542500,2545000,2547500,2550000,2552500,2555000,2557500,2560000,2562500,2565000,2567500,2570000,2572500,2575000,2577500,2580000,2582500,2585000,2587500,2590000,2592500,2595000,2597500,2600000,2602500,2605000,2607500,2610000,2612500,2615000,2617500,2620000,2622500,2625000,2627500,2630000,2632500,2635000,2637500,2640000,2642500,2645000,2647500,2650000,2652500,2655000,2657500,2660000,2662500,2665000,2667500,2670000,2672500,2675000,2677500,2680000,2682500,2685000,2687500,2690000,2692500,2695000,2697500,2700000,2702500,2705000,2707500,2710000,2712500,2715000,2717500,2720000,2722500,2725000,2727500,2730000,2732500,2735000,2737500,2740000,2742500,2745000,2747500,2750000,2752500,2755000,2757500,2760000,2762500,2765000,2767500,2770000,2772500,2775000,2777500,2780000,2782500,2785000,2787500,2790000,2792500,2795000,2797500,2800000,2802500,2805000,2807500,2810000,2812500,2815000,2817500,2820000,2822500,2825000,2827500,2830000,2832500,2835000,2837500,2840000,2842500,2845000,2847500,2850000,2852500,2855000,2857500,2860000,2862500,2865000,2867500,2870000,2872500,2875000,2877500,2880000,2882500,2885000,2887500,2890000,2892500,2895000,2897500,2900000,2902500,2905000,2907500,2910000,2912500,2915000,2917500,2920000,2922500,2925000,2927500,2930000,2932500,2935000,2937500,2940000,2942500,2945000,2947500,2950000,2952500,2955000,2957500,2960000,2962500,2965000,2967500,2970000,2972500,2975000,2977500,2980000,2982500,2985000,2987500,2990000,2992500,2995000,2997500,3000000,3002500,3005000,3007500,3010000,3012500,3015000,3017500,3020000,3022500,3025000,3027500,3030000,3032500,3035000,3037500,3040000,3042500,3045000,3047500,3050000,3052500,3055000,3057500,3060000,3062500,3065000,3067500,3070000,3072500,3075000,3077500,3080000,3082500,3085000,3087500,3090000,3092500,3095000,3097500,3100000,3102500,3105000,3107500,3110000,3112500,3115000,3117500,3120000,3122500,3125000,3127500,3130000,3132500,3135000,3137500,3140000,3142500,3145000,3147500,3150000,3152500,3155000,3157500,3160000,3162500,3165000,3167500,3170000,3172500,3175000,3177500,3180000,3182500,3185000,3187500,3190000,3192500,3195000,3197500,3200000,3202500,3205000,3207500,3210000,3212500,3215000,3217500,3220000,3222500,3225000,3227500,3230000,3232500,3235000,3237500,3240000,3242500,3245000,3247500,3250000,3252500,3255000,3257500,3260000,3262500,3265000,3267500,3270000,3272500,3275000,3277500,3280000,3282500,3285000,3287500,3290000,3292500,3295000,3297500,3300000,3302500,3305000,3307500,3310000,3312500,3315000,3317500,3320000,3322500,3325000,3327500,3330000,3332500,3335000,3337500,3340000,3342500,3345000,3347500,3350000,3352500,3355000,3357500,3360000,3362500,3365000,3367500,3370000,3372500,3375000,3377500,3380000,3382500,3385000,3387500,3390000,3392500,3395000,3397500,3400000,3402500,3405000,3407500,3410000,3412500,3415000,3417500,3420000,3422500,3425000,3427500,3430000,3432500,3435000,3437500,3440000,3442500,3445000,3447500,3450000,3452500,3455000,3457500,3460000,3462500,3465000,3467500,3470000,3472500,3475000,3477500,3480000,3482500,3485000,3487500,3490000,3492500,3495000,3497500,3500000,3502500,3505000,3507500,3510000,3512500,3515000,3517500,3520000,3522500,3525000,3527500,3530000,3532500,3535000,3537500,3540000,3542500,3545000,3547500,3550000,3552500,3555000,3557500,3560000,3562500,3565000,3567500,3570000,3572500,3575000,3577500,3580000,3582500,3585000,3587500,3590000,3592500,3595000,3597500,3600000,3602500,3605000,3607500,3610000,3612500,3615000,3617500,3620000,3622500,3625000,3627500,3630000,3632500,3635000,3637500,3640000,3642500,3645000,3647500,3650000,3652500,3655000,3657500,3660000,3662500,3665000,3667500,3670000,3672500,3675000,3677500,3680000,3682500,3685000,3687500,3690000,3692500,3695000,3697500,3700000,3702500,3705000,3707500,3710000,3712500,3715000,3717500,3720000,3722500,3725000,3727500,3730000,3732500,3735000,3737500,3740000,3742500,3745000,3747500,3750000,3752500,3755000,3757500,3760000,3762500,3765000,3767500,3770000,3772500,3775000,3777500,3780000,3782500,3785000,3787500,3790000,3792500,3795000,3797500,3800000,3802500,3805000,3807500,3810000,3812500,3815000,3817500,3820000,3822500,3825000,3827500,3830000,3832500,3835000,3837500,3840000,3842500,3845000,3847500,3850000,3852500,3855000,3857500,3860000,3862500,3865000,3867500,3870000,3872500,3875000,3877500,3880000,3882500,3885000,3887500,3890000,3892500,3895000,3897500,3900000,3902500,3905000,3907500,3910000,3912500,3915000,3917500,3920000,3922500,3925000,3927500,3930000,3932500,3935000,3937500,3940000,3942500,3945000,3947500,3950000,3952500,3955000,3957500,3960000,3962500,3965000,3967500,3970000,3972500,3975000,3977500,3980000,3982500,3985000,3987500,3990000,3992500,3995000,3997500,4000000,4002500,4005000,4007500,4010000,4012500,4015000,4017500,4020000,4022500,4025000,4027500,4030000,4032500,4035000,4037500,4040000,4042500,4045000,4047500,4050000,4052500,4055000,4057500,4060000,4062500,4065000,4067500,4070000,4072500,4075000,4077500,4080000,4082500,4085000,4087500,4090000,4092500,4095000,4097500,4100000,4102500,4105000,4107500,4110000,4112500,4115000,4117500,4120000,4122500,4125000,4127500,4130000,4132500,4135000,4137500,4140000,4142500,4145000,4147500,4150000,4152500,4155000,4157500,4160000,4162500,4165000,4167500,4170000,4172500,4175000,4177500,4180000,4182500,4185000,4187500,4190000,4192500,4195000,4197500,4200000,4202500,4205000,4207500,4210000,4212500,4215000,4217500,4220000,4222500,4225000,4227500,4230000,4232500,4235000,4237500,4240000,4242500,4245000,4247500,4250000,4252500,4255000,4257500,4260000,4262500,4265000,4267500,4270000,4272500,4275000,4277500,4280000,4282500,4285000,4287500,4290000,4292500,4295000,4297500,4300000,4302500,4305000,4307500,4310000,4312500,4315000,4317500,4320000,4322500,4325000,4327500,4330000,4332500,4335000,4337500,4340000,4342500,4345000,4347500,4350000,4352500,4355000,4357500,4360000,4362500,4365000,4367500,4370000,4372500,4375000,4377500,4380000,4382500,4385000,4387500,4390000,4392500,4395000,4397500,4400000,4402500,4405000,4407500,4410000,4412500,4415000,4417500,4420000,4422500,4425000,4427500,4430000,4432500,4435000,4437500,4440000,4442500,4445000,4447500,4450000,4452500,4455000,4457500,4460000,4462500,4465000,4467500,4470000,4472500,4475000,4477500,4480000,4482500,4485000,4487500,4490000,4492500,4495000,4497500,4500000,4502500,4505000,4507500,4510000,4512500,4515000,4517500,4520000,4522500,4525000,4527500,4530000,4532500,4535000,4537500,4540000,4542500,4545000,4547500,4550000,4552500,4555000,4557500,4560000,4562500,4565000,4567500,4570000,4572500,4575000,4577500,4580000,4582500,4585000,4587500,4590000,4592500,4595000,4597500,4600000,4602500,4605000,4607500,4610000,4612500,4615000,4617500,4620000,4622500,4625000,4627500,4630000,4632500,4635000,4637500,4640000,4642500,4645000,4647500,4650000,4652500,4655000,4657500,4660000,4662500,4665000,4667500,4670000,4672500,4675000,4677500,4680000,4682500,4685000,4687500,4690000,4692500,4695000,4697500,4700000,4702500,4705000,4707500,4710000,4712500,4715000,4717500,4720000,4722500,4725000,4727500,4730000,4732500,4735000,4737500,4740000,4742500,4745000,4747500,4750000,4752500,4755000,4757500,4760000,4762500,4765000,4767500,4770000,4772500,4775000,4777500,4780000,4782500,4785000,4787500,4790000,4792500,4795000,4797500,4800000,4802500,4805000,4807500,4810000,4812500,4815000,4817500,4820000,4822500,4825000,4827500,4830000,4832500,4835000,4837500,4840000,4842500,4845000,4847500,4850000,4852500,4855000,4857500,4860000,4862500,4865000,4867500,4870000,4872500,4875000,4877500,4880000,4882500,4885000,4887500,4890000,4892500,4895000,4897500,4900000,4902500,4905000,4907500,4910000,4912500,4915000,4917500,4920000,4922500,4925000,4927500,4930000,4932500,4935000,4937500,4940000,4942500,4945000,4947500,4950000,4952500,4955000,4957500,4960000,4962500,4965000,4967500,4970000,4972500,4975000,4977500,4980000,4982500,4985000,4987500,4990000,4992500,4995000,4997500,5000000,5002500,5005000,5007500,5010000,5012500,5015000,5017500,5020000,5022500,5025000,5027500,5030000,5032500,5035000,5037500,5040000,5042500,5045000,5047500,5050000,5052500,5055000,5057500,5060000,5062500,5065000,5067500,5070000,5072500,5075000,5077500,5080000,5082500,5085000,5087500,5090000,5092500,5095000,5097500,5100000,5102500,5105000,5107500,5110000,5112500,5115000,5117500,5120000,5122500,5125000,5127500,5130000,5132500,5135000,5137500,5140000,5142500,5145000,5147500,5150000,5152500,5155000,5157500,5160000,5162500,5165000,5167500,5170000,5172500,5175000,5177500,5180000,5182500,5185000,5187500,5190000,5192500,5195000,5197500,5200000,5202500,5205000,5207500,5210000,5212500,5215000,5217500,5220000,5222500,5225000,5227500,5230000,5232500,5235000,5237500,5240000,5242500,5245000,5247500,5250000,5252500,5255000,5257500,5260000,5262500,5265000,5267500,5270000,5272500,5275000,5277500,5280000,5282500,5285000,5287500,5290000,5292500,5295000,5297500,5300000,5302500,5305000,5307500,5310000,5312500,5315000,5317500,5320000,5322500,5325000,5327500,5330000,5332500,5335000,5337500,5340000,5342500,5345000,5347500,5350000,5352500,5355000,5357500,5360000,5362500,5365000,5367500,5370000,5372500,5375000,5377500,5380000,5382500,5385000,5387500,5390000,5392500,5395000,5397500,5400000,5402500,5405000,5407500,5410000,5412500,5415000,5417500,5420000,5422500,5425000,5427500,5430000,5432500,5435000,5437500,5440000,5442500,5445000,5447500,5450000,5452500,5455000,5457500,5460000,5462500,5465000,5467500,5470000,5472500,5475000,5477500,5480000,5482500,5485000,5487500,5490000,5492500,5495000,5497500,5500000,5502500,5505000,5507500,5510000,5512500,5515000,5517500,5520000,5522500,5525000,5527500,5530000,5532500,5535000,5537500,5540000,5542500,5545000,5547500,5550000,5552500,5555000,5557500,5560000,5562500,5565000,5567500,5570000,5572500,5575000,5577500,5580000,5582500,5585000,5587500,5590000,5592500,5595000,5597500,5600000,5602500,5605000,5607500,5610000,5612500,5615000,5617500,5620000,5622500,5625000,5627500,5630000,5632500,5635000,5637500,5640000,5642500,5645000,5647500,5650000,5652500,5655000,5657500,5660000,5662500,5665000,5667500,5670000,5672500,5675000,5677500,5680000,5682500,5685000,5687500,5690000,5692500,5695000,5697500,5700000,5702500,5705000,5707500,5710000,5712500,5715000,5717500,5720000,5722500,5725000,5727500,5730000,5732500,5735000,5737500,5740000,5742500,5745000,5747500,5750000,5752500,5755000,5757500,5760000,5762500,5765000,5767500,5770000,5772500,5775000,5777500,5780000,5782500,5785000,5787500,5790000,5792500,5795000,5797500,5800000,5802500,5805000,5807500,5810000,5812500,5815000,5817500,5820000,5822500,5825000,5827500,5830000,5832500,5835000,5837500,5840000,5842500,5845000,5847500,5850000,5852500,5855000,5857500,5860000,5862500,5865000,5867500,5870000,5872500,5875000,5877500,5880000,5882500,5885000,5887500,5890000,5892500,5895000,5897500,5900000,5902500,5905000,5907500,5910000,5912500,5915000,5917500,5920000,5922500,5925000,5927500,5930000,5932500,5935000,5937500,5940000,5942500,5945000,5947500,5950000,5952500,5955000,5957500,5960000,5962500,5965000,5967500,5970000,5972500,5975000,5977500,5980000,5982500,5985000,5987500,5990000,5992500,5995000,5997500,6000000,6002500,6005000,6007500,6010000,6012500,6015000,6017500,6020000,6022500,6025000,6027500,6030000,6032500,6035000,6037500,6040000,6042500,6045000,6047500,6050000,6052500,6055000,6057500,6060000,6062500,6065000,6067500,6070000,6072500,6075000,6077500,6080000,6082500,6085000,6087500,6090000,6092500,6095000,6097500,6100000,6102500,6105000,6107500,6110000,6112500,6115000,6117500,6120000,6122500,6125000,6127500,6130000,6132500,6135000,6137500,6140000,6142500,6145000,6147500,6150000,6152500,6155000,6157500,6160000,6162500,6165000,6167500,6170000,6172500,6175000,6177500,6180000,6182500,6185000,6187500,6190000,6192500,6195000,6197500,6200000,6202500,6205000,6207500,6210000,6212500,6215000,6217500,6220000,6222500,6225000,6227500,6230000,6232500,6235000,6237500,6240000,6242500,6245000,6247500,6250000,6252500,6255000,6257500,6260000,6262500,6265000,6267500,6270000,6272500,6275000,6277500,6280000,6282500,6285000,6287500,6290000,6292500,6295000,6297500,6300000,6302500,6305000,6307500,6310000,6312500,6315000,6317500,6320000,6322500,6325000,6327500,6330000,6332500,6335000,6337500,6340000,6342500,6345000,6347500,6350000,6352500,6355000,6357500,6360000,6362500,6365000,6367500,6370000,6372500,6375000,6377500,6380000,6382500,6385000,6387500,6390000,6392500,6395000,6397500,6400000,6402500,6405000,6407500,6410000,6412500,6415000,6417500,6420000,6422500,6425000,6427500,6430000,6432500,6435000,6437500,6440000,6442500,6445000,6447500,6450000,6452500,6455000,6457500,6460000,6462500,6465000,6467500,6470000,6472500,6475000,6477500,6480000,6482500,6485000,6487500,6490000,6492500,6495000,6497500,6500000,6502500,6505000,6507500,6510000,6512500,6515000,6517500,6520000,6522500,6525000,6527500,6530000,6532500,6535000,6537500,6540000,6542500,6545000,6547500,6550000,6552500,6555000,6557500,6560000,6562500,6565000,6567500,6570000,6572500,6575000,6577500,6580000,6582500,6585000,6587500,6590000,6592500,6595000,6597500,6600000,6602500,6605000,6607500,6610000,6612500,6615000,6617500,6620000,6622500,6625000,6627500,6630000,6632500,6635000,6637500,6640000,6642500,6645000,6647500,6650000,6652500,6655000,6657500,6660000,6662500,6665000,6667500,6670000,6672500,6675000,6677500,6680000,6682500,6685000,6687500,6690000,6692500,6695000,6697500,6700000,6702500,6705000,6707500,6710000,6712500,6715000,6717500,6720000,6722500,6725000,6727500,6730000,6732500,6735000,6737500,6740000,6742500,6745000,6747500,6750000,6752500,6755000,6757500,6760000,6762500,6765000,6767500,6770000,6772500,6775000,6777500,6780000,6782500,6785000,6787500,6790000,6792500,6795000,6797500,6800000,6802500,6805000,6807500,6810000,6812500,6815000,6817500,6820000,6822500,6825000,6827500,6830000,6832500,6835000,6837500,6840000,6842500,6845000,6847500,6850000,6852500,6855000,6857500,6860000,6862500,6865000,6867500,6870000,6872500,6875000,6877500,6880000,6882500,6885000,6887500,6890000,6892500,6895000,6897500,6900000,6902500,6905000,6907500,6910000,6912500,6915000,6917500,6920000,6922500,6925000,6927500,6930000,6932500,6935000,6937500,6940000,6942500,6945000,6947500,6950000,6952500,6955000,6957500,6960000,6962500,6965000,6967500,6970000,6972500,6975000,6977500,6980000,6982500,6985000,6987500,6990000,6992500,6995000,6997500,7000000,7002500,7005000,7007500,7010000,7012500,7015000,7017500,7020000,7022500,7025000,7027500,7030000,7032500,7035000,7037500,7040000,7042500,7045000,7047500,7050000,7052500,7055000,7057500,7060000,7062500,7065000,7067500,7070000,7072500,7075000,7077500,7080000,7082500,7085000,7087500,7090000,7092500,7095000,7097500,7100000,7102500,7105000,7107500,7110000,7112500,7115000,7117500,7120000,7122500,7125000,7127500,7130000,7132500,7135000,7137500,7140000,7142500,7145000,7147500,7150000,7152500,7155000,7157500,7160000,7162500,7165000,7167500,7170000,7172500,7175000,7177500,7180000,7182500,7185000,7187500,7190000,7192500,7195000,7197500,7200000,7202500,7205000,7207500,7210000,7212500,7215000,7217500,7220000,7222500,7225000,7227500,7230000,7232500,7235000,7237500,7240000,7242500,7245000,7247500,7250000,7252500,7255000,7257500,7260000,7262500,7265000,7267500,7270000,7272500,7275000,7277500,7280000,7282500,7285000,7287500,7290000,7292500,7295000,7297500,7300000,7302500,7305000,7307500,7310000,7312500,7315000,7317500,7320000,7322500,7325000,7327500,7330000,7332500,7335000,7337500,7340000,7342500,7345000,7347500,7350000,7352500,7355000,7357500,7360000,7362500,7365000,7367500,7370000,7372500,7375000,7377500,7380000,7382500,7385000,7387500,7390000,7392500,7395000,7397500,7400000,7402500,7405000,7407500,7410000,7412500,7415000,7417500,7420000,7422500,7425000,7427500,7430000,7432500,7435000,7437500,7440000,7442500,7445000,7447500,7450000,7452500,7455000,7457500,7460000,7462500,7465000,7467500,7470000,7472500,7475000,7477500,7480000,7482500,7485000,7487500,7490000,7492500,7495000,7497500,7500000,7502500,7505000,7507500,7510000,7512500,7515000,7517500,7520000,7522500,7525000,7527500,7530000,7532500,7535000,7537500,7540000,7542500,7545000,7547500,7550000,7552500,7555000,7557500,7560000,7562500,7565000,7567500,7570000,7572500,7575000,7577500,7580000,7582500,7585000,7587500,7590000,7592500,7595000,7597500,7600000,7602500,7605000,7607500,7610000,7612500,7615000,7617500,7620000,7622500,7625000,7627500,7630000,7632500,7635000,7637500,7640000,7642500,7645000,7647500,7650000,7652500,7655000,7657500,7660000,7662500,7665000,7667500,7670000,7672500,7675000,7677500,7680000,7682500,7685000,7687500,7690000,7692500,7695000,7697500,7700000,7702500,7705000,7707500,7710000,7712500,7715000,7717500,7720000,7722500,7725000,7727500,7730000,7732500,7735000,7737500,7740000,7742500,7745000,7747500,7750000,7752500,7755000,7757500,7760000,7762500,7765000,7767500,7770000,7772500,7775000,7777500,7780000,7782500,7785000,7787500,7790000,7792500,7795000,7797500,7800000,7802500,7805000,7807500,7810000,7812500,7815000,7817500,7820000,7822500,7825000,7827500,7830000,7832500,7835000,7837500,7840000,7842500,7845000,7847500,7850000,7852500,7855000,7857500,7860000,7862500,7865000,7867500,7870000,7872500,7875000,7877500,7880000,7882500,7885000,7887500,7890000,7892500,7895000,7897500,7900000,7902500,7905000,7907500,7910000,7912500,7915000,7917500,7920000,7922500,7925000,7927500,7930000,7932500,7935000,7937500,7940000,7942500,7945000,7947500,7950000,7952500,7955000,7957500,7960000,7962500,7965000,7967500,7970000,7972500,7975000,7977500,7980000,7982500,7985000,7987500,7990000,7992500,7995000,7997500,8000000,8002500,8005000,8007500,8010000,8012500,8015000,8017500,8020000,8022500,8025000,8027500,8030000,8032500,8035000,8037500,8040000,8042500,8045000,8047500,8050000,8052500,8055000,8057500,8060000,8062500,8065000,8067500,8070000,8072500,8075000,8077500,8080000,8082500,8085000,8087500,8090000,8092500,8095000,8097500,8100000,8102500,8105000,8107500,8110000,8112500,8115000,8117500,8120000,8122500,8125000,8127500,8130000,8132500,8135000,8137500,8140000,8142500,8145000,8147500,8150000,8152500,8155000,8157500,8160000,8162500,8165000,8167500,8170000,8172500,8175000,8177500,8180000,8182500,8185000,8187500,8190000,8192500,8195000,8197500,8200000,8202500,8205000,8207500,8210000,8212500,8215000,8217500,8220000,8222500,8225000,8227500,8230000,8232500,8235000,8237500,8240000,8242500,8245000,8247500,8250000,8252500,8255000,8257500,8260000,8262500,8265000,8267500,8270000,8272500,8275000,8277500,8280000,8282500,8285000,8287500,8290000,8292500,8295000,8297500,8300000,8302500,8305000,8307500,8310000,8312500,8315000,8317500,8320000,8322500,8325000,8327500,8330000,8332500,8335000,8337500,8340000,8342500,8345000,8347500,8350000,8352500,8355000,8357500,8360000,8362500,8365000,8367500,8370000,8372500,8375000,8377500,8380000,8382500,8385000,8387500,8390000,8392500,8395000,8397500,8400000,8402500,8405000,8407500,8410000,8412500,8415000,8417500,8420000,8422500,8425000,8427500,8430000,8432500,8435000,8437500,8440000,8442500,8445000,8447500,8450000,8452500,8455000,8457500,8460000,8462500,8465000,8467500,8470000,8472500,8475000,8477500,8480000,8482500,8485000,8487500,8490000,8492500,8495000,8497500,8500000,8502500,8505000,8507500,8510000,8512500,8515000,8517500,8520000,8522500,8525000,8527500,8530000,8532500,8535000,8537500,8540000,8542500,8545000,8547500,8550000,8552500,8555000,8557500,8560000,8562500,8565000,8567500,8570000,8572500,8575000,8577500,8580000,8582500,8585000,8587500,8590000,8592500,8595000,8597500,8600000,8602500,8605000,8607500,8610000,8612500,8615000,8617500,8620000,8622500,8625000,8627500,8630000,8632500,8635000,8637500,8640000,8642500,8645000,8647500,8650000,8652500,8655000,8657500,8660000,8662500,8665000,8667500,8670000,8672500,8675000,8677500,8680000,8682500,8685000,8687500,8690000,8692500,8695000,8697500,8700000,8702500,8705000,8707500,8710000,8712500,8715000,8717500,8720000,8722500,8725000,8727500,8730000,8732500,8735000,8737500,8740000,8742500,8745000,8747500,8750000,8752500,8755000,8757500,8760000,8762500,8765000,8767500,8770000,8772500,8775000,8777500,8780000,8782500,8785000,8787500,8790000,8792500,8795000,8797500,8800000,8802500,8805000,8807500,8810000,8812500,8815000,8817500,8820000,8822500,8825000,8827500,8830000,8832500,8835000,8837500,8840000,8842500,8845000,8847500,8850000,8852500,8855000,8857500,8860000,8862500,8865000,8867500,8870000,8872500,8875000,8877500,8880000,8882500,8885000,8887500,8890000,8892500,8895000,8897500,8900000,8902500,8905000,8907500,8910000,8912500,8915000,8917500,8920000,8922500,8925000,8927500,8930000,8932500,8935000,8937500,8940000,8942500,8945000,8947500,8950000,8952500,8955000,8957500,8960000,8962500,8965000,8967500,8970000,8972500,8975000,8977500,8980000,8982500,8985000,8987500,8990000,8992500,8995000,8997500,9000000,9002500,9005000,9007500,9010000,9012500,9015000,9017500,9020000,9022500,9025000,9027500,9030000,9032500,9035000,9037500,9040000,9042500,9045000,9047500,9050000,9052500,9055000,9057500,9060000,9062500,9065000,9067500,9070000,9072500,9075000,9077500,9080000,9082500,9085000,9087500,9090000,9092500,9095000,9097500,9100000,9102500,9105000,9107500,9110000,9112500,9115000,9117500,9120000,9122500,9125000,9127500,9130000,9132500,9135000,9137500,9140000,9142500,9145000,9147500,9150000,9152500,9155000,9157500,9160000,9162500,9165000,9167500,9170000,9172500,9175000,9177500,9180000,9182500,9185000,9187500,9190000,9192500,9195000,9197500,9200000,9202500,9205000,9207500,9210000,9212500,9215000,9217500,9220000,9222500,9225000,9227500,9230000,9232500,9235000,9237500,9240000,9242500,9245000,9247500,9250000,9252500,9255000,9257500,9260000,9262500,9265000,9267500,9270000,9272500,9275000,9277500,9280000,9282500,9285000,9287500,9290000,9292500,9295000,9297500,9300000,9302500,9305000,9307500,9310000,9312500,9315000,9317500,9320000,9322500,9325000,9327500,9330000,9332500,9335000,9337500,9340000,9342500,9345000,9347500,9350000,9352500,9355000,9357500,9360000,9362500,9365000,9367500,9370000,9372500,9375000,9377500,9380000,9382500,9385000,9387500,9390000,9392500,9395000,9397500,9400000,9402500,9405000,9407500,9410000,9412500,9415000,9417500,9420000,9422500,9425000,9427500,9430000,9432500,9435000,9437500,9440000,9442500,9445000,9447500,9450000,9452500,9455000,9457500,9460000,9462500,9465000,9467500,9470000,9472500,9475000,9477500,9480000,9482500,9485000,9487500,9490000,9492500,9495000,9497500,9500000,9502500,9505000,9507500,9510000,9512500,9515000,9517500,9520000,9522500,9525000,9527500,9530000,9532500,9535000,9537500,9540000,9542500,9545000,9547500,9550000,9552500,9555000,9557500,9560000,9562500,9565000,9567500,9570000,9572500,9575000,9577500,9580000,9582500,9585000,9587500,9590000,9592500,9595000,9597500,9600000,9602500,9605000,9607500,9610000,9612500,9615000,9617500,9620000,9622500,9625000,9627500,9630000,9632500,9635000,9637500,9640000,9642500,9645000,9647500,9650000,9652500,9655000,9657500,9660000,9662500,9665000,9667500,9670000,9672500,9675000,9677500,9680000,9682500,9685000,9687500,9690000,9692500,9695000,9697500,9700000,9702500,9705000,9707500,9710000,9712500,9715000,9717500,9720000,9722500,9725000,9727500,9730000,9732500,9735000,9737500,9740000,9742500,9745000,9747500,9750000,9752500,9755000,9757500,9760000,9762500,9765000,9767500,9770000,9772500,9775000,9777500,9780000,9782500,9785000,9787500,9790000,9792500,9795000,9797500,9800000,9802500,9805000,9807500,9810000,9812500,9815000,9817500,9820000,9822500,9825000,9827500,9830000,9832500,9835000,9837500,9840000,9842500,9845000,9847500,9850000,9852500,9855000,9857500,9860000,9862500,9865000,9867500,9870000,9872500,9875000,9877500,9880000,9882500,9885000,9887500,9890000,9892500,9895000,9897500,9900000,9902500,9905000,9907500,9910000,9912500,9915000,9917500,9920000,9922500,9925000,9927500,9930000,9932500,9935000,9937500,9940000,9942500,9945000,9947500,9950000,9952500,9955000,9957500,9960000,9962500,9965000,9967500,9970000,9972500,9975000,9977500,9980000,9982500,9985000,9987500,9990000,9992500,9995000,9997500,10000000,10002500,10005000,10007500,10010000,10012500,10015000,10017500,10020000,10022500,10025000,10027500,10030000,10032500,10035000,10037500,10040000,10042500,10045000,10047500,10050000,10052500,10055000,10057500,10060000,10062500,10065000,10067500,10070000,10072500,10075000,10077500,10080000,10082500,10085000,10087500,10090000,10092500,10095000,10097500,10100000,10102500,10105000,10107500,10110000,10112500,10115000,10117500,10120000,10122500,10125000,10127500,10130000,10132500,10135000,10137500,10140000,10142500,10145000,10147500,10150000,10152500,10155000,10157500,10160000,10162500,10165000,10167500,10170000,10172500,10175000,10177500,10180000,10182500,10185000,10187500,10190000,10192500,10195000,10197500,10200000,10202500,10205000,10207500,10210000,10212500,10215000,10217500,10220000,10222500,10225000,10227500,10230000,10232500,10235000,10237500,10240000,10242500,10245000,10247500,10250000,10252500,10255000,10257500,10260000,10262500,10265000,10267500,10270000,10272500,10275000,10277500,10280000,10282500,10285000,10287500,10290000,10292500,10295000,10297500,10300000,10302500,10305000,10307500,10310000,10312500,10315000,10317500,10320000,10322500,10325000,10327500,10330000,10332500,10335000,10337500,10340000,10342500,10345000,10347500,10350000,10352500,10355000,10357500,10360000,10362500,10365000,10367500,10370000,10372500,10375000,10377500,10380000,10382500,10385000,10387500,10390000,10392500,10395000,10397500,10400000,10402500,10405000,10407500,10410000,10412500,10415000,10417500,10420000,10422500,10425000,10427500,10430000,10432500,10435000,10437500,10440000,10442500,10445000,10447500,10450000,10452500,10455000,10457500,10460000,10462500,10465000,10467500,10470000,10472500,10475000,10477500,10480000,10482500,10485000,10487500,10490000,10492500,10495000,10497500,10500000,10502500,10505000,10507500,10510000,10512500,10515000,10517500,10520000,10522500,10525000,10527500,10530000,10532500,10535000,10537500,10540000,10542500,10545000,10547500,10550000,10552500,10555000,10557500,10560000,10562500,10565000,10567500,10570000,10572500,10575000,10577500,10580000,10582500,10585000,10587500,10590000,10592500,10595000,10597500,10600000,10602500,10605000,10607500,10610000,10612500,10615000,10617500,10620000,10622500,10625000,10627500,10630000,10632500,10635000,10637500,10640000,10642500,10645000,10647500,10650000,10652500,10655000,10657500,10660000,10662500,10665000,10667500,10670000,10672500,10675000,10677500,10680000,10682500,10685000,10687500,10690000,10692500,10695000,10697500,10700000,10702500,10705000,10707500,10710000,10712500,10715000,10717500,10720000,10722500,10725000,10727500,10730000,10732500,10735000,10737500,10740000,10742500,10745000,10747500,10750000,10752500,10755000,10757500,10760000,10762500,10765000,10767500,10770000,10772500,10775000,10777500,10780000,10782500,10785000,10787500,10790000,10792500,10795000,10797500,10800000,10802500,10805000,10807500,10810000,10812500,10815000,10817500,10820000,10822500,10825000,10827500,10830000,10832500,10835000,10837500,10840000,10842500,10845000,10847500,10850000,10852500,10855000,10857500,10860000,10862500,10865000,10867500,10870000,10872500,10875000,10877500,10880000,10882500,10885000,10887500,10890000,10892500,10895000,10897500,10900000,10902500,10905000,10907500,10910000,10912500,10915000,10917500,10920000,10922500,10925000,10927500,10930000,10932500,10935000,10937500,10940000,10942500,10945000,10947500,10950000,10952500,10955000,10957500,10960000,10962500,10965000,10967500,10970000,10972500,10975000,10977500,10980000,10982500,10985000,10987500,10990000,10992500,10995000,10997500,11000000,11002500,11005000,11007500,11010000,11012500,11015000,11017500,11020000,11022500,11025000,11027500,11030000,11032500,11035000,11037500,11040000,11042500,11045000,11047500,11050000,11052500,11055000,11057500,11060000,11062500,11065000,11067500,11070000,11072500,11075000,11077500,11080000,11082500,11085000,11087500,11090000,11092500,11095000,11097500,11100000,11102500,11105000,11107500,11110000,11112500,11115000,11117500,11120000,11122500,11125000,11127500,11130000,11132500,11135000,11137500,11140000,11142500,11145000,11147500,11150000,11152500,11155000,11157500,11160000,11162500,11165000,11167500,11170000,11172500,11175000,11177500,11180000,11182500,11185000,11187500,11190000,11192500,11195000,11197500,11200000,11202500,11205000,11207500,11210000,11212500,11215000,11217500,11220000,11222500,11225000,11227500,11230000,11232500,11235000,11237500,11240000,11242500,11245000,11247500,11250000,11252500,11255000,11257500,11260000,11262500,11265000,11267500,11270000,11272500,11275000,11277500,11280000,11282500,11285000,11287500,11290000,11292500,11295000,11297500,11300000,11302500,11305000,11307500,11310000,11312500,11315000,11317500,11320000,11322500,11325000,11327500,11330000,11332500,11335000,11337500,11340000,11342500,11345000,11347500,11350000,11352500,11355000,11357500,11360000,11362500,11365000,11367500,11370000,11372500,11375000,11377500,11380000,11382500,11385000,11387500,11390000,11392500,11395000,11397500,11400000,11402500,11405000,11407500,11410000,11412500,11415000,11417500,11420000,11422500,11425000,11427500,11430000,11432500,11435000,11437500,11440000,11442500,11445000,11447500,11450000,11452500,11455000,11457500,11460000,11462500,11465000,11467500,11470000,11472500,11475000,11477500,11480000,11482500,11485000,11487500,11490000,11492500,11495000,11497500,11500000,11502500,11505000,11507500,11510000,11512500,11515000,11517500,11520000,11522500,11525000,11527500,11530000,11532500,11535000,11537500,11540000,11542500,11545000,11547500,11550000,11552500,11555000,11557500,11560000,11562500,11565000,11567500,11570000,11572500,11575000,11577500,11580000,11582500,11585000,11587500,11590000,11592500,11595000,11597500,11600000,11602500,11605000,11607500,11610000,11612500,11615000,11617500,11620000,11622500,11625000,11627500,11630000,11632500,11635000,11637500,11640000,11642500,11645000,11647500,11650000,11652500,11655000,11657500,11660000,11662500,11665000,11667500,11670000,11672500,11675000,11677500,11680000,11682500,11685000,11687500,11690000,11692500,11695000,11697500,11700000,11702500,11705000,11707500,11710000,11712500,11715000,11717500,11720000,11722500,11725000,11727500,11730000,11732500,11735000,11737500,11740000,11742500,11745000,11747500,11750000,11752500,11755000,11757500,11760000,11762500,11765000,11767500,11770000,11772500,11775000,11777500,11780000,11782500,11785000,11787500,11790000,11792500,11795000,11797500,11800000,11802500,11805000,11807500,11810000,11812500,11815000,11817500,11820000,11822500,11825000,11827500,11830000,11832500,11835000,11837500,11840000,11842500,11845000,11847500,11850000,11852500,11855000,11857500,11860000,11862500,11865000,11867500,11870000,11872500,11875000,11877500,11880000,11882500,11885000,11887500,11890000,11892500,11895000,11897500,11900000,11902500,11905000,11907500,11910000,11912500,11915000,11917500,11920000,11922500,11925000,11927500,11930000,11932500,11935000,11937500,11940000,11942500,11945000,11947500,11950000,11952500,11955000,11957500,11960000,11962500,11965000,11967500,11970000,11972500,11975000,11977500,11980000,11982500,11985000,11987500,11990000,11992500,11995000,11997500,12000000,12002500,12005000,12007500,12010000,12012500,12015000,12017500,12020000,12022500,12025000,12027500,12030000,12032500,12035000,12037500,12040000,12042500,12045000,12047500,12050000,12052500,12055000,12057500,12060000,12062500,12065000,12067500,12070000,12072500,12075000,12077500,12080000,12082500,12085000,12087500,12090000,12092500,12095000,12097500,12100000,12102500,12105000,12107500,12110000,12112500,12115000,12117500,12120000,12122500,12125000,12127500,12130000,12132500,12135000,12137500,12140000,12142500,12145000,12147500,12150000,12152500,12155000,12157500,12160000,12162500,12165000,12167500,12170000,12172500,12175000,12177500,12180000,12182500,12185000,12187500,12190000,12192500,12195000,12197500,12200000,12202500,12205000,12207500,12210000,12212500,12215000,12217500,12220000,12222500,12225000,12227500,12230000,12232500,12235000,12237500,12240000,12242500,12245000,12247500,12250000,12252500,12255000,12257500,12260000,12262500,12265000,12267500,12270000,12272500,12275000,12277500,12280000,12282500,12285000,12287500,12290000,12292500,12295000,12297500,12300000,12302500,12305000,12307500,12310000,12312500,12315000,12317500,12320000,12322500,12325000,12327500,12330000,12332500,12335000,12337500,12340000,12342500,12345000,12347500,12350000,12352500,12355000,12357500,12360000,12362500,12365000,12367500,12370000,12372500,12375000,12377500,12380000,12382500,12385000,12387500,12390000,12392500,12395000,12397500,12400000,12402500,12405000,12407500,12410000,12412500,12415000,12417500,12420000,12422500,12425000,12427500,12430000,12432500,12435000,12437500,12440000,12442500,12445000,12447500,12450000,12452500,12455000,12457500,12460000,12462500,12465000,12467500,12470000,12472500,12475000,12477500,12480000,12482500,12485000,12487500,12490000,12492500,12495000,12497500,12500000
max_expected_returns,90.2777777777779,90.2777777777779,90.2777777777779,90.2777777777779,90.2777777777779,90.2777777777779,90.2777777777779,90.2777777777779,90.2777777777779,90.2777777777779,90.2777777777779,90.2777777777779,90.2777777777779,90.2777777777779,90.2777777777779,90.2777777777779,90.2777777777779,90.2777777777779,90.2777777777779,90.2777777777779,90.2777777777779,90.2777777777779,90.2777777777779,90.2777777777779,90.2777777777779,90.2777777777779,90.2777777777779,90.2777777777779,90.2777777777779,90.2777777777779,90.2777777777779,90.2777777777779,90.2777777777779,90.2777777777779,90.2777777777779,90.2777777777779,90.2777777777779,90.2777777777779,90.2777777777779,90.2777777777779,90.2777777777779,90.2777777777779,90.2777777777779,90.2777777777779,90.2777777777779,90.2777777777779,90.2777777777779,90.2777777777779,90.2777777777779,90.2777777777779,90.2777777777779,90.2777777777779,90.2777777777779,90.2777777777779,90.2777777777779,90.2777777777779,90.2777777777779,90.2777777777779,90.2777777777779,90.2777777777779,90.2777777777779,90.2777777777779,90.2777777777779,90.2777777777779,90.2777777777779,90.2777777777779,90.2777777777779,90.2777777777779,90.2777777777779,90.2777777777779,90.2777777777779,90.2777777777779,90.2777777777779,90.2777777777779,90.2777777777779,90.2777777777779,90.2777777777779,90.2777777777779,90.2777777777779,90.2777777777779,90.2777777777779,90.2777777777779,90.2777777777779,90.2777777777779,90.2777777777779,90.2777777777779,90.2777777777779,90.2777777777779,90.2777777777779,90.2777777777779,90.2777777777779,90.2777777777779,90.2777777777779,90.2777777777779,90.2777777777779,90.2777777777779,90.2777777777779,90.2777777777779,90.2777777777779,90.2777777777779,90.2777777777779,90.2777777777779,90.2777777777779,90.2777777777779,90.2777777777779,90.2777777777779,90.2777777777779,90.2777777777779,90.2777777777779,90.2777777777779,90.2777777777779,90.2777777777779,90.2777777777779,90.2777777777779,90.2777777777779,90.2777777777779,90.2777777777779,90.2777777777779,90.2777777777779,90.2777777777779,90.2777777777779,90.2777777777779,90.2777777777779,90.2777777777779,90.2777777777779,90.2777777777779,90.2777777777779,90.2777777777779,90.2777777777779,90.2777777777779,90.2777777777779,90.2777777777779,90.2777777777779,90.2777777777779,90.2777777777779,90.2777777777779,90.2777777777779,90.2777777777779,90.2777777777779,90.2777777777779,90.2777777777779,90.2777777777779,90.2777777777779,90.2777777777779,90.2777777777779,90.2777777777779,90.2777777777779,90.2777777777779,90.2777777777779,90.2777777777779,90.2777777777779,90.2777777777779,90.2777777777779,90.2777777777779,90.2777777777779,90.2777777777779,90.2777777777779,90.2777777777779,90.2777777777779,90.2777777777779,90.2777777777779,90.2777777777779,90.2777777777779,90.2777777777779,90.2777777777779,90.2777777777779,90.2777777777779,90.2777777777779,90.2777777777779,90.2777777777779,90.2777777777779,90.2777777777779,90.2777777777779,90.2777777777779,90.2777777777779,90.2777777777779,90.2777777777779,90.2777777777779,90.2777777777779,90.2777777777779,90.2777777777779,90.2777777777779,90.2777777777779,90.2777777777779,90.2777777777779,90.2777777777779,90.2777777777779,90.2777777777779,90.2777777777779,90.2777777777779,90.2777777777779,90.2777777777779,90.2777777777779,90.2777777777779,90.2777777777779,90.2777777777779,90.2777777777779,90.2777777777779,90.2777777777779,90.2777777777779,90.2777777777779,90.2777777777779,90.2777777777779,90.2777777777779,90.2777777777779,90.2777777777779,90.2777777777779,90.2777777777779,90.2777777777779,90.2777777777779,90.2777777777779,90.2777777777779,90.2777777777779,90.2777777777779,90.2777777777779,90.2777777777779,90.2777777777779,90.2777777777779,90.2777777777779,90.2777777777779,90.2777777777779,90.2777777777779,90.2777777777779,90.2777777777779,90.2777777777779,90.2777777777779,90.2777777777779,90.2777777777779,90.2777777777779,90.2777777777779,90.2777777777779,90.2777777777779,90.2777777777779,90.2777777777779,90.2777777777779,90.2777777777779,90.2777777777779,90.2777777777779,90.2777777777779,90.2777777777779,90.2777777777779,90.2777777777779,90.2777777777779,90.2777777777779,90.2777777777779,90.2777777777779,90.2777777777779,90.2777777777779,90.2777777777779,90.2777777777779,90.2777777777779,90.2777777777779,90.2777777777779,90.2777777777779,90.2777777777779,90.2777777777779,90.2777777777779,90.2777777777779,90.2777777777779,90.2777777777779,90.2777777777779,90.2777777777779,90.2777777777779,90.2777777777779,90.2777777777779,90.2777777777779,90.2777777777779,90.2777777777779,90.2777777777779,90.2777777777779,90.2777777777779,90.2777777777779,90.2777777777779,90.2777777777779,90.2777777777779,90.2777777777779,90.2777777777779,90.2777777777779,90.2777777777779,90.2777777777779,90.2777777777779,90.2777777777779,90.2777777777779,90.2777777777779,90.2777777777779,90.2777777777779,90.2777777777779,90.2777777777779,90.2777777777779,90.2777777777779,90.2777777777779,90.2777777777779,90.2777777777779,90.2777777777779,90.2777777777779,90.2777777777779,90.2777777777779,90.2777777777779,90.2777777777779,90.2777777777779,90.2777777777779,90.2777777777779,90.2777777777779,90.2777777777779,90.2777777777779,90.2777777777779,90.2777777777779,90.2777777777779,90.2777777777779,90.2777777777779,90.2777777777779,90.2777777777779,90.2777777777779,90.2777777777779,90.2777777777779,90.2777777777779,90.2777777777779,90.2777777777779,90.2777777777779,90.2777777777779,90.2777777777779,90.2777777777779,90.2777777777779,90.2777777777779,90.2777777777779,90.2777777777779,90.2777777777779,90.2777777777779,90.2777777777779,90.2777777777779,90.2777777777779,90.2777777777779,90.2777777777779,90.2777777777779,90.2777777777779,90.2777777777779,90.2777777777779,90.2777777777779,90.2777777777779,90.2777777777779,90.2777777777779,90.2777777777779,90.2777777777779,90.2777777777779,90.2777777777779,90.2777777777779,90.2777777777779,90.2777777777779,90.2777777777779,90.2777777777779,90.2777777777779,90.2777777777779,90.2777777777779,90.2777777777779,90.2777777777779,90.2777777777779,90.2777777777779,90.2777777777779,90.2777777777779,90.2777777777779,90.2777777777779,90.2777777777779,90.2777777777779,90.2777777777779,90.2777777777779,90.2777777777779,90.2777777777779,90.2777777777779,90.2777777777779,90.2777777777779,90.2777777777779,90.2777777777779,90.2777777777779,90.2777777777779,90.2777777777779,90.2777777777779,90.2777777777779,90.2777777777779,90.2777777777779,90.2777777777779,90.2777777777779,90.2777777777779,90.2777777777779,90.2777777777779,90.2777777777779,90.2777777777779,90.2777777777779,90.2777777777779,90.2777777777779,90.2777777777779,90.2777777777779,90.2777777777779,90.2777777777779,90.2777777777779,90.2777777777779,90.2777777777779,90.2777777777779,90.2777777777779,90.2777777777779,90.2777777777779,90.2777777777779,90.2777777777779,90.2777777777779,90.2777777777779,90.2777777777779,90.2777777777779,90.2777777777779,90.2777777777779,90.2777777777779,90.2777777777779,90.2777777777779,90.2777777777779,90.2777777777779,90.2777777777779,90.2777777777779,90.2777777777779,90.2777777777779,90.2777777777779,90.2777777777779,90.2777777777779,90.2777777777779,90.2777777777779,90.2777777777779,90.2777777777779,90.2777777777779,90.2777777777779,90.2777777777779,90.2777777777779,90.2777777777779,90.2777777777779,90.2777777777779,90.2777777777779,90.2777777777779,90.2777777777779,90.2777777777779,90.2777777777779,90.2777777777779,90.2777777777779,90.2777777777779,90.2777777777779,90.2777777777779,90.2777777777779,90.2777777777779,90.2777777777779,90.2777777777779,90.2777777777779,90.2777777777779,90.2777777777779,90.2777777777779,90.2777777777779,90.2777777777779,90.2777777777779,90.2777777777779,90.2777777777779,90.2777777777779,90.2777777777779,90.2777777777779,90.2777777777779,90.2777777777779,90.2777777777779,90.2777777777779,90.2777777777779,90.2777777777779,90.2777777777779,90.2777777777779,90.2777777777779,90.2777777777779,90.2777777777779,90.2777777777779,90.2777777777779,90.2777777777779,90.2777777777779,90.2777777777779,90.2777777777779,90.2777777777779,90.2777777777779,90.2777777777779,90.2777777777779,90.2777777777779,90.2777777777779,90.2777777777779,90.2777777777779,90.2777777777779,90.2777777777779,90.2777777777779,90.2777777777779,90.2777777777779,90.2777777777779,90.2777777777779,90.2777777777779,90.2777777777779,90.2777777777779,90.2777777777779,90.2777777777779,90.2777777777779,90.2777777777779,90.2777777777779,90.2777777777779,90.2777777777779,90.2777777777779,90.2777777777779,90.2777777777779,90.2777777777779,90.2777777777779,90.2777777777779,90.2777777777779,90.2777777777779,90.2777777777779,90.2777777777779,90.2777777777779,90.2777777777779,90.2777777777779,90.2777777777779,90.2777777777779,90.2777777777779,90.2777777777779,90.2777777777779,90.2777777777779,90.2777777777779,90.2777777777779,90.2777777777779,90.2777777777779,90.2777777777779,90.2777777777779,90.2777777777779,90.2777777777779,90.2777777777779,90.2777777777779,90.2777777777779,90.2777777777779,90.2777777777779,90.2777777777779,90.2777777777779,90.2777777777779,90.2777777777779,90.2777777777779,90.2777777777779,90.2777777777779,90.2777777777779,90.2777777777779,90.2777777777779,90.2777777777779,90.2777777777779,90.2777777777779,90.2777777777779,90.2777777777779,90.2777777777779,90.2777777777779,90.2777777777779,90.2777777777779,90.2777777777779,90.2777777777779,90.2777777777779,90.2777777777779,90.2777777777779,90.2777777777779,90.2777777777779,90.2777777777779,90.2777777777779,90.2777777777779,90.2777777777779,90.2777777777779,90.2777777777779,90.2777777777779,90.2777777777779,90.2777777777779,90.2777777777779,90.2777777777779,90.2777777777779,90.2777777777779,90.2777777777779,90.2777777777779,90.2777777777779,90.2777777777779,90.2777777777779,90.2777777777779,90.2777777777779,90.2777777777779,90.2777777777779,90.2777777777779,90.2777777777779,90.2777777777779,90.2777777777779,90.2777777777779,90.2777777777779,90.2777777777779,90.2777777777779,90.2777777777779,90.2777777777779,90.2777777777779,90.2777777777779,90.2777777777779,90.2777777777779,90.2777777777779,90.2777777777779,90.2777777777779,90.2777777777779,90.2777777777779,90.2777777777779,90.2777777777779,90.2777777777779,90.2777777777779,90.2777777777779,90.2777777777779,90.2777777777779,90.2777777777779,90.2777777777779,90.2777777777779,90.2777777777779,90.2777777777779,90.2777777777779,90.2777777777779,90.2777777777779,90.2777777777779,90.2777777777779,90.2777777777779,90.2777777777779,90.2777777777779,90.2777777777779,90.2777777777779,90.2777777777779,90.2777777777779,90.2777777777779,90.2777777777779,90.2777777777779,90.2777777777779,90.2777777777779,90.2777777777779,90.2777777777779,90.2777777777779,90.2777777777779,90.2777777777779,90.2777777777779,90.2777777777779,90.2777777777779,90.2777777777779,90.2777777777779,90.2777777777779,90.2777777777779,90.2777777777779,90.2777777777779,90.2777777777779,90.2777777777779,90.2777777777779,90.2777777777779,90.2777777777779,90.2777777777779,90.2777777777779,90.2777777777779,90.2777777777779,90.2777777777779,90.2777777777779,90.2777777777779,90.2777777777779,90.2777777777779,90.2777777777779,90.2777777777779,90.2777777777779,90.2777777777779,90.2777777777779,90.2777777777779,90.2777777777779,90.2777777777779,90.2777777777779,90.2777777777779,90.2777777777779,90.2777777777779,90.2777777777779,90.2777777777779,90.2777777777779,90.2777777777779,90.2777777777779,90.2777777777779,90.2777777777779,90.2777777777779,90.2777777777779,90.2777777777779,90.2777777777779,90.2777777777779,90.2777777777779,90.2777777777779,90.2777777777779,90.2777777777779,90.2777777777779,90.2777777777779,90.2777777777779,90.2777777777779,90.2777777777779,90.2777777777779,90.2777777777779,90.2777777777779,90.2777777777779,90.2777777777779,90.2777777777779,90.2777777777779,90.2777777777779,90.2777777777779,90.2777777777779,90.2777777777779,90.2777777777779,90.2777777777779,90.2777777777779,90.2777777777779,90.2777777777779,90.2777777777779,90.2777777777779,90.2777777777779,90.2777777777779,90.2777777777779,90.2777777777779,90.2777777777779,90.2777777777779,90.2777777777779,90.2777777777779,90.2777777777779,90.2777777777779,90.2777777777779,90.2777777777779,90.2777777777779,90.2777777777779,90.2777777777779,90.2777777777779,90.2777777777779,90.2777777777779,90.2777777777779,90.2777777777779,90.2777777777779,90.2777777777779,90.2777777777779,90.2777777777779,90.2777777777779,90.2777777777779,90.2777777777779,90.2777777777779,90.2777777777779,90.2777777777779,90.2777777777779,90.2777777777779,90.2777777777779,90.2777777777779,90.2777777777779,90.2777777777779,90.2777777777779,90.2777777777779,90.2777777777779,90.2777777777779,90.2777777777779,90.2777777777779,90.2777777777779,90.2777777777779,90.2777777777779,90.2777777777779,90.2777777777779,90.2777777777779,90.2777777777779,90.2777777777779,90.2777777777779,90.2777777777779,90.2777777777779,90.2777777777779,90.2777777777779,90.2777777777779,90.2777777777779,90.2777777777779,90.2777777777779,90.2777777777779,90.2777777777779,90.2777777777779,90.2777777777779,90.2777777777779,90.2777777777779,90.2777777777779,90.2777777777779,90.2777777777779,90.2777777777779,90.2777777777779,90.2777777777779,90.2777777777779,90.2777777777779,90.2777777777779,90.2777777777779,90.2777777777779,90.2777777777779,90.2777777777779,90.2777777777779,90.2777777777779,90.2777777777779,90.2777777777779,90.2777777777779,90.2777777777779,90.2777777777779,90.2777777777779,90.2777777777779,90.2777777777779,90.2777777777779,90.2777777777779,90.2777777777779,90.2777777777779,90.2777777777779,90.2777777777779,90.2777777777779,90.2777777777779,90.2777777777779,90.2777777777779,90.2777777777779,90.2777777777779,90.2777777777779,90.2777777777779,90.2777777777779,90.2777777777779,90.2777777777779,90.2777777777779,90.2777777777779,90.2777777777779,90.2777777777779,90.2777777777779,90.2777777777779,90.2777777777779,90.2777777777779,90.2777777777779,90.2777777777779,90.2777777777779,90.2777777777779,90.2777777777779,90.2777777777779,90.2777777777779,90.2777777777779,90.2777777777779,90.2777777777779,90.2777777777779,90.2777777777779,90.2777777777779,90.2777777777779,90.2777777777779,90.2777777777779,90.2777777777779,90.2777777777779,90.2777777777779,90.2777777777779,90.2777777777779,90.2777777777779,90.2777777777779,90.2777777777779,90.2777777777779,90.2777777777779,90.2777777777779,90.2777777777779,90.2777777777779,90.2777777777779,90.2777777777779,90.2777777777779,90.2777777777779,90.2777777777779,90.2777777777779,90.2777777777779,90.2777777777779,90.2777777777779,90.2777777777779,90.2777777777779,90.2777777777779,90.2777777777779,90.2777777777779,90.2777777777779,90.2777777777779,90.2777777777779,90.2777777777779,90.2777777777779,90.2777777777779,90.2777777777779,90.2777777777779,90.2777777777779,90.2777777777779,90.2777777777779,90.2777777777779,90.2777777777779,90.2777777777779,90.2777777777779,90.2777777777779,90.2777777777779,90.2777777777779,90.2777777777779,90.2777777777779,90.2777777777779,90.2777777777779,90.2777777777779,90.2777777777779,90.2777777777779,90.2777777777779,90.2777777777779,90.2777777777779,90.2777777777779,90.2777777777779,90.2777777777779,90.2777777777779,90.2777777777779,90.2777777777779,90.2777777777779,90.2777777777779,90.2777777777779,90.2777777777779,90.2777777777779,90.2777777777779,90.2777777777779,90.2777777777779,90.2777777777779,90.2777777777779,90.2777777777779,90.2777777777779,90.2777777777779,90.2777777777779,90.2777777777779,90.2777777777779,90.2777777777779,90.2777777777779,90.2777777777779,90.2777777777779,90.2777777777779,90.2777777777779,90.2777777777779,90.2777777777779,90.2777777777779,90.2777777777779,90.2777777777779,90.2777777777779,90.2777777777779,90.2777777777779,90.2777777777779,90.2777777777779,90.2777777777779,90.2777777777779,90.2777777777779,90.2777777777779,90.2777777777779,90.2777777777779,90.2777777777779,90.2777777777779,90.2777777777779,90.2777777777779,90.2777777777779,90.2777777777779,90.2777777777779,90.2777777777779,90.2777777777779,90.2777777777779,90.2777777777779,90.2777777777779,90.2777777777779,90.2777777777779,90.2777777777779,90.2777777777779,90.2777777777779,90.2777777777779,90.2777777777779,90.2777777777779,90.2777777777779,90.2777777777779,90.2777777777779,90.2777777777779,90.2777777777779,90.2777777777779,90.2777777777779,90.2777777777779,90.2777777777779,90.2777777777779,90.2777777777779,90.2777777777779,90.2777777777779,90.2777777777779,90.2777777777779,90.2777777777779,90.2777777777779,90.2777777777779,90.2777777777779,90.2777777777779,90.2777777777779,90.2777777777779,90.2777777777779,90.2777777777779,90.2777777777779,90.2777777777779,90.2777777777779,90.2777777777779,90.2777777777779,90.2777777777779,90.2777777777779,90.2777777777779,90.2777777777779,90.2777777777779,90.2777777777779,90.2777777777779,90.2777777777779,90.2777777777779,90.2777777777779,90.2777777777779,90.2777777777779,90.2777777777779,90.2777777777779,90.2777777777779,90.2777777777779,90.2777777777779,90.2777777777779,90.2777777777779,90.2777777777779,90.2777777777779,90.2777777777779,90.2777777777779,90.2777777777779,90.2777777777779,90.2777777777779,90.2777777777779,90.2777777777779,90.2777777777779,90.2777777777779,90.2777777777779,90.2777777777779,90.2777777777779,90.2777777777779,90.2777777777779,90.2777777777779,90.2777777777779,90.2777777777779,90.2777777777779,90.2777777777779,90.2777777777779,90.2777777777779,90.2777777777779,90.2777777777779,90.2777777777779,90.2777777777779,90.2777777777779,90.2777777777779,90.2777777777779,90.2777777777779,90.2777777777779,90.2777777777779,90.2777777777779,90.2777777777779,90.2777777777779,90.2777777777779,90.2777777777779,90.2777777777779,90.2777777777779,90.2777777777779,90.2777777777779,90.2777777777779,90.2777777777779,90.2777777777779,90.2777777777779,90.2777777777779,90.2777777777779,90.2777777777779,90.2777777777779,90.2777777777779,90.2777777777779,90.2777777777779,90.2777777777779,90.2777777777779,90.2777777777779,90.2777777777779,90.2777777777779,90.2777777777779,90.2777777777779,90.2777777777779,90.2777777777779,90.2777777777779,90.2777777777779,90.2777777777779,90.2777777777779,90.2777777777779,90.2777777777779,90.2777777777779,90.2777777777779,90.2777777777779,90.2777777777779,90.2777777777779,90.2777777777779,90.2777777777779,90.2777777777779,90.2777777777779,90.2777777777779,90.2777777777779,90.2777777777779,90.2777777777779,90.2777777777779,90.2777777777779,90.2777777777779,90.2777777777779,90.2777777777779,90.2777777777779,90.2777777777779,90.2777777777779,90.2777777777779,90.2777777777779,90.2777777777779,90.2777777777779,90.2777777777779,90.2777777777779,90.2777777777779,90.2777777777779,90.2777777777779,90.2777777777779,90.2777777777779,90.2777777777779,90.2777777777779,90.2777777777779,90.2777777777779,90.2777777777779,90.2777777777779,90.2777777777779,90.2777777777779,90.2777777777779,90.2777777777779,90.2777777777779,90.2777777777779,90.2777777777779,90.2777777777779,90.2777777777779,90.2777777777779,90.2777777777779,90.2777777777779,90.2777777777779,90.2777777777779,90.2777777777779,90.2777777777779,90.2777777777779,90.2777777777779,90.2777777777779,90.2777777777779,90.2777777777779,90.2777777777779,90.2777777777779,90.2777777777779,90.2777777777779,90.2777777777779,90.2777777777779,90.2777777777779,90.2777777777779,90.2777777777779,90.2777777777779,90.2777777777779,90.2777777777779,90.2777777777779,90.2777777777779,90.2777777777779,90.2777777777779,90.2777777777779,90.2777777777779,90.2777777777779,90.2777777777779,90.2777777777779,90.2777777777779,90.2777777777779,90.2777777777779,90.2777777777779,90.2777777777779,90.2777777777779,90.2777777777779,90.2777777777779,90.2777777777779,90.2777777777779,90.2777777777779,90.2777777777779,90.2777777777779,90.2777777777779,90.2777777777779,90.2777777777779,90.2777777777779,90.2777777777779,90.2777777777779,90.2777777777779,90.2777777777779,90.2777777777779,90.2777777777779,90.2777777777779,90.2777777777779,90.2777777777779,90.2777777777779,90.2777777777779,90.2777777777779,90.2777777777779,90.2777777777779,90.2777777777779,90.2777777777779,90.2777777777779,90.2777777777779,90.2777777777779,90.2777777777779,90.2777777777779,90.2777777777779,90.2777777777779,90.2777777777779,90.2777777777779,90.2777777777779,90.2777777777779,90.2777777777779,90.2777777777779,90.2777777777779,90.2777777777779,90.2777777777779,90.2777777777779,90.2777777777779,90.2777777777779,90.2777777777779,90.2777777777779,90.2777777777779,90.2777777777779,90.2777777777779,90.2777777777779,90.2777777777779,90.2777777777779,90.2777777777779,90.2777777777779,90.2777777777779,90.2777777777779,90.2777777777779,90.2777777777779,90.2777777777779,90.2777777777779,90.2777777777779,90.2777777777779,90.2777777777779,90.2777777777779,90.2777777777779,90.2777777777779,90.2777777777779,90.2777777777779,90.2777777777779,90.2777777777779,90.2777777777779,90.2777777777779,90.2777777777779,90.2777777777779,90.2777777777779,90.2777777777779,90.2777777777779,90.2777777777779,90.2777777777779,90.2777777777779,90.2777777777779,90.2777777777779,90.2777777777779,90.2777777777779,90.2777777777779,90.2777777777779,90.2777777777779,90.2777777777779,90.2777777777779,90.2777777777779,90.2777777777779,90.2777777777779,90.2777777777779,90.2777777777779,90.2777777777779,90.2777777777779,90.2777777777779,90.2777777777779,90.2777777777779,90.2777777777779,90.2777777777779,90.2777777777779,90.2777777777779,90.2777777777779,90.2777777777779,90.2777777777779,90.2777777777779,90.2777777777779,90.2777777777779,90.2777777777779,90.2777777777779,90.2777777777779,90.2777777777779,90.2777777777779,90.2777777777779,90.2777777777779,90.2777777777779,90.2777777777779,90.2777777777779,90.2777777777779,90.2777777777779,90.2777777777779,90.2777777777779,90.2777777777779,90.2777777777779,90.2777777777779,90.2777777777779,90.2777777777779,90.2777777777779,90.2777777777779,90.2777777777779,90.2777777777779,90.2777777777779,90.2777777777779,90.2777777777779,90.2777777777779,90.2777777777779,90.2777777777779,90.2777777777779,90.2777777777779,90.2777777777779,90.2777777777779,90.2777777777779,90.2777777777779,90.2777777777779,90.2777777777779,90.2777777777779,90.2777777777779,90.2777777777779,90.2777777777779,90.2777777777779,90.2777777777779,90.2777777777779,90.2777777777779,90.2777777777779,90.2777777777779,90.2777777777779,90.2777777777779,90.2777777777779,90.2777777777779,90.2777777777779,90.2777777777779,90.2777777777779,90.2777777777779,90.2777777777779,90.2777777777779,90.2777777777779,90.2777777777779,90.2777777777779,90.2777777777779,90.2777777777779,90.2777777777779,90.2777777777779,90.2777777777779,90.2777777777779,90.2777777777779,90.2777777777779,90.2777777777779,90.2777777777779,90.2777777777779,90.2777777777779,90.2777777777779,90.2777777777779,90.2777777777779,90.2777777777779,90.2777777777779,90.2777777777779,90.2777777777779,90.2777777777779,90.2777777777779,90.2777777777779,90.2777777777779,90.2777777777779,90.2777777777779,90.2777777777779,90.2777777777779,90.2777777777779,90.2777777777779,90.2777777777779,90.2777777777779,90.2777777777779,90.2777777777779,90.2777777777779,90.2777777777779,90.2777777777779,90.2777777777779,90.2777777777779,90.2777777777779,90.2777777777779,90.2777777777779,90.2777777777779,90.2777777777779,90.2777777777779,90.2777777777779,90.2777777777779,90.2777777777779,90.2777777777779,90.2777777777779,90.2777777777779,90.2777777777779,90.2777777777779,90.2777777777779,90.2777777777779,90.2777777777779,90.2777777777779,90.2777777777779,90.2777777777779,90.2777777777779,90.2777777777779,90.2777777777779,90.2777777777779,90.2777777777779,90.2777777777779,90.2777777777779,90.2777777777779,90.2777777777779,90.2777777777779,90.2777777777779,90.2777777777779,90.2777777777779,90.2777777777779,90.2777777777779,90.2777777777779,90.2777777777779,90.2777777777779,90.2777777777779,90.2777777777779,90.2777777777779,90.2777777777779,90.2777777777779,90.2777777777779,90.2777777777779,90.2777777777779,90.2777777777779,90.2777777777779,90.2777777777779,90.2777777777779,90.2777777777779,90.2777777777779,90.2777777777779,90.2777777777779,90.2777777777779,90.2777777777779,90.2777777777779,90.2777777777779,90.2777777777779,90.2777777777779,90.2777777777779,90.2777777777779,90.2777777777779,90.2777777777779,90.2777777777779,90.2777777777779,90.2777777777779,90.2777777777779,90.2777777777779,90.2777777777779,90.2777777777779,90.2777777777779,90.2777777777779,90.2777777777779,90.2777777777779,90.2777777777779,90.2777777777779,90.2777777777779,90.2777777777779,90.2777777777779,90.2777777777779,90.2777777777779,90.2777777777779,90.2777777777779,90.2777777777779,90.2777777777779,90.2777777777779,90.2777777777779,90.2777777777779,90.2777777777779,90.2777777777779,90.2777777777779,90.2777777777779,90.2777777777779,90.2777777777779,90.2777777777779,90.2777777777779,90.2777777777779,90.2777777777779,90.2777777777779,90.2777777777779,90.2777777777779,90.2777777777779,90.2777777777779,90.2777777777779,90.2777777777779,90.2777777777779,90.2777777777779,90.2777777777779,90.2777777777779,90.2777777777779,90.2777777777779,90.2777777777779,90.2777777777779,90.2777777777779,90.2777777777779,90.2777777777779,90.2777777777779,90.2777777777779,90.2777777777779,90.2777777777779,90.2777777777779,90.2777777777779,90.2777777777779,90.2777777777779,90.2777777777779,90.2777777777779,90.2777777777779,90.2777777777779,90.2777777777779,90.2777777777779,90.2777777777779,90.2777777777779,90.2777777777779,90.2777777777779,90.2777777777779,90.2777777777779,90.2777777777779,90.2777777777779,90.2777777777779,90.2777777777779,90.2777777777779,90.2777777777779,90.2777777777779,90.2777777777779,90.2777777777779,90.2777777777779,90.2777777777779,90.2777777777779,90.2777777777779,90.2777777777779,90.2777777777779,90.2777777777779,90.2777777777779,90.2777777777779,90.2777777777779,90.2777777777779,90.2777777777779,90.2777777777779,90.2777777777779,90.2777777777779,90.2777777777779,90.2777777777779,90.2777777777779,90.2777777777779,90.2777777777779,90.2777777777779,90.2777777777779,90.2777777777779,90.2777777777779,90.2777777777779,90.2777777777779,90.2777777777779,90.2777777777779,90.2777777777779,90.2777777777779,90.2777777777779,90.2777777777779,90.2777777777779,90.2777777777779,90.2777777777779,90.2777777777779,90.2777777777779,90.2777777777779,90.2777777777779,90.2777777777779,90.2777777777779,90.2777777777779,90.2777777777779,90.2777777777779,90.2777777777779,90.2777777777779,90.2777777777779,90.2777777777779,90.2777777777779,90.2777777777779,90.2777777777779,90.2777777777779,90.2777777777779,90.2777777777779,90.2777777777779,90.2777777777779,90.2777777777779,90.2777777777779,90.2777777777779,90.2777777777779,90.2777777777779,90.2777777777779,90.2777777777779,90.2777777777779,90.2777777777779,90.2777777777779,90.2777777777779,90.2777777777779,90.2777777777779,90.2777777777779,90.2777777777779,90.2777777777779,90.2777777777779,90.2777777777779,90.2777777777779,90.2777777777779,90.2777777777779,90.2777777777779,90.2777777777779,90.2777777777779,90.2777777777779,90.2777777777779,90.2777777777779,90.2777777777779,90.2777777777779,90.2777777777779,90.2777777777779,90.2777777777779,90.2777777777779,90.2777777777779,90.2777777777779,90.2777777777779,90.2777777777779,90.2777777777779,90.2777777777779,90.2777777777779,90.2777777777779,90.2777777777779,90.2777777777779,90.2777777777779,90.2777777777779,90.2777777777779,90.2777777777779,90.2777777777779,90.2777777777779,90.2777777777779,90.2777777777779,90.2777777777779,90.2777777777779,90.2777777777779,90.2777777777779,90.2777777777779,90.2777777777779,90.2777777777779,90.2777777777779,90.2777777777779,90.2777777777779,90.2777777777779,90.2777777777779,90.2777777777779,90.2777777777779,90.2777777777779,90.2777777777779,90.2777777777779,90.2777777777779,90.2777777777779,90.2777777777779,90.2777777777779,90.2777777777779,90.2777777777779,90.2777777777779,90.2777777777779,90.2777777777779,90.2777777777779,90.2777777777779,90.2777777777779,90.2777777777779,90.2777777777779,90.2777777777779,90.2777777777779,90.2777777777779,90.2777777777779,90.2777777777779,90.2777777777779,90.2777777777779,90.2777777777779,90.2777777777779,90.2777777777779,90.2777777777779,90.2777777777779,90.2777777777779,90.2777777777779,90.2777777777779,90.2777777777779,90.2777777777779,90.2777777777779,90.2777777777779,90.2777777777779,90.2777777777779,90.2777777777779,90.2777777777779,90.2777777777779,90.2777777777779,90.2777777777779,90.2777777777779,90.2777777777779,90.2777777777779,90.2777777777779,90.2777777777779,90.2777777777779,90.2777777777779,90.2777777777779,90.2777777777779,90.2777777777779,90.2777777777779,90.2777777777779,90.2777777777779,90.2777777777779,90.2777777777779,90.2777777777779,90.2777777777779,90.2777777777779,90.2777777777779,90.2777777777779,90.2777777777779,90.2777777777779,90.2777777777779,90.2777777777779,90.2777777777779,90.2777777777779,90.2777777777779,90.2777777777779,90.2777777777779,90.2777777777779,90.2777777777779,90.2777777777779,90.2777777777779,90.2777777777779,90.2777777777779,90.2777777777779,90.2777777777779,90.2777777777779,90.2777777777779,90.2777777777779,90.2777777777779,90.2777777777779,90.2777777777779,90.2777777777779,90.2777777777779,90.2777777777779,90.2777777777779,90.2777777777779,90.2777777777779,90.2777777777779,90.2777777777779,90.2777777777779,90.2777777777779,90.2777777777779,90.2777777777779,90.2777777777779,90.2777777777779,90.2777777777779,90.2777777777779,90.2777777777779,90.2777777777779,90.2777777777779,90.2777777777779,90.2777777777779,90.2777777777779,90.2777777777779,90.2777777777779,90.2777777777779,90.2777777777779,90.2777777777779,90.2777777777779,90.2777777777779,90.2777777777779,90.2777777777779,90.2777777777779,90.2777777777779,90.2777777777779,90.2777777777779,90.2777777777779,90.2777777777779,90.2777777777779,90.2777777777779,90.2777777777779,90.2777777777779,90.2777777777779,90.2777777777779,90.2777777777779,90.2777777777779,90.2777777777779,90.2777777777779,90.2777777777779,90.2777777777779,90.2777777777779,90.2777777777779,90.2777777777779,90.2777777777779,90.2777777777779,90.2777777777779,90.2777777777779,90.2777777777779,90.2777777777779,90.2777777777779,90.2777777777779,90.2777777777779,90.2777777777779,90.2777777777779,90.2777777777779,90.2777777777779,90.2777777777779,90.2777777777779,90.2777777777779,90.2777777777779,90.2777777777779,90.2777777777779,90.2777777777779,90.2777777777779,90.2777777777779,90.2777777777779,90.2777777777779,90.2777777777779,90.2777777777779,90.2777777777779,90.2777777777779,90.2777777777779,90.2777777777779,90.2777777777779,90.2777777777779,90.2777777777779,90.2777777777779,90.2777777777779,90.2777777777779,90.2777777777779,90.2777777777779,90.2777777777779,90.2777777777779,90.2777777777779,90.2777777777779,90.2777777777779,90.2777777777779,90.2777777777779,90.2777777777779,90.2777777777779,90.2777777777779,90.2777777777779,90.2777777777779,90.2777777777779,90.2777777777779,90.2777777777779,90.2777777777779,90.2777777777779,90.2777777777779,90.2777777777779,90.2777777777779,90.2777777777779,90.2777777777779,90.2777777777779,90.2777777777779,90.2777777777779,90.2777777777779,90.2777777777779,90.2777777777779,90.2777777777779,90.2777777777779,90.2777777777779,90.2777777777779,90.2777777777779,90.2777777777779,90.2777777777779,90.2777777777779,90.2777777777779,90.2777777777779,90.2777777777779,90.2777777777779,90.2777777777779,90.2777777777779,90.2777777777779,90.2777777777779,90.2777777777779,90.2777777777779,90.2777777777779,90.2777777777779,90.2777777777779,90.2777777777779,90.2777777777779,90.2777777777779,90.2777777777779,90.2777777777779,90.2777777777779,90.2777777777779,90.2777777777779,90.2777777777779,90.2777777777779,90.2777777777779,90.2777777777779,90.2777777777779,90.2777777777779,90.2777777777779,90.2777777777779,90.2777777777779,90.2777777777779,90.2777777777779,90.2777777777779,90.2777777777779,90.2777777777779,90.2777777777779,90.2777777777779,90.2777777777779,90.2777777777779,90.2777777777779,90.2777777777779,90.2777777777779,90.2777777777779,90.2777777777779,90.2777777777779,90.2777777777779,90.2777777777779,90.2777777777779,90.2777777777779,90.2777777777779,90.2777777777779,90.2777777777779,90.2777777777779,90.2777777777779,90.2777777777779,90.2777777777779,90.2777777777779,90.2777777777779,90.2777777777779,90.2777777777779,90.2777777777779,90.2777777777779,90.2777777777779,90.2777777777779,90.2777777777779,90.2777777777779,90.2777777777779,90.2777777777779,90.2777777777779,90.2777777777779,90.2777777777779,90.2777777777779,90.2777777777779,90.2777777777779,90.2777777777779,90.2777777777779,90.2777777777779,90.2777777777779,90.2777777777779,90.2777777777779,90.2777777777779,90.2777777777779,90.2777777777779,90.2777777777779,90.2777777777779,90.2777777777779,90.2777777777779,90.2777777777779,90.2777777777779,90.2777777777779,90.2777777777779,90.2777777777779,90.2777777777779,90.2777777777779,90.2777777777779,90.2777777777779,90.2777777777779,90.2777777777779,90.2777777777779,90.2777777777779,90.2777777777779,90.2777777777779,90.2777777777779,90.2777777777779,90.2777777777779,90.2777777777779,90.2777777777779,90.2777777777779,90.2777777777779,90.2777777777779,90.2777777777779,90.2777777777779,90.2777777777779,90.2777777777779,90.2777777777779,90.2777777777779,90.2777777777779,90.2777777777779,90.2777777777779,90.2777777777779,90.2777777777779,90.2777777777779,90.2777777777779,90.2777777777779,90.2777777777779,90.2777777777779,90.2777777777779,90.2777777777779,90.2777777777779,90.2777777777779,90.2777777777779,90.2777777777779,90.2777777777779,90.2777777777779,90.2777777777779,90.2777777777779,90.2777777777779,90.2777777777779,90.2777777777779,90.2777777777779,90.2777777777779,90.2777777777779,90.2777777777779,90.2777777777779,90.2777777777779,90.2777777777779,90.2777777777779,90.2777777777779,90.2777777777779,90.2777777777779,90.2777777777779,90.2777777777779,90.2777777777779,90.2777777777779,90.2777777777779,90.2777777777779,90.2777777777779,90.2777777777779,90.2777777777779,90.2777777777779,90.2777777777779,90.2777777777779,90.2777777777779,90.2777777777779,90.2777777777779,90.2777777777779,90.2777777777779,90.2777777777779,90.2777777777779,90.2777777777779,90.2777777777779,90.2777777777779,90.2777777777779,90.2777777777779,90.2777777777779,90.2777777777779,90.2777777777779,90.2777777777779,90.2777777777779,90.2777777777779,90.2777777777779,90.2777777777779,90.2777777777779,90.2777777777779,90.2777777777779,90.2777777777779,90.2777777777779,90.2777777777779,90.2777777777779,90.2777777777779,90.2777777777779,90.2777777777779,90.2777777777779,90.2777777777779,90.2777777777779,90.2777777777779,90.2777777777779,90.2777777777779,90.2777777777779,90.2777777777779,90.2777777777779,90.2777777777779,90.2777777777779,90.2777777777779,90.2777777777779,90.2777777777779,90.2777777777779,90.2777777777779,90.2777777777779,90.2777777777779,90.2777777777779,90.2777777777779,90.2777777777779,90.2777777777779,90.2777777777779,90.2777777777779,90.2777777777779,90.2777777777779,90.2777777777779,90.2777777777779,90.2777777777779,90.2777777777779,90.2777777777779,90.2777777777779,90.2777777777779,90.2777777777779,90.2777777777779,90.2777777777779,90.2777777777779,90.2777777777779,90.2777777777779,90.2777777777779,90.2777777777779,90.2777777777779,90.2777777777779,90.2777777777779,90.2777777777779,90.2777777777779,90.2777777777779,90.2777777777779,90.2777777777779,90.2777777777779,90.2777777777779,90.2777777777779,90.2777777777779,90.2777777777779,90.2777777777779,90.2777777777779,90.2777777777779,90.2777777777779,90.2777777777779,90.2777777777779,90.2777777777779,90.2777777777779,90.2777777777779,90.2777777777779,90.2777777777779,90.2777777777779,90.2777777777779,90.2777777777779,90.2777777777779,90.2777777777779,90.2777777777779,90.2777777777779,90.2777777777779,90.2777777777779,90.2777777777779,90.2777777777779,90.2777777777779,90.2777777777779,90.2777777777779,90.2777777777779,90.2777777777779,90.2777777777779,90.2777777777779,90.2777777777779,90.2777777777779,90.2777777777779,90.2777777777779,90.2777777777779,90.2777777777779,90.2777777777779,90.2777777777779,90.2777777777779,90.2777777777779,90.2777777777779,90.2777777777779,90.2777777777779,90.2777777777779,90.2777777777779,90.2777777777779,90.2777777777779,90.2777777777779,90.2777777777779,90.2777777777779,90.2777777777779,90.2777777777779,90.2777777777779,90.2777777777779,90.2777777777779,90.2777777777779,90.2777777777779,90.2777777777779,90.2777777777779,90.2777777777779,90.2777777777779,90.2777777777779,90.2777777777779,90.2777777777779,90.2777777777779,90.2777777777779,90.2777777777779,90.2777777777779,90.2777777777779,90.2777777777779,90.2777777777779,90.2777777777779,90.2777777777779,90.2777777777779,90.2777777777779,90.2777777777779,90.2777777777779,90.2777777777779,90.2777777777779,90.2777777777779,90.2777777777779,90.2777777777779,90.2777777777779,90.2777777777779,90.2777777777779,90.2777777777779,90.2777777777779,90.2777777777779,90.2777777777779,90.2777777777779,90.2777777777779,90.2777777777779,90.2777777777779,90.2777777777779,90.2777777777779,90.2777777777779,90.2777777777779,90.2777777777779,90.2777777777779,90.2777777777779,90.2777777777779,90.2777777777779,90.2777777777779,90.2777777777779,90.2777777777779,90.2777777777779,90.2777777777779,90.2777777777779,90.2777777777779,90.2777777777779,90.2777777777779,90.2777777777779,90.2777777777779,90.2777777777779,90.2777777777779,90.2777777777779,90.2777777777779,90.2777777777779,90.2777777777779,90.2777777777779,90.2777777777779,90.2777777777779,90.2777777777779,90.2777777777779,90.2777777777779,90.2777777777779,90.2777777777779,90.2777777777779,90.2777777777779,90.2777777777779,90.2777777777779,90.2777777777779,90.2777777777779,90.2777777777779,90.2777777777779,90.2777777777779,90.2777777777779,90.2777777777779,90.2777777777779,90.2777777777779,90.2777777777779,90.2777777777779,90.2777777777779,90.2777777777779,90.2777777777779,90.2777777777779,90.2777777777779,90.2777777777779,90.2777777777779,90.2777777777779,90.2777777777779,90.2777777777779,90.2777777777779,90.2777777777779,90.2777777777779,90.2777777777779,90.2777777777779,90.2777777777779,90.2777777777779,90.2777777777779,90.2777777777779,90.2777777777779,90.2777777777779,90.2777777777779,90.2777777777779,90.2777777777779,90.2777777777779,90.2777777777779,90.2777777777779,90.2777777777779,90.2777777777779,90.2777777777779,90.2777777777779,90.2777777777779,90.2777777777779,90.2777777777779,90.2777777777779,90.2777777777779,90.2777777777779,90.2777777777779,90.2777777777779,90.2777777777779,90.2777777777779,90.2777777777779,90.2777777777779,90.2777777777779,90.2777777777779,90.2777777777779,90.2777777777779,90.2777777777779,90.2777777777779,90.2777777777779,90.2777777777779,90.2777777777779,90.2777777777779,90.2777777777779,90.2777777777779,90.2777777777779,90.2777777777779,90.2777777777779,90.2777777777779,90.2777777777779,90.2777777777779,90.2777777777779,90.2777777777779,90.2777777777779,90.2777777777779,90.2777777777779,90.2777777777779,90.2777777777779,90.2777777777779,90.2777777777779,90.2777777777779,90.2777777777779,90.2777777777779,90.2777777777779,90.2777777777779,90.2777777777779,90.2777777777779,90.2777777777779,90.2777777777779,90.2777777777779,90.2777777777779,90.2777777777779,90.2777777777779,90.2777777777779,90.2777777777779,90.2777777777779,90.2777777777779,90.2777777777779,90.2777777777779,90.2777777777779,90.2777777777779,90.2777777777779,90.2777777777779,90.2777777777779,90.2777777777779,90.2777777777779,90.2777777777779,90.2777777777779,90.2777777777779,90.2777777777779,90.2777777777779,90.2777777777779,90.2777777777779,90.2777777777779,90.2777777777779,90.2777777777779,90.2777777777779,90.2777777777779,90.2777777777779,90.2777777777779,90.2777777777779,90.2777777777779,90.2777777777779,90.2777777777779,90.2777777777779,90.2777777777779,90.2777777777779,90.2777777777779,90.2777777777779,90.2777777777779,90.2777777777779,90.2777777777779,90.2777777777779,90.2777777777779,90.2777777777779,90.2777777777779,90.2777777777779,90.2777777777779,90.2777777777779,90.2777777777779,90.2777777777779,90.2777777777779,90.2777777777779,90.2777777777779,90.2777777777779,90.2777777777779,90.2777777777779,90.2777777777779,90.2777777777779,90.2777777777779,90.2777777777779,90.2777777777779,90.2777777777779,90.2777777777779,90.2777777777779,90.2777777777779,90.2777777777779,90.2777777777779,90.2777777777779,90.2777777777779,90.2777777777779,90.2777777777779,90.2777777777779,90.2777777777779,90.2777777777779,90.2777777777779,90.2777777777779,90.2777777777779,90.2777777777779,90.2777777777779,90.2777777777779,90.2777777777779,90.2777777777779,90.2777777777779,90.2777777777779,90.2777777777779,90.2777777777779,90.2777777777779,90.2777777777779,90.2777777777779,90.2777777777779,90.2777777777779,90.2777777777779,90.2777777777779,90.2777777777779,90.2777777777779,90.2777777777779,90.2777777777779,90.2777777777779,90.2777777777779,90.2777777777779,90.2777777777779,90.2777777777779,90.2777777777779,90.2777777777779,90.2777777777779,90.2777777777779,90.2777777777779,90.2777777777779,90.2777777777779,90.2777777777779,90.2777777777779,90.2777777777779,90.2777777777779,90.2777777777779,90.2777777777779,90.2777777777779,90.2777777777779,90.2777777777779,90.2777777777779,90.2777777777779,90.2777777777779,90.2777777777779,90.2777777777779,90.2777777777779,90.2777777777779,90.2777777777779,90.2777777777779,90.2777777777779,90.2777777777779,90.2777777777779,90.2777777777779,90.2777777777779,90.2777777777779,90.2777777777779,90.2777777777779,90.2777777777779,90.2777777777779,90.2777777777779,90.2777777777779,90.2777777777779,90.2777777777779,90.2777777777779,90.2777777777779,90.2777777777779,90.2777777777779,90.2777777777779,90.2777777777779,90.2777777777779,90.2777777777779,90.2777777777779,90.2777777777779,90.2777777777779,90.2777777777779,90.2777777777779,90.2777777777779,90.2777777777779,90.2777777777779,90.2777777777779,90.2777777777779,90.2777777777779,90.2777777777779,90.2777777777779,90.2777777777779,90.2777777777779,90.2777777777779,90.2777777777779,90.2777777777779,90.2777777777779,90.2777777777779,90.2777777777779,90.2777777777779,90.2777777777779,90.2777777777779,90.2777777777779,90.2777777777779,90.2777777777779,90.2777777777779,90.2777777777779,90.2777777777779,90.2777777777779,90.2777777777779,90.2777777777779,90.2777777777779,90.2777777777779,90.2777777777779,90.2777777777779,90.2777777777779,90.2777777777779,90.2777777777779,90.2777777777779,90.2777777777779,90.2777777777779,90.2777777777779,90.2777777777779,90.2777777777779,90.2777777777779,90.2777777777779,90.2777777777779,90.2777777777779,90.2777777777779,90.2777777777779,90.2777777777779,90.2777777777779,90.2777777777779,90.2777777777779,90.2777777777779,90.2777777777779,90.2777777777779,90.2777777777779,90.2777777777779,90.2777777777779,90.2777777777779,90.2777777777779,90.2777777777779,90.2777777777779,90.2777777777779,90.2777777777779,90.2777777777779,90.2777777777779,90.2777777777779,90.2777777777779,90.2777777777779,90.2777777777779,90.2777777777779,90.2777777777779,90.2777777777779,90.2777777777779,90.2777777777779,90.2777777777779,90.2777777777779,90.2777777777779,90.2777777777779,90.2777777777779,90.2777777777779,90.2777777777779,90.2777777777779,90.2777777777779,90.2777777777779,90.2777777777779,90.2777777777779,90.2777777777779,90.2777777777779,90.2777777777779,90.2777777777779,90.2777777777779,90.2777777777779,90.2777777777779,90.2777777777779,90.2777777777779,90.2777777777779,90.2777777777779,90.2777777777779,90.2777777777779,90.2777777777779,90.2777777777779,90.2777777777779,90.2777777777779,90.2777777777779,90.2777777777779,90.2777777777779,90.2777777777779,90.2777777777779,90.2777777777779,90.2777777777779,90.2777777777779,90.2777777777779,90.2777777777779,90.2777777777779,90.2777777777779,90.2777777777779,90.2777777777779,90.2777777777779,90.2777777777779,90.2777777777779,90.2777777777779,90.2777777777779,90.2777777777779,90.2777777777779,90.2777777777779,90.2777777777779,90.2777777777779,90.2777777777779,90.2777777777779,90.2777777777779,90.2777777777779,90.2777777777779,90.2777777777779,90.2777777777779,90.2777777777779,90.2777777777779,90.2777777777779,90.2777777777779,90.2777777777779,90.2777777777779,90.2777777777779,90.2777777777779,90.2777777777779,90.2777777777779,90.2777777777779,90.2777777777779,90.2777777777779,90.2777777777779,90.2777777777779,90.2777777777779,90.2777777777779,90.2777777777779,90.2777777777779,90.2777777777779,90.2777777777779,90.2777777777779,90.2777777777779,90.2777777777779,90.2777777777779,90.2777777777779,90.2777777777779,90.2777777777779,90.2777777777779,90.2777777777779,90.2777777777779,90.2777777777779,90.2777777777779,90.2777777777779,90.2777777777779,90.2777777777779,90.2777777777779,90.2777777777779,90.2777777777779,90.2777777777779,90.2777777777779,90.2777777777779,90.2777777777779,90.2777777777779,90.2777777777779,90.2777777777779,90.2777777777779,90.2777777777779,90.2777777777779,90.2777777777779,90.2777777777779,90.2777777777779,90.2777777777779,90.2777777777779,90.2777777777779,90.2777777777779,90.2777777777779,90.2777777777779,90.2777777777779,90.2777777777779,90.2777777777779,90.2777777777779,90.2777777777779,90.2777777777779,90.2777777777779,90.2777777777779,90.2777777777779,90.2777777777779,90.2777777777779,90.2777777777779,90.2777777777779,90.2777777777779,90.2777777777779,90.2777777777779,90.2777777777779,90.2777777777779,90.2777777777779,90.2777777777779,90.2777777777779,90.2777777777779,90.2777777777779,90.2777777777779,90.2777777777779,90.2777777777779,90.2777777777779,90.2777777777779,90.2777777777779,90.2777777777779,90.2777777777779,90.2777777777779,90.2777777777779,90.2777777777779,90.2777777777779,90.2777777777779,90.2777777777779,90.2777777777779,90.2777777777779,90.2777777777779,90.2777777777779,90.2777777777779,90.2777777777779,90.2777777777779,90.2777777777779,90.2777777777779,90.2777777777779,90.2777777777779,90.2777777777779,90.2777777777779,90.2777777777779,90.2777777777779,90.2777777777779,90.2777777777779,90.2777777777779,90.2777777777779,90.2777777777779,90.2777777777779,90.2777777777779,90.2777777777779,90.2777777777779,90.2777777777779,90.2777777777779,90.2777777777779,90.2777777777779,90.2777777777779,90.2777777777779,90.2777777777779,90.2777777777779,90.2777777777779,90.2777777777779,90.2777777777779,90.2777777777779,90.2777777777779,90.2777777777779,90.2777777777779,90.2777777777779,90.2777777777779,90.2777777777779,90.2777777777779,90.2777777777779,90.2777777777779,90.2777777777779,90.2777777777779,90.2777777777779,90.2777777777779,90.2777777777779,90.2777777777779,90.2777777777779,90.2777777777779,90.2777777777779,90.2777777777779,90.2777777777779,90.2777777777779,90.2777777777779,90.2777777777779,90.2777777777779,90.2777777777779,90.2777777777779,90.2777777777779,90.2777777777779,90.2777777777779,90.2777777777779,90.2777777777779,90.2777777777779,90.2777777777779,90.2777777777779,90.2777777777779,90.2777777777779,90.2777777777779,90.2777777777779,90.2777777777779,90.2777777777779,90.2777777777779,90.2777777777779,90.2777777777779,90.2777777777779,90.2777777777779,90.2777777777779,90.2777777777779,90.2777777777779,90.2777777777779,90.2777777777779,90.2777777777779,90.2777777777779,90.2777777777779,90.2777777777779,90.2777777777779,90.2777777777779,90.2777777777779,90.2777777777779,90.2777777777779,90.2777777777779,90.2777777777779,90.2777777777779,90.2777777777779,90.2777777777779,90.2777777777779,90.2777777777779,90.2777777777779,90.2777777777779,90.2777777777779,90.2777777777779,90.2777777777779,90.2777777777779,90.2777777777779,90.2777777777779,90.2777777777779,90.2777777777779,90.2777777777779,90.2777777777779,90.2777777777779,90.2777777777779,90.2777777777779,90.2777777777779,90.2777777777779,90.2777777777779,90.2777777777779,90.2777777777779,90.2777777777779,90.2777777777779,90.2777777777779,90.2777777777779,90.2777777777779,90.2777777777779,90.2777777777779,90.2777777777779,90.2777777777779,90.2777777777779,90.2777777777779,90.2777777777779,90.2777777777779,90.2777777777779,90.2777777777779,90.2777777777779,90.2777777777779,90.2777777777779,90.2777777777779,90.2777777777779,90.2777777777779,90.2777777777779,90.2777777777779,90.2777777777779,90.2777777777779,90.2777777777779,90.2777777777779,90.2777777777779,90.2777777777779,90.2777777777779,90.2777777777779,90.2777777777779,90.2777777777779,90.2777777777779,90.2777777777779,90.2777777777779,90.2777777777779,90.2777777777779,90.2777777777779,90.2777777777779,90.2777777777779,90.2777777777779,90.2777777777779,90.2777777777779,90.2777777777779,90.2777777777779,90.2777777777779,90.2777777777779,90.2777777777779,90.2777777777779,90.2777777777779,90.2777777777779,90.2777777777779,90.2777777777779,90.2777777777779,90.2777777777779,90.2777777777779,90.2777777777779,90.2777777777779,90.2777777777779,90.2777777777779,90.2777777777779,90.2777777777779,90.2777777777779,90.2777777777779,90.2777777777779,90.2777777777779,90.2777777777779,90.2777777777779,90.2777777777779,90.2777777777779,90.2777777777779,90.2777777777779,90.2777777777779,90.2777777777779,90.2777777777779,90.2777777777779,90.2777777777779,90.2777777777779,90.2777777777779,90.2777777777779,90.2777777777779,90.2777777777779,90.2777777777779,90.2777777777779,90.2777777777779,90.2777777777779,90.2777777777779,90.2777777777779,90.2777777777779,90.2777777777779,90.2777777777779,90.2777777777779,90.2777777777779,90.2777777777779,90.2777777777779,90.2777777777779,90.2777777777779,90.2777777777779,90.2777777777779,90.2777777777779,90.2777777777779,90.2777777777779,90.2777777777779,90.2777777777779,90.2777777777779,90.2777777777779,90.2777777777779,90.2777777777779,90.2777777777779,90.2777777777779,90.2777777777779,90.2777777777779,90.2777777777779,90.2777777777779,90.2777777777779,90.2777777777779,90.2777777777779,90.2777777777779,90.2777777777779,90.2777777777779,90.2777777777779,90.2777777777779,90.2777777777779,90.2777777777779,90.2777777777779,90.2777777777779,90.2777777777779,90.2777777777779,90.2777777777779,90.2777777777779,90.2777777777779,90.2777777777779,90.2777777777779,90.2777777777779,90.2777777777779,90.2777777777779,90.2777777777779,90.2777777777779,90.2777777777779,90.2777777777779,90.2777777777779,90.2777777777779,90.2777777777779,90.2777777777779,90.2777777777779,90.2777777777779,90.2777777777779,90.2777777777779,90.2777777777779,90.2777777777779,90.2777777777779,90.2777777777779,90.2777777777779,90.2777777777779,90.2777777777779,90.2777777777779,90.2777777777779,90.2777777777779,90.2777777777779,90.2777777777779,90.2777777777779,90.2777777777779,90.2777777777779,90.2777777777779,90.2777777777779,90.2777777777779,90.2777777777779,90.2777777777779,90.2777777777779,90.2777777777779,90.2777777777779,90.2777777777779,90.2777777777779,90.2777777777779,90.2777777777779,90.2777777777779,90.2777777777779,90.2777777777779,90.2777777777779,90.2777777777779,90.2777777777779,90.2777777777779,90.2777777777779,90.2777777777779,90.2777777777779,90.2777777777779,90.2777777777779,90.2777777777779,90.2777777777779,90.2777777777779,90.2777777777779,90.2777777777779,90.2777777777779,90.2777777777779,90.2777777777779,90.2777777777779,90.2777777777779,90.2777777777779,90.2777777777779,90.2777777777779,90.2777777777779,90.2777777777779,90.2777777777779,90.2777777777779,90.2777777777779,90.2777777777779,90.2777777777779,90.2777777777779,90.2777777777779,90.2777777777779,90.2777777777779,90.2777777777779,90.2777777777779,90.2777777777779,90.2777777777779,90.2777777777779,90.2777777777779,90.2777777777779,90.2777777777779,90.2777777777779,90.2777777777779,90.2777777777779,90.2777777777779,90.2777777777779,90.2777777777779,90.2777777777779,90.2777777777779,90.2777777777779,90.2777777777779,90.2777777777779,90.2777777777779,90.2777777777779,90.2777777777779,90.2777777777779,90.2777777777779,90.2777777777779,90.2777777777779,90.2777777777779,90.2777777777779,90.2777777777779,90.2777777777779,90.2777777777779,90.2777777777779,90.2777777777779,90.2777777777779,90.2777777777779,90.2777777777779,90.2777777777779,90.2777777777779,90.2777777777779,90.2777777777779,90.2777777777779,90.2777777777779,90.2777777777779,90.2777777777779,90.2777777777779,90.2777777777779,90.2777777777779,90.2777777777779,90.2777777777779,90.2777777777779,90.2777777777779,90.2777777777779,90.2777777777779,90.2777777777779,90.2777777777779,90.2777777777779,90.2777777777779,90.2777777777779,90.2777777777779,90.2777777777779,90.2777777777779,90.2777777777779,90.2777777777779,90.2777777777779,90.2777777777779,90.2777777777779,90.2777777777779,90.2777777777779,90.2777777777779,90.2777777777779,90.2777777777779,90.2777777777779,90.2777777777779,90.2777777777779,90.2777777777779,90.2777777777779,90.2777777777779,90.2777777777779,90.2777777777779,90.2777777777779,90.2777777777779,90.2777777777779,90.2777777777779,90.2777777777779,90.2777777777779,90.2777777777779,90.2777777777779,90.2777777777779,90.2777777777779,90.2777777777779,90.2777777777779,90.2777777777779,90.2777777777779,90.2777777777779,90.2777777777779,90.2777777777779,90.2777777777779,90.2777777777779,90.2777777777779,90.2777777777779,90.2777777777779,90.2777777777779,90.2777777777779,90.2777777777779,90.2777777777779,90.2777777777779,90.2777777777779,90.2777777777779,90.2777777777779,90.2777777777779,90.2777777777779,90.2777777777779,90.2777777777779,90.2777777777779,90.2777777777779,90.2777777777779,90.2777777777779,90.2777777777779,90.2777777777779,90.2777777777779,90.2777777777779,90.2777777777779,90.2777777777779,90.2777777777779,90.2777777777779,90.2777777777779,90.2777777777779,90.2777777777779,90.2777777777779,90.2777777777779,90.2777777777779,90.2777777777779,90.2777777777779,90.2777777777779,90.2777777777779,90.2777777777779,90.2777777777779,90.2777777777779,90.2777777777779,90.2777777777779,90.2777777777779,90.2777777777779,90.2777777777779,90.2777777777779,90.2777777777779,90.2777777777779,90.2777777777779,90.2777777777779,90.2777777777779,90.2777777777779,90.2777777777779,90.2777777777779,90.2777777777779,90.2777777777779,90.2777777777779,90.2777777777779,90.2777777777779,90.2777777777779,90.2777777777779,90.2777777777779,90.2777777777779,90.2777777777779,90.2777777777779,90.2777777777779,90.2777777777779,90.2777777777779,90.2777777777779,90.2777777777779,90.2777777777779,90.2777777777779,90.2777777777779,90.2777777777779,90.2777777777779,90.2777777777779,90.2777777777779,90.2777777777779,90.2777777777779,90.2777777777779,90.2777777777779,90.2777777777779,90.2777777777779,90.2777777777779,90.2777777777779,90.2777777777779,90.2777777777779,90.2777777777779,90.2777777777779,90.2777777777779,90.2777777777779,90.2777777777779,90.2777777777779,90.2777777777779,90.2777777777779,90.2777777777779,90.2777777777779,90.2777777777779,90.2777777777779,90.2777777777779,90.2777777777779,90.2777777777779,90.2777777777779,90.2777777777779,90.2777777777779,90.2777777777779,90.2777777777779,90.2777777777779,90.2777777777779,90.2777777777779,90.2777777777779,90.2777777777779,90.2777777777779,90.2777777777779,90.2777777777779,90.2777777777779,90.2777777777779,90.2777777777779,90.2777777777779,90.2777777777779,90.2777777777779,90.2777777777779,90.2777777777779,90.2777777777779,90.2777777777779,90.2777777777779,90.2777777777779,90.2777777777779,90.2777777777779,90.2777777777779,90.2777777777779,90.2777777777779,90.2777777777779,90.2777777777779,90.2777777777779,90.2777777777779,90.2777777777779,90.2777777777779,90.2777777777779,90.2777777777779,90.2777777777779,90.2777777777779,90.2777777777779,90.2777777777779,90.2777777777779,90.2777777777779,90.2777777777779,90.2777777777779,90.2777777777779,90.2777777777779,90.2777777777779,90.2777777777779,90.2777777777779,90.2777777777779,90.2777777777779,90.2777777777779,90.2777777777779,90.2777777777779,90.2777777777779,90.2777777777779,90.2777777777779,90.2777777777779,90.2777777777779,90.2777777777779,90.2777777777779,90.2777777777779,90.2777777777779,90.2777777777779,90.2777777777779,90.2777777777779,90.2777777777779,90.2777777777779,90.2777777777779,90.2777777777779,90.2777777777779,90.2777777777779,90.2777777777779,90.2777777777779,90.2777777777779,90.2777777777779,90.2777777777779,90.2777777777779,90.2777777777779,90.2777777777779,90.2777777777779,90.2777777777779,90.2777777777779,90.2777777777779,90.2777777777779,90.2777777777779,90.2777777777779,90.2777777777779,90.2777777777779,90.2777777777779,90.2777777777779,90.2777777777779,90.2777777777779,90.2777777777779,90.2777777777779,90.2777777777779,90.2777777777779,90.2777777777779,90.2777777777779,90.2777777777779,90.2777777777779,90.2777777777779,90.2777777777779,90.2777777777779,90.2777777777779,90.2777777777779,90.2777777777779,90.2777777777779,90.2777777777779,90.2777777777779,90.2777777777779,90.2777777777779,90.2777777777779,90.2777777777779,90.2777777777779,90.2777777777779,90.2777777777779,90.2777777777779,90.2777777777779,90.2777777777779,90.2777777777779,90.2777777777779,90.2777777777779,90.2777777777779,90.2777777777779,90.2777777777779,90.2777777777779,90.2777777777779,90.2777777777779,90.2777777777779,90.2777777777779,90.2777777777779,90.2777777777779,90.2777777777779,90.2777777777779,90.2777777777779,90.2777777777779,90.2777777777779,90.2777777777779,90.2777777777779,90.2777777777779,90.2777777777779,90.2777777777779,90.2777777777779,90.2777777777779,90.2777777777779,90.2777777777779,90.2777777777779,90.2777777777779,90.2777777777779,90.2777777777779,90.2777777777779,90.2777777777779,90.2777777777779,90.2777777777779,90.2777777777779,90.2777777777779,90.2777777777779,90.2777777777779,90.2777777777779,90.2777777777779,90.2777777777779,90.2777777777779,90.2777777777779,90.2777777777779,90.2777777777779,90.2777777777779,90.2777777777779,90.2777777777779,90.2777777777779,90.2777777777779,90.2777777777779,90.2777777777779,90.2777777777779,90.2777777777779,90.2777777777779,90.2777777777779,90.2777777777779,90.2777777777779,90.2777777777779,90.2777777777779,90.2777777777779,90.2777777777779,90.2777777777779,90.2777777777779,90.2777777777779,90.2777777777779,90.2777777777779,90.2777777777779,90.2777777777779,90.2777777777779,90.2777777777779,90.2777777777779,90.2777777777779,90.2777777777779,90.2777777777779,90.2777777777779,90.2777777777779,90.2777777777779,90.2777777777779,90.2777777777779,90.2777777777779,90.2777777777779,90.2777777777779,90.2777777777779,90.2777777777779,90.2777777777779,90.2777777777779,90.2777777777779,90.2777777777779,90.2777777777779,90.2777777777779,90.2777777777779,90.2777777777779,90.2777777777779,90.2777777777779,90.2777777777779,90.2777777777779,90.2777777777779,90.2777777777779,90.2777777777779,90.2777777777779,90.2777777777779,90.2777777777779,90.2777777777779,90.2777777777779,90.2777777777779,90.2777777777779,90.2777777777779,90.2777777777779,90.2777777777779,90.2777777777779,90.2777777777779,90.2777777777779,90.2777777777779,90.2777777777779,90.2777777777779,90.2777777777779,90.2777777777779,90.2777777777779,90.2777777777779,90.2777777777779,90.2777777777779,90.2777777777779,90.2777777777779,90.2777777777779,90.2777777777779,90.2777777777779,90.2777777777779,90.2777777777779,90.2777777777779,90.2777777777779,90.2777777777779,90.2777777777779,90.2777777777779,90.2777777777779,90.2777777777779,90.2777777777779,90.2777777777779,90.2777777777779,90.2777777777779,90.2777777777779,90.2777777777779,90.2777777777779,90.2777777777779,90.2777777777779,90.2777777777779,90.2777777777779,90.2777777777779,90.2777777777779,90.2777777777779,90.2777777777779,90.2777777777779,90.2777777777779,90.2777777777779,90.2777777777779,90.2777777777779,90.2777777777779,90.2777777777779,90.2777777777779,90.2777777777779,90.2777777777779,90.2777777777779,90.2777777777779,90.2777777777779,90.2777777777779,90.2777777777779,90.2777777777779,90.2777777777779,90.2777777777779,90.2777777777779,90.2777777777779,90.2777777777779,90.2777777777779,90.2777777777779,90.2777777777779,90.2777777777779,90.2777777777779,90.2777777777779,90.2777777777779,90.2777777777779,90.2777777777779,90.2777777777779,90.2777777777779,90.2777777777779,90.2777777777779,90.2777777777779,90.2777777777779,90.2777777777779,90.2777777777779,90.2777777777779,90.2777777777779,90.2777777777779,90.2777777777779,90.2777777777779,90.2777777777779,90.2777777777779,90.2777777777779,90.2777777777779,90.2777777777779,90.2777777777779,90.2777777777779,90.2777777777779,90.2777777777779,90.2777777777779,90.2777777777779,90.2777777777779,90.2777777777779,90.2777777777779,90.2777777777779,90.2777777777779,90.2777777777779,90.2777777777779,90.2777777777779,90.2777777777779,90.2777777777779,90.2777777777779,90.2777777777779,90.2777777777779,90.2777777777779,90.2777777777779,90.2777777777779,90.2777777777779,90.2777777777779,90.2777777777779,90.2777777777779,90.2777777777779,90.2777777777779,90.2777777777779,90.2777777777779,90.2777777777779,90.2777777777779,90.2777777777779,90.2777777777779,90.2777777777779,90.2777777777779,90.2777777777779,90.2777777777779,90.2777777777779,90.2777777777779,90.2777777777779,90.2777777777779,90.2777777777779,90.2777777777779,90.2777777777779,90.2777777777779,90.2777777777779,90.2777777777779,90.2777777777779,90.2777777777779,90.2777777777779,90.2777777777779,90.2777777777779,90.2777777777779,90.2777777777779,90.2777777777779,90.2777777777779,90.2777777777779,90.2777777777779,90.2777777777779,90.2777777777779,90.2777777777779,90.2777777777779,90.2777777777779,90.2777777777779,90.2777777777779,90.2777777777779,90.2777777777779,90.2777777777779,90.2777777777779,90.2777777777779,90.2777777777779,90.2777777777779,90.2777777777779,90.2777777777779,90.2777777777779,90.2777777777779,90.2777777777779,90.2777777777779,90.2777777777779,90.2777777777779,90.2777777777779,90.2777777777779,90.2777777777779,90.2777777777779,90.2777777777779,90.2777777777779,90.2777777777779,90.2777777777779,90.2777777777779,90.2777777777779,90.2777777777779,90.2777777777779,90.2777777777779,90.2777777777779,90.2777777777779,90.2777777777779,90.2777777777779,90.2777777777779,90.2777777777779,90.2777777777779,90.2777777777779,90.2777777777779,90.2777777777779,90.2777777777779,90.2777777777779,90.2777777777779,90.2777777777779,90.2777777777779,90.2777777777779,90.2777777777779,90.2777777777779,90.2777777777779,90.2777777777779,90.2777777777779,90.2777777777779,90.2777777777779,90.2777777777779,90.2777777777779,90.2777777777779,90.2777777777779,90.2777777777779,90.2777777777779,90.2777777777779,90.2777777777779,90.2777777777779,90.2777777777779,90.2777777777779,90.2777777777779,90.2777777777779,90.2777777777779,90.2777777777779,90.2777777777779,90.2777777777779,90.2777777777779,90.2777777777779,90.2777777777779,90.2777777777779,90.2777777777779,90.2777777777779,90.2777777777779,90.2777777777779,90.2777777777779,90.2777777777779,90.2777777777779,90.2777777777779,90.2777777777779,90.2777777777779,90.2777777777779,90.2777777777779,90.2777777777779,90.2777777777779,90.2777777777779,90.2777777777779,90.2777777777779,90.2777777777779,90.2777777777779,90.2777777777779,90.2777777777779,90.2777777777779,90.2777777777779,90.2777777777779,90.2777777777779,90.2777777777779,90.2777777777779,90.2777777777779,90.2777777777779,90.2777777777779,90.2777777777779,90.2777777777779,90.2777777777779,90.2777777777779,90.2777777777779,90.2777777777779,90.2777777777779,90.2777777777779,90.2777777777779,90.2777777777779,90.2777777777779,90.2777777777779,90.2777777777779,90.2777777777779,90.2777777777779,90.2777777777779,90.2777777777779,90.2777777777779,90.2777777777779,90.2777777777779,90.2777777777779,90.2777777777779,90.2777777777779,90.2777777777779,90.2777777777779,90.2777777777779,90.2777777777779,90.2777777777779,90.2777777777779,90.2777777777779,90.2777777777779,90.2777777777779,90.2777777777779,90.2777777777779,90.2777777777779,90.2777777777779,90.2777777777779,90.2777777777779,90.2777777777779,90.2777777777779,90.2777777777779,90.2777777777779,90.2777777777779,90.2777777777779,90.2777777777779,90.2777777777779,90.2777777777779,90.2777777777779,90.2777777777779,90.2777777777779,90.2777777777779,90.2777777777779,90.2777777777779,90.2777777777779,90.2777777777779,90.2777777777779,90.2777777777779,90.2777777777779,90.2777777777779,90.2777777777779,90.2777777777779,90.2777777777779,90.2777777777779,90.2777777777779,90.2777777777779,90.2777777777779,90.2777777777779,90.2777777777779,90.2777777777779,90.2777777777779,90.2777777777779,90.2777777777779,90.2777777777779,90.2777777777779,90.2777777777779,90.2777777777779,90.2777777777779,90.2777777777779,90.2777777777779,90.2777777777779,90.2777777777779,90.2777777777779,90.2777777777779,90.2777777777779,90.2777777777779,90.2777777777779,90.2777777777779,90.2777777777779,90.2777777777779,90.2777777777779,90.2777777777779,90.2777777777779,90.2777777777779,90.2777777777779,90.2777777777779,90.2777777777779,90.2777777777779,90.2777777777779,90.2777777777779,90.2777777777779,90.2777777777779,90.2777777777779,90.2777777777779,90.2777777777779,90.2777777777779,90.2777777777779,90.2777777777779,90.2777777777779,90.2777777777779,90.2777777777779,90.2777777777779,90.2777777777779,90.2777777777779,90.2777777777779,90.2777777777779,90.2777777777779,90.2777777777779,90.2777777777779,90.2777777777779,90.2777777777779,90.2777777777779,90.2777777777779,90.2777777777779,90.2777777777779,90.2777777777779,90.2777777777779,90.2777777777779,90.2777777777779,90.2777777777779,90.2777777777779,90.2777777777779,90.2777777777779,90.2777777777779,90.2777777777779,90.2777777777779,90.2777777777779,90.2777777777779,90.2777777777779,90.2777777777779,90.2777777777779,90.2777777777779,90.2777777777779,90.2777777777779,90.2777777777779,90.2777777777779,90.2777777777779,90.2777777777779,90.2777777777779,90.2777777777779,90.2777777777779,90.2777777777779,90.2777777777779,90.2777777777779,90.2777777777779,90.2777777777779,90.2777777777779,90.2777777777779,90.2777777777779,90.2777777777779,90.2777777777779,90.2777777777779,90.2777777777779,90.2777777777779,90.2777777777779,90.2777777777779,90.2777777777779,90.2777777777779,90.2777777777779,90.2777777777779,90.2777777777779,90.2777777777779,90.2777777777779,90.2777777777779,90.2777777777779,90.2777777777779,90.2777777777779,90.2777777777779,90.2777777777779,90.2777777777779,90.2777777777779,90.2777777777779,90.2777777777779,90.2777777777779,90.2777777777779,90.2777777777779,90.2777777777779,90.2777777777779,90.2777777777779,90.2777777777779,90.2777777777779,90.2777777777779,90.2777777777779,90.2777777777779,90.2777777777779,90.2777777777779,90.2777777777779,90.2777777777779,90.2777777777779,90.2777777777779,90.2777777777779,90.2777777777779,90.2777777777779,90.2777777777779,90.2777777777779,90.2777777777779,90.2777777777779,90.2777777777779,90.2777777777779,90.2777777777779,90.2777777777779,90.2777777777779,90.2777777777779,90.2777777777779,90.2777777777779,90.2777777777779,90.2777777777779,90.2777777777779,90.2777777777779,90.2777777777779,90.2777777777779,90.2777777777779,90.2777777777779,90.2777777777779,90.2777777777779,90.2777777777779,90.2777777777779,90.2777777777779,90.2777777777779,90.2777777777779,90.2777777777779,90.2777777777779,90.2777777777779,90.2777777777779,90.2777777777779,90.2777777777779,90.2777777777779,90.2777777777779,90.2777777777779,90.2777777777779,90.2777777777779,90.2777777777779,90.2777777777779,90.2777777777779,90.2777777777779,90.2777777777779,90.2777777777779,90.2777777777779,90.2777777777779,90.2777777777779,90.2777777777779,90.2777777777779,90.2777777777779,90.2777777777779,90.2777777777779,90.2777777777779,90.2777777777779,90.2777777777779,90.2777777777779,90.2777777777779,90.2777777777779,90.2777777777779,90.2777777777779,90.2777777777779,90.2777777777779,90.2777777777779,90.2777777777779,90.2777777777779,90.2777777777779,90.2777777777779,90.2777777777779,90.2777777777779,90.2777777777779,90.2777777777779,90.2777777777779,90.2777777777779,90.2777777777779,90.2777777777779,90.2777777777779,90.2777777777779,90.2777777777779,90.2777777777779,90.2777777777779,90.2777777777779,90.2777777777779,90.2777777777779,90.2777777777779,90.2777777777779,90.2777777777779,90.2777777777779,90.2777777777779,90.2777777777779,90.2777777777779,90.2777777777779,90.2777777777779,90.2777777777779,90.2777777777779,90.2777777777779,90.2777777777779,90.2777777777779,90.2777777777779,90.2777777777779,90.2777777777779,90.2777777777779,90.2777777777779,90.2777777777779,90.2777777777779,90.2777777777779,90.2777777777779,90.2777777777779,90.2777777777779,90.2777777777779,90.2777777777779,90.2777777777779,90.2777777777779,90.2777777777779,90.2777777777779,90.2777777777779,90.2777777777779,90.2777777777779,90.2777777777779,90.2777777777779,90.2777777777779,90.2777777777779,90.2777777777779,90.2777777777779,90.2777777777779,90.2777777777779,90.2777777777779,90.2777777777779,90.2777777777779,90.2777777777779,90.2777777777779,90.2777777777779,90.2777777777779,90.2777777777779,90.2777777777779,90.2777777777779,90.2777777777779,90.2777777777779,90.2777777777779,90.2777777777779,90.2777777777779,90.2777777777779,90.2777777777779,90.2777777777779,90.2777777777779,90.2777777777779,90.2777777777779,90.2777777777779,90.2777777777779,90.2777777777779,90.2777777777779,90.2777777777779,90.2777777777779,90.2777777777779,90.2777777777779,90.2777777777779,90.2777777777779,90.2777777777779,90.2777777777779,90.2777777777779,90.2777777777779,90.2777777777779,90.2777777777779,90.2777777777779,90.2777777777779,90.2777777777779,90.2777777777779,90.2777777777779,90.2777777777779,90.2777777777779,90.2777777777779,90.2777777777779,90.2777777777779,90.2777777777779,90.2777777777779,90.2777777777779,90.2777777777779,90.2777777777779,90.2777777777779,90.2777777777779,90.2777777777779,90.2777777777779,90.2777777777779,90.2777777777779,90.2777777777779,90.2777777777779,90.2777777777779,90.2777777777779,90.2777777777779,90.2777777777779,90.2777777777779,90.2777777777779,90.2777777777779,90.2777777777779,90.2777777777779,90.2777777777779,90.2777777777779,90.2777777777779,90.2777777777779,90.2777777777779,90.2777777777779,90.2777777777779,90.2777777777779,90.2777777777779,90.2777777777779,90.2777777777779,90.2777777777779,90.2777777777779,90.2777777777779,90.2777777777779,90.2777777777779,90.2777777777779,90.2777777777779,90.2777777777779,90.2777777777779,90.2777777777779,90.2777777777779,90.2777777777779,90.2777777777779,90.2777777777779,90.2777777777779,90.2777777777779,90.2777777777779,90.2777777777779,90.2777777777779,90.2777777777779,90.2777777777779,90.2777777777779,90.2777777777779,90.2777777777779,90.2777777777779,90.2777777777779,90.2777777777779,90.2777777777779,90.2777777777779,90.2777777777779,90.2777777777779,90.2777777777779,90.2777777777779,90.2777777777779,90.2777777777779,90.2777777777779,90.2777777777779,90.2777777777779,90.2777777777779,90.2777777777779,90.2777777777779,90.2777777777779,90.2777777777779,90.2777777777779,90.2777777777779,90.2777777777779,90.2777777777779,90.2777777777779,90.2777777777779,90.2777777777779,90.2777777777779,90.2777777777779,90.2777777777779,90.2777777777779,90.2777777777779,90.2777777777779,90.2777777777779,90.2777777777779,90.2777777777779,90.2777777777779,90.2777777777779,90.2777777777779,90.2777777777779,90.2777777777779,90.2777777777779,90.2777777777779,90.2777777777779,90.2777777777779,90.2777777777779,90.2777777777779,90.2777777777779,90.2777777777779,90.2777777777779,90.2777777777779,90.2777777777779,90.2777777777779,90.2777777777779,90.2777777777779,90.2777777777779,90.2777777777779,90.2777777777779,90.2777777777779,90.2777777777779,90.2777777777779,90.2777777777779,90.2777777777779,90.2777777777779,90.2777777777779,90.2777777777779,90.2777777777779,90.2777777777779,90.2777777777779,90.2777777777779,90.2777777777779,90.2777777777779,90.2777777777779,90.2777777777779,90.2777777777779,90.2777777777779,90.2777777777779,90.2777777777779,90.2777777777779,90.2777777777779,90.2777777777779,90.2777777777779,90.2777777777779,90.2777777777779,90.2777777777779,90.2777777777779,90.2777777777779,90.2777777777779,90.2777777777779,90.2777777777779,90.2777777777779,90.2777777777779,90.2777777777779,90.2777777777779,90.2777777777779,90.2777777777779,90.2777777777779,90.2777777777779,90.2777777777779,90.2777777777779,90.2777777777779,90.2777777777779,90.2777777777779,90.2777777777779,90.2777777777779,90.2777777777779,90.2777777777779,90.2777777777779,90.2777777777779,90.2777777777779,90.2777777777779,90.2777777777779,90.2777777777779,90.2777777777779,90.2777777777779,90.2777777777779,90.2777777777779,90.2777777777779,90.2777777777779,90.2777777777779,90.2777777777779,90.2777777777779,90.2777777777779,90.2777777777779,90.2777777777779,90.2777777777779,90.2777777777779,90.2777777777779,90.2777777777779,90.2777777777779,90.2777777777779,90.2777777777779,90.2777777777779,90.2777777777779,90.2777777777779,90.2777777777779,90.2777777777779,90.2777777777779,90.2777777777779,90.2777777777779,90.2777777777779,90.2777777777779,90.2777777777779,90.2777777777779,90.2777777777779,90.2777777777779,90.2777777777779,90.2777777777779,90.2777777777779,90.2777777777779,90.2777777777779,90.2777777777779,90.2777777777779,90.2777777777779,90.2777777777779,90.2777777777779,90.2777777777779,90.2777777777779,90.2777777777779,90.2777777777779,90.2777777777779,90.2777777777779,90.2777777777779,90.2777777777779,90.2777777777779,90.2777777777779,90.2777777777779,90.2777777777779,90.2777777777779,90.2777777777779,90.2777777777779,90.2777777777779,90.2777777777779,90.2777777777779,90.2777777777779,90.2777777777779,90.2777777777779,90.2777777777779,90.2777777777779,90.2777777777779,90.2777777777779,90.2777777777779,90.2777777777779,90.2777777777779,90.2777777777779,90.2777777777779,90.2777777777779,90.2777777777779,90.2777777777779,90.2777777777779,90.2777777777779,90.2777777777779,90.2777777777779,90.2777777777779,90.2777777777779,90.2777777777779,90.2777777777779,90.2777777777779,90.2777777777779,90.2777777777779,90.2777777777779,90.2777777777779,90.2777777777779,90.2777777777779,90.2777777777779,90.2777777777779,90.2777777777779,90.2777777777779,90.2777777777779,90.2777777777779,90.2777777777779,90.2777777777779,90.2777777777779,90.2777777777779,90.2777777777779,90.2777777777779,90.2777777777779,90.2777777777779,90.2777777777779,90.2777777777779,90.2777777777779,90.2777777777779,90.2777777777779,90.2777777777779,90.2777777777779,90.2777777777779,90.2777777777779,90.2777777777779,90.2777777777779,90.2777777777779,90.2777777777779,90.2777777777779,90.2777777777779,90.2777777777779,90.2777777777779,90.2777777777779,90.2777777777779,90.2777777777779,90.2777777777779,90.2777777777779,90.2777777777779,90.2777777777779,90.2777777777779,90.2777777777779,90.2777777777779,90.2777777777779,90.2777777777779,90.2777777777779,90.2777777777779,90.2777777777779,90.2777777777779,90.2777777777779,90.2777777777779,90.2777777777779,90.2777777777779,90.2777777777779,90.2777777777779,90.2777777777779,90.2777777777779,90.2777777777779,90.2777777777779,90.2777777777779,90.2777777777779,90.2777777777779,90.2777777777779,90.2777777777779,90.2777777777779,90.2777777777779,90.2777777777779,90.2777777777779,90.2777777777779,90.2777777777779,90.2777777777779,90.2777777777779,90.2777777777779,90.2777777777779,90.2777777777779,90.2777777777779,90.2777777777779,90.2777777777779,90.2777777777779,90.2777777777779,90.2777777777779,90.2777777777779,90.2777777777779,90.2777777777779,90.2777777777779,90.2777777777779,90.2777777777779,90.2777777777779,90.2777777777779,90.2777777777779,90.2777777777779,90.2777777777779,90.2777777777779,90.2777777777779,90.2777777777779,90.2777777777779,90.2777777777779,90.2777777777779,90.2777777777779,90.2777777777779,90.2777777777779,90.2777777777779,90.2777777777779,90.2777777777779,90.2777777777779,90.2777777777779,90.2777777777779,90.2777777777779,90.2777777777779,90.2777777777779,90.2777777777779,90.2777777777779,90.2777777777779,90.2777777777779,90.2777777777779,90.2777777777779,90.2777777777779,90.2777777777779,90.2777777777779,90.2777777777779,90.2777777777779,90.2777777777779,90.2777777777779,90.2777777777779,90.2777777777779,90.2777777777779,90.2777777777779,90.2777777777779,90.2777777777779,90.2777777777779,90.2777777777779,90.2777777777779,90.2777777777779,90.2777777777779,90.2777777777779,90.2777777777779,90.2777777777779,90.2777777777779,90.2777777777779,90.2777777777779,90.2777777777779,90.2777777777779,90.2777777777779,90.2777777777779,90.2777777777779,90.2777777777779,90.2777777777779,90.2777777777779,90.2777777777779,90.2777777777779,90.2777777777779,90.2777777777779,90.2777777777779,90.2777777777779,90.2777777777779,90.2777777777779,90.2777777777779,90.2777777777779,90.2777777777779,90.2777777777779,90.2777777777779,90.2777777777779,90.2777777777779,90.2777777777779,90.2777777777779,90.2777777777779,90.2777777777779,90.2777777777779,90.2777777777779,90.2777777777779,90.2777777777779,90.2777777777779,90.2777777777779,90.2777777777779,90.2777777777779,90.2777777777779,90.2777777777779,90.2777777777779,90.2777777777779,90.2777777777779,90.2777777777779,90.2777777777779,90.2777777777779,90.2777777777779,90.2777777777779,90.2777777777779,90.2777777777779,90.2777777777779,90.2777777777779,90.2777777777779,90.2777777777779,90.2777777777779,90.2777777777779,90.2777777777779,90.2777777777779,90.2777777777779,90.2777777777779,90.2777777777779,90.2777777777779,90.2777777777779,90.2777777777779,90.2777777777779,90.2777777777779,90.2777777777779,90.2777777777779,90.2777777777779,90.2777777777779,90.2777777777779,90.2777777777779,90.2777777777779,90.2777777777779,90.2777777777779,90.2777777777779,90.2777777777779,90.2777777777779,90.2777777777779,90.2777777777779,90.2777777777779,90.2777777777779,90.2777777777779,90.2777777777779,90.2777777777779,90.2777777777779,90.2777777777779,90.2777777777779,90.2777777777779,90.2777777777779,90.2777777777779,90.2777777777779,90.2777777777779,90.2777777777779,90.2777777777779,90.2777777777779,90.2777777777779,90.2777777777779,90.2777777777779,90.2777777777779,90.2777777777779,90.2777777777779,90.2777777777779,90.2777777777779,90.2777777777779,90.2777777777779,90.2777777777779,90.2777777777779,90.2777777777779,90.2777777777779,90.2777777777779,90.2777777777779,90.2777777777779,90.2777777777779,90.2777777777779,90.2777777777779,90.2777777777779,90.2777777777779,90.2777777777779,90.2777777777779,90.2777777777779,90.2777777777779,90.2777777777779,90.2777777777779,90.2777777777779,90.2777777777779,90.2777777777779,90.2777777777779,90.2777777777779,90.2777777777779,90.2777777777779,90.2777777777779,90.2777777777779,90.2777777777779,90.2777777777779,90.2777777777779,90.2777777777779,90.2777777777779,90.2777777777779,90.2777777777779,90.2777777777779,90.2777777777779,90.2777777777779,90.2777777777779,90.2777777777779,90.2777777777779,90.2777777777779,90.2777777777779,90.2777777777779,90.2777777777779,90.2777777777779,90.2777777777779,90.2777777777779,90.2777777777779,90.2777777777779,90.2777777777779,90.2777777777779,90.2777777777779,90.2777777777779,90.2777777777779,90.2777777777779,90.2777777777779,90.2777777777779,90.2777777777779,90.2777777777779,90.2777777777779,90.2777777777779,90.2777777777779,90.2777777777779,90.2777777777779,90.2777777777779,90.2777777777779,90.2777777777779,90.2777777777779,90.2777777777779,90.2777777777779,90.2777777777779,90.2777777777779,90.2777777777779,90.2777777777779,90.2777777777779,90.2777777777779,90.2777777777779,90.2777777777779,90.2777777777779,90.2777777777779,90.2777777777779,90.2777777777779,90.2777777777779,90.2777777777779,90.2777777777779,90.2777777777779,90.2777777777779,90.2777777777779,90.2777777777779,90.2777777777779,90.2777777777779,90.2777777777779,90.2777777777779,90.2777777777779,90.2777777777779,90.2777777777779,90.2777777777779,90.2777777777779,90.2777777777779,90.2777777777779,90.2777777777779,90.2777777777779,90.2777777777779,90.2777777777779,90.2777777777779,90.2777777777779,90.2777777777779,90.2777777777779,90.2777777777779,90.2777777777779,90.2777777777779,90.2777777777779,90.2777777777779,90.2777777777779,90.2777777777779,90.2777777777779,90.2777777777779,90.2777777777779,90.2777777777779,90.2777777777779,90.2777777777779,90.2777777777779,90.2777777777779,90.2777777777779,90.2777777777779,90.2777777777779,90.2777777777779,90.2777777777779,90.2777777777779,90.2777777777779,90.2777777777779,90.2777777777779,90.2777777777779,90.2777777777779,90.2777777777779,90.2777777777779,90.2777777777779,90.2777777777779,90.2777777777779,90.2777777777779,90.2777777777779,90.2777777777779,90.2777777777779,90.2777777777779,90.2777777777779,90.2777777777779,90.2777777777779,90.2777777777779,90.2777777777779,90.2777777777779,90.2777777777779,90.2777777777779,90.2777777777779,90.2777777777779,90.2777777777779,90.2777777777779,90.2777777777779,90.2777777777779,90.2777777777779,90.2777777777779,90.2777777777779,90.2777777777779,90.2777777777779,90.2777777777779,90.2777777777779,90.2777777777779,90.2777777777779,90.2777777777779,90.2777777777779,90.2777777777779,90.2777777777779,90.2777777777779,90.2777777777779,90.2777777777779,90.2777777777779,90.2777777777779,90.2777777777779,90.2777777777779,90.2777777777779,90.2777777777779,90.2777777777779,90.2777777777779,90.2777777777779,90.2777777777779,90.2777777777779,90.2777777777779,90.2777777777779,90.2777777777779,90.2777777777779,90.2777777777779,90.2777777777779,90.2777777777779,90.2777777777779,90.2777777777779,90.2777777777779,90.2777777777779,90.2777777777779,90.2777777777779,90.2777777777779,90.2777777777779,90.2777777777779,90.2777777777779,90.2777777777779,90.2777777777779,90.2777777777779,90.2777777777779,90.2777777777779,90.2777777777779,90.2777777777779,90.2777777777779,90.2777777777779,90.2777777777779,90.2777777777779,90.2777777777779,90.2777777777779,90.2777777777779,90.2777777777779,90.2777777777779,90.2777777777779,90.2777777777779,90.2777777777779,90.2777777777779,90.2777777777779,90.2777777777779,90.2777777777779,90.2777777777779,90.2777777777779,90.2777777777779,90.2777777777779,90.2777777777779,90.2777777777779,90.2777777777779,90.2777777777779,90.2777777777779,90.2777777777779,90.2777777777779,90.2777777777779,90.2777777777779,90.2777777777779,90.2777777777779,90.2777777777779,90.2777777777779,90.2777777777779,90.2777777777779,90.2777777777779,90.2777777777779,90.2777777777779,90.2777777777779,90.2777777777779,90.2777777777779,90.2777777777779,90.2777777777779,90.2777777777779,90.2777777777779,90.2777777777779,90.2777777777779,90.2777777777779,90.2777777777779,90.2777777777779,90.2777777777779,90.2777777777779,90.2777777777779,90.2777777777779,90.2777777777779,90.2777777777779,90.2777777777779,90.2777777777779,90.2777777777779,90.2777777777779,90.2777777777779,90.2777777777779,90.2777777777779,90.2777777777779,90.2777777777779,90.2777777777779,90.2777777777779,90.2777777777779,90.2777777777779,90.2777777777779,90.2777777777779,90.2777777777779,90.2777777777779,90.2777777777779,90.2777777777779,90.2777777777779,90.2777777777779,90.2777777777779,90.2777777777779,90.2777777777779,90.2777777777779,90.2777777777779,90.2777777777779,90.2777777777779,90.2777777777779,90.2777777777779,90.2777777777779,90.2777777777779,90.2777777777779,90.2777777777779,90.2777777777779,90.2777777777779,90.2777777777779,90.2777777777779,90.2777777777779,90.2777777777779,90.2777777777779,90.2777777777779,90.2777777777779,90.2777777777779,90.2777777777779,90.2777777777779,90.2777777777779,90.2777777777779,90.2777777777779,90.2777777777779,90.2777777777779,90.2777777777779,90.2777777777779,90.2777777777779,90.2777777777779,90.2777777777779,90.2777777777779,90.2777777777779,90.2777777777779,90.2777777777779,90.2777777777779,90.2777777777779,90.2777777777779,90.2777777777779,90.2777777777779,90.2777777777779,90.2777777777779,90.2777777777779,90.2777777777779,90.2777777777779,90.2777777777779,90.2777777777779,90.2777777777779,90.2777777777779,90.2777777777779,90.2777777777779,90.2777777777779,90.2777777777779,90.2777777777779,90.2777777777779,90.2777777777779,90.2777777777779,90.2777777777779,90.2777777777779,90.2777777777779,90.2777777777779,90.2777777777779,90.2777777777779,90.2777777777779,90.2777777777779,90.2777777777779,90.2777777777779,90.2777777777779,90.2777777777779,90.2777777777779,90.2777777777779,90.2777777777779,90.2777777777779,90.2777777777779,90.2777777777779,90.2777777777779,90.2777777777779,90.2777777777779,90.2777777777779,90.2777777777779,90.2777777777779,90.2777777777779,90.2777777777779,90.2777777777779,90.2777777777779,90.2777777777779,90.2777777777779,90.2777777777779,90.2777777777779,90.2777777777779,90.2777777777779,90.2777777777779,90.2777777777779,90.2777777777779,90.2777777777779,90.2777777777779,90.2777777777779,90.2777777777779,90.2777777777779,90.2777777777779,90.2777777777779,90.2777777777779,90.2777777777779,90.2777777777779,90.2777777777779,90.2777777777779,90.2777777777779,90.2777777777779,90.2777777777779,90.2777777777779,90.2777777777779,90.2777777777779,90.2777777777779,90.2777777777779,90.2777777777779,90.2777777777779
scores,46.0,75.0,41.0,48.0,47.0,37.0,34.0,67.0,43.0,47.0,74.0,75.0,52.0,72.0,59.0,37.0,36.0,66.0,52.0,50.0,62.0,86.0,67.0,46.0,74.0,65.0,67.0,66.0,66.0,92.0,56.0,71.0,45.0,43.0,37.0,43.0,82.0,66.0,57.0,72.0,51.0,31.0,69.0,40.0,39.0,46.0,61.0,103.0,34.0,51.0,42.0,40.0,43.0,32.0,57.0,66.0,48.0,63.0,48.0,60.0,50.0,46.0,76.0,61.0,62.0,32.0,43.0,55.0,46.0,62.0,60.0,34.0,57.0,30.0,56.0,77.0,51.0,62.0,54.0,70.0,48.0,80.0,83.0,56.0,44.0,78.0,62.0,57.0,64.0,35.0,14.0,40.0,54.0,52.0,43.0,45.0,81.0,55.0,65.0,85.0,71.0,68.0,73.0,86.0,60.0,79.0,57.0,57.0,41.0,46.0,49.0,71.0,59.0,86.0,57.0,90.0,70.0,50.0,43.0,55.0,53.0,37.0,68.0,46.0,68.0,67.0,66.0,66.0,78.0,56.0,43.0,43.0,59.0,61.0,58.0,52.0,70.0,70.0,63.0,78.0,59.0,44.0,71.0,65.0,35.0,34.0,59.0,35.0,86.0,71.0,60.0,71.0,71.0,75.0,64.0,47.0,62.0,66.0,33.0,64.0,68.0,52.0,79.0,45.0,91.0,40.0,66.0,55.0,80.0,51.0,50.0,31.0,49.0,77.0,66.0,56.0,71.0,68.0,63.0,63.0,42.0,46.0,73.0,112.0,105.0,56.0,65.0,59.0,69.0,30.0,75.0,58.0,56.0,69.0,90.0,70.0,61.0,68.0,95.0,54.0,43.0,41.0,48.0,64.0,76.0,63.0,56.0,81.0,50.0,64.0,49.0,63.0,63.0,87.0,81.0,78.0,35.0,37.0,48.0,73.0,59.0,46.0,62.0,69.0,58.0,76.0,54.0,55.0,80.0,46.0,57.0,52.0,41.0,43.0,53.0,32.0,49.0,53.0,77.0,63.0,64.0,44.0,55.0,42.0,73.0,57.0,51.0,65.0,72.0,48.0,68.0,52.0,47.0,47.0,51.0,52.0,49.0,71.0,31.0,34.0,72.0,46.0,61.0,39.0,66.0,57.0,82.0,50.0,51.0,37.0,108.0,46.0,64.0,63.0,42.0,69.0,60.0,63.0,48.0,73.0,75.0,47.0,67.0,98.0,65.0,68.0,43.0,70.0,60.0,66.0,71.0,61.0,76.0,35.0,48.0,40.0,43.0,42.0,65.0,45.0,49.0,34.0,49.0,50.0,47.0,54.0,43.0,81.0,64.0,49.0,50.0,32.0,73.0,52.0,43.0,46.0,45.0,47.0,53.0,55.0,50.0,47.0,58.0,32.0,44.0,47.0,45.0,38.0,35.0,35.0,47.0,43.0,31.0,35.0,47.0,44.0,38.0,35.0,30.0,34.0,35.0,36.0,48.0,76.0,44.0,43.0,31.0,41.0,47.0,42.0,47.0,49.0,54.0,31.0,28.0,37.0,35.0,32.0,37.0,41.0,41.0,33.0,30.0,41.0,37.0,34.0,24.0,34.0,28.0,27.0,58.0,41.0,35.0,37.0,42.0,34.0,27.0,25.0,31.0,30.0,32.0,34.0,30.0,33.0,34.0,27.0,34.0,27.0,42.0,33.0,37.0,31.0,37.0,29.0,34.0,33.0,39.0,32.0,32.0,38.0,39.0,37.0,33.0,38.0,39.0,34.0,34.0,34.0,37.0,33.0,38.0,35.0,38.0,35.0,37.0,34.0,39.0,31.0,40.0,34.0,39.0,37.0,34.0,44.0,37.0,38.0,35.0,39.0,38.0,39.0,39.0,41.0,41.0,34.0,42.0,42.0,38.0,37.0,40.0,41.0,37.0,37.0,39.0,45.0,37.0,44.0,38.0,39.0,42.0,38.0,37.0,35.0,42.0,41.0,39.0,41.0,39.0,41.0,36.0,41.0,39.0,43.0,44.0,41.0,41.0,43.0,35.0,41.0,40.0,37.0,32.0,47.0,38.0,45.0,39.0,43.0,37.0,43.0,42.0,44.0,42.0,42.0,42.0,40.0,53.0,42.0,40.0,39.0,42.0,40.0,43.0,41.0,43.0,39.0,41.0,41.0,41.0,39.0,45.0,43.0,39.0,49.0,41.0,40.0,38.0,46.0,39.0,43.0,41.0,42.0,40.0,38.0,39.0,45.0,36.0,42.0,41.0,40.0,42.0,40.0,40.0,42.0,41.0,39.0,40.0,47.0,40.0,40.0,37.0,39.0,43.0,42.0,41.0,48.0,41.0,39.0,44.0,42.0,44.0,43.0,40.0,41.0,43.0,40.0,41.0,39.0,45.0,44.0,42.0,40.0,40.0,41.0,42.0,40.0,36.0,41.0,50.0,42.0,47.0,37.0,42.0,39.0,36.0,40.0,44.0,43.0,42.0,38.0,48.0,45.0,40.0,40.0,41.0,40.0,38.0,40.0,42.0,46.0,41.0,39.0,40.0,40.0,41.0,37.0,39.0,43.0,38.0,45.0,42.0,38.0,41.0,39.0,41.0,39.0,42.0,41.0,39.0,44.0,44.0,42.0,40.0,47.0,37.0,38.0,43.0,35.0,40.0,41.0,39.0,42.0,43.0,43.0,39.0,41.0,41.0,40.0,40.0,43.0,39.0,40.0,34.0,42.0,43.0,39.0,44.0,44.0,41.0,47.0,43.0,39.0,49.0,39.0,52.0,40.0,39.0,38.0,36.0,45.0,43.0,46.0,38.0,39.0,40.0,43.0,41.0,39.0,38.0,36.0,38.0,41.0,44.0,43.0,40.0,43.0,42.0,42.0,40.0,40.0,66.0,40.0,51.0,37.0,51.0,45.0,39.0,39.0,48.0,44.0,41.0,41.0,41.0,41.0,41.0,42.0,44.0,39.0,42.0,38.0,37.0,44.0,43.0,39.0,44.0,40.0,42.0,42.0,47.0,40.0,42.0,42.0,41.0,45.0,39.0,43.0,43.0,41.0,36.0,41.0,40.0,43.0,46.0,43.0,40.0,38.0,40.0,39.0,42.0,34.0,41.0,43.0,42.0,40.0,40.0,54.0,40.0,39.0,39.0,36.0,43.0,43.0,46.0,39.0,43.0,43.0,44.0,42.0,39.0,41.0,42.0,40.0,44.0,39.0,45.0,41.0,42.0,46.0,43.0,37.0,43.0,43.0,40.0,39.0,41.0,43.0,40.0,40.0,43.0,51.0,39.0,43.0,43.0,42.0,42.0,43.0,40.0,41.0,41.0,43.0,36.0,41.0,39.0,41.0,43.0,42.0,43.0,36.0,40.0,38.0,37.0,40.0,42.0,41.0,37.0,40.0,39.0,41.0,38.0,40.0,40.0,41.0,41.0,39.0,43.0,39.0,39.0,40.0,39.0,45.0,44.0,48.0,42.0,44.0,42.0,41.0,44.0,38.0,40.0,38.0,40.0,39.0,41.0,42.0,40.0,45.0,41.0,36.0,40.0,41.0,42.0,39.0,45.0,43.0,44.0,41.0,38.0,45.0,38.0,43.0,41.0,44.0,42.0,42.0,40.0,42.0,41.0,36.0,42.0,43.0,41.0,40.0,43.0,38.0,40.0,44.0,42.0,39.0,40.0,40.0,44.0,44.0,46.0,42.0,41.0,46.0,40.0,40.0,42.0,41.0,37.0,50.0,41.0,44.0,42.0,47.0,36.0,46.0,40.0,44.0,40.0,42.0,44.0,41.0,44.0,43.0,51.0,38.0,38.0,44.0,46.0,40.0,40.0,43.0,42.0,38.0,40.0,42.0,44.0,43.0,40.0,43.0,38.0,41.0,41.0,40.0,41.0,42.0,42.0,41.0,37.0,45.0,43.0,40.0,37.0,40.0,41.0,44.0,38.0,41.0,41.0,38.0,40.0,44.0,40.0,39.0,54.0,42.0,42.0,47.0,43.0,44.0,38.0,42.0,41.0,44.0,47.0,42.0,37.0,37.0,40.0,43.0,40.0,42.0,38.0,39.0,44.0,43.0,42.0,41.0,39.0,37.0,40.0,42.0,39.0,38.0,41.0,41.0,38.0,40.0,41.0,43.0,41.0,43.0,43.0,44.0,43.0,43.0,45.0,43.0,39.0,41.0,49.0,41.0,39.0,46.0,43.0,54.0,44.0,43.0,42.0,39.0,42.0,43.0,40.0,43.0,38.0,41.0,45.0,39.0,38.0,42.0,39.0,42.0,40.0,41.0,43.0,40.0,42.0,45.0,40.0,42.0,38.0,40.0,41.0,42.0,41.0,40.0,41.0,38.0,40.0,39.0,42.0,40.0,46.0,45.0,36.0,41.0,43.0,38.0,42.0,38.0,45.0,40.0,40.0,42.0,46.0,43.0,40.0,40.0,39.0,39.0,40.0,39.0,39.0,41.0,41.0,42.0,41.0,39.0,42.0,43.0,43.0,40.0,36.0,44.0,45.0,38.0,42.0,36.0,38.0,42.0,51.0,43.0,39.0,44.0,40.0,39.0,43.0,43.0,42.0,39.0,37.0,40.0,40.0,42.0,44.0,40.0,40.0,41.0,39.0,43.0,46.0,40.0,41.0,41.0,40.0,40.0,44.0,39.0,54.0,44.0,42.0,39.0,44.0,41.0,40.0,42.0,42.0,40.0,42.0,44.0,45.0,42.0,39.0,48.0,41.0,44.0,43.0,39.0,41.0,41.0,38.0,40.0,43.0,46.0,44.0,44.0,50.0,40.0,41.0,41.0,38.0,38.0,40.0,37.0,42.0,39.0,43.0,43.0,41.0,42.0,41.0,38.0,41.0,39.0,42.0,39.0,41.0,42.0,39.0,41.0,39.0,42.0,41.0,43.0,40.0,42.0,38.0,36.0,43.0,39.0,44.0,38.0,42.0,41.0,41.0,48.0,44.0,42.0,38.0,36.0,43.0,42.0,44.0,45.0,40.0,36.0,43.0,38.0,40.0,44.0,40.0,43.0,41.0,39.0,48.0,44.0,40.0,43.0,46.0,39.0,40.0,39.0,41.0,37.0,40.0,44.0,42.0,36.0,39.0,42.0,41.0,42.0,41.0,46.0,41.0,48.0,36.0,43.0,42.0,47.0,42.0,42.0,40.0,42.0,42.0,42.0,38.0,39.0,40.0,44.0,40.0,42.0,39.0,43.0,41.0,46.0,43.0,41.0,42.0,44.0,42.0,43.0,39.0,41.0,39.0,40.0,39.0,43.0,52.0,40.0,40.0,45.0,40.0,38.0,41.0,41.0,46.0,41.0,39.0,45.0,46.0,43.0,40.0,43.0,40.0,42.0,43.0,39.0,42.0,42.0,41.0,42.0,46.0,39.0,42.0,39.0,44.0,38.0,43.0,49.0,43.0,42.0,44.0,39.0,43.0,43.0,41.0,43.0,46.0,39.0,41.0,40.0,41.0,42.0,40.0,41.0,41.0,41.0,45.0,43.0,48.0,48.0,44.0,34.0,44.0,42.0,41.0,43.0,39.0,42.0,38.0,36.0,37.0,44.0,44.0,40.0,40.0,40.0,41.0,42.0,44.0,44.0,37.0,42.0,40.0,44.0,40.0,39.0,40.0,41.0,42.0,38.0,39.0,39.0,36.0,41.0,45.0,42.0,39.0,40.0,42.0,43.0,39.0,40.0,43.0,39.0,41.0,41.0,43.0,45.0,43.0,42.0,38.0,50.0,41.0,42.0,40.0,37.0,43.0,40.0,41.0,37.0,40.0,42.0,39.0,44.0,38.0,45.0,41.0,41.0,42.0,40.0,42.0,42.0,41.0,40.0,37.0,39.0,40.0,41.0,47.0,39.0,41.0,43.0,38.0,40.0,40.0,40.0,37.0,41.0,43.0,38.0,39.0,36.0,41.0,43.0,42.0,40.0,38.0,49.0,39.0,39.0,55.0,35.0,44.0,40.0,54.0,43.0,41.0,41.0,43.0,42.0,44.0,38.0,42.0,40.0,38.0,40.0,39.0,40.0,41.0,40.0,40.0,40.0,41.0,38.0,40.0,38.0,49.0,44.0,41.0,44.0,42.0,38.0,42.0,48.0,41.0,43.0,45.0,38.0,40.0,44.0,46.0,41.0,44.0,41.0,41.0,41.0,39.0,44.0,48.0,41.0,41.0,41.0,40.0,43.0,43.0,40.0,41.0,46.0,41.0,41.0,40.0,42.0,42.0,41.0,43.0,40.0,48.0,42.0,43.0,41.0,39.0,40.0,42.0,42.0,42.0,48.0,42.0,41.0,43.0,40.0,41.0,33.0,41.0,41.0,39.0,43.0,38.0,46.0,42.0,43.0,43.0,41.0,39.0,42.0,42.0,42.0,40.0,44.0,62.0,38.0,44.0,40.0,41.0,43.0,39.0,36.0,42.0,44.0,38.0,45.0,39.0,42.0,48.0,43.0,43.0,42.0,39.0,45.0,41.0,41.0,33.0,41.0,43.0,42.0,36.0,41.0,38.0,41.0,51.0,47.0,39.0,44.0,41.0,39.0,39.0,46.0,42.0,40.0,40.0,47.0,41.0,40.0,41.0,39.0,43.0,45.0,43.0,44.0,40.0,41.0,44.0,44.0,42.0,40.0,41.0,41.0,38.0,39.0,45.0,41.0,39.0,37.0,45.0,41.0,38.0,40.0,40.0,41.0,38.0,39.0,44.0,40.0,44.0,39.0,42.0,36.0,42.0,41.0,40.0,38.0,42.0,42.0,41.0,38.0,42.0,38.0,41.0,43.0,40.0,43.0,38.0,66.0,37.0,34.0,41.0,42.0,43.0,43.0,44.0,35.0,37.0,44.0,41.0,41.0,42.0,42.0,39.0,43.0,43.0,40.0,43.0,43.0,41.0,43.0,41.0,37.0,43.0,42.0,39.0,39.0,36.0,44.0,41.0,43.0,39.0,41.0,41.0,41.0,38.0,42.0,39.0,44.0,39.0,41.0,41.0,40.0,41.0,39.0,41.0,43.0,41.0,42.0,41.0,40.0,38.0,41.0,39.0,44.0,41.0,42.0,43.0,43.0,43.0,44.0,41.0,41.0,40.0,43.0,40.0,38.0,43.0,43.0,41.0,45.0,35.0,42.0,41.0,42.0,38.0,42.0,43.0,42.0,44.0,44.0,39.0,40.0,40.0,44.0,43.0,37.0,38.0,35.0,41.0,43.0,38.0,41.0,41.0,43.0,42.0,38.0,38.0,44.0,39.0,43.0,42.0,43.0,44.0,38.0,42.0,40.0,40.0,39.0,41.0,39.0,44.0,39.0,41.0,38.0,42.0,42.0,42.0,47.0,42.0,40.0,44.0,37.0,41.0,43.0,38.0,40.0,42.0,43.0,43.0,41.0,41.0,40.0,42.0,38.0,39.0,40.0,51.0,43.0,40.0,43.0,37.0,39.0,42.0,43.0,40.0,42.0,40.0,41.0,57.0,40.0,40.0,44.0,38.0,45.0,39.0,45.0,43.0,43.0,40.0,39.0,41.0,40.0,41.0,38.0,38.0,43.0,54.0,41.0,42.0,39.0,39.0,41.0,40.0,43.0,43.0,43.0,42.0,42.0,44.0,40.0,44.0,46.0,40.0,38.0,41.0,40.0,38.0,37.0,40.0,40.0,39.0,38.0,40.0,43.0,41.0,39.0,42.0,39.0,42.0,43.0,40.0,39.0,41.0,38.0,46.0,40.0,43.0,43.0,45.0,39.0,42.0,38.0,43.0,43.0,48.0,40.0,42.0,42.0,45.0,39.0,41.0,40.0,40.0,43.0,42.0,40.0,41.0,42.0,39.0,39.0,41.0,44.0,47.0,40.0,41.0,38.0,45.0,40.0,40.0,41.0,43.0,43.0,39.0,41.0,41.0,43.0,38.0,45.0,39.0,38.0,43.0,44.0,39.0,43.0,43.0,44.0,37.0,37.0,42.0,39.0,41.0,36.0,48.0,41.0,44.0,39.0,44.0,44.0,46.0,44.0,41.0,39.0,38.0,37.0,37.0,43.0,49.0,43.0,40.0,39.0,36.0,44.0,40.0,44.0,41.0,42.0,42.0,42.0,44.0,41.0,38.0,42.0,48.0,41.0,40.0,40.0,40.0,41.0,41.0,42.0,42.0,40.0,38.0,43.0,38.0,40.0,42.0,41.0,40.0,43.0,37.0,41.0,41.0,44.0,40.0,44.0,41.0,40.0,43.0,40.0,38.0,48.0,46.0,45.0,37.0,39.0,44.0,41.0,39.0,44.0,44.0,40.0,36.0,45.0,37.0,41.0,42.0,43.0,40.0,41.0,41.0,39.0,39.0,44.0,42.0,40.0,43.0,37.0,39.0,44.0,43.0,39.0,40.0,41.0,37.0,44.0,40.0,38.0,43.0,46.0,39.0,45.0,43.0,40.0,43.0,41.0,38.0,44.0,40.0,41.0,42.0,37.0,42.0,42.0,42.0,41.0,42.0,37.0,43.0,41.0,41.0,40.0,40.0,41.0,39.0,44.0,41.0,42.0,42.0,42.0,42.0,52.0,37.0,58.0,52.0,37.0,42.0,42.0,47.0,47.0,41.0,41.0,41.0,39.0,46.0,26.0,39.0,42.0,43.0,51.0,41.0,43.0,43.0,54.0,41.0,45.0,39.0,38.0,39.0,41.0,40.0,42.0,42.0,42.0,42.0,44.0,37.0,40.0,43.0,40.0,45.0,39.0,47.0,44.0,42.0,41.0,42.0,47.0,53.0,35.0,41.0,43.0,36.0,40.0,39.0,40.0,41.0,38.0,38.0,45.0,42.0,42.0,47.0,38.0,42.0,43.0,41.0,44.0,41.0,42.0,42.0,40.0,42.0,40.0,39.0,40.0,38.0,40.0,39.0,40.0,39.0,42.0,42.0,40.0,41.0,37.0,43.0,46.0,41.0,41.0,42.0,36.0,42.0,44.0,40.0,42.0,40.0,43.0,41.0,44.0,52.0,40.0,40.0,50.0,44.0,43.0,48.0,43.0,44.0,38.0,41.0,36.0,37.0,38.0,42.0,39.0,39.0,42.0,40.0,42.0,41.0,43.0,40.0,44.0,40.0,41.0,40.0,44.0,37.0,42.0,41.0,48.0,39.0,48.0,41.0,42.0,41.0,45.0,42.0,42.0,38.0,43.0,46.0,38.0,50.0,41.0,42.0,38.0,46.0,35.0,49.0,42.0,43.0,39.0,39.0,39.0,40.0,39.0,43.0,36.0,40.0,42.0,37.0,45.0,37.0,36.0,46.0,46.0,44.0,39.0,35.0,40.0,49.0,45.0,41.0,42.0,42.0,38.0,42.0,41.0,43.0,39.0,39.0,39.0,39.0,39.0,39.0,42.0,43.0,38.0,48.0,41.0,39.0,38.0,46.0,41.0,41.0,44.0,43.0,42.0,40.0,42.0,40.0,44.0,42.0,40.0,40.0,43.0,36.0,42.0,37.0,40.0,41.0,39.0,40.0,38.0,38.0,41.0,41.0,39.0,37.0,43.0,38.0,40.0,41.0,42.0,38.0,39.0,42.0,40.0,42.0,41.0,40.0,40.0,41.0,43.0,45.0,39.0,39.0,40.0,38.0,47.0,43.0,42.0,44.0,44.0,37.0,39.0,38.0,44.0,37.0,39.0,40.0,42.0,47.0,43.0,40.0,40.0,40.0,44.0,56.0,42.0,44.0,41.0,38.0,43.0,42.0,50.0,47.0,38.0,44.0,42.0,41.0,37.0,40.0,43.0,41.0,39.0,41.0,41.0,38.0,41.0,40.0,39.0,38.0,42.0,39.0,39.0,49.0,39.0,41.0,40.0,41.0,38.0,43.0,39.0,40.0,38.0,40.0,43.0,42.0,40.0,43.0,40.0,42.0,39.0,41.0,40.0,40.0,42.0,41.0,52.0,42.0,42.0,41.0,40.0,43.0,42.0,43.0,42.0,42.0,42.0,42.0,41.0,39.0,40.0,42.0,44.0,39.0,43.0,40.0,41.0,47.0,46.0,45.0,39.0,39.0,39.0,42.0,42.0,41.0,43.0,42.0,39.0,42.0,40.0,43.0,40.0,44.0,41.0,43.0,38.0,47.0,38.0,39.0,42.0,40.0,39.0,42.0,40.0,40.0,40.0,38.0,44.0,42.0,44.0,42.0,42.0,40.0,43.0,39.0,43.0,40.0,45.0,41.0,40.0,42.0,42.0,39.0,40.0,40.0,48.0,44.0,37.0,41.0,38.0,41.0,40.0,40.0,48.0,40.0,40.0,41.0,38.0,41.0,44.0,43.0,36.0,40.0,36.0,42.0,40.0,41.0,39.0,44.0,41.0,39.0,43.0,38.0,39.0,37.0,36.0,35.0,45.0,39.0,40.0,39.0,39.0,38.0,41.0,42.0,39.0,40.0,39.0,39.0,47.0,39.0,38.0,38.0,41.0,40.0,41.0,41.0,41.0,40.0,50.0,43.0,44.0,42.0,41.0,36.0,40.0,40.0,39.0,36.0,40.0,40.0,41.0,42.0,44.0,45.0,42.0,43.0,42.0,41.0,40.0,37.0,41.0,40.0,44.0,43.0,40.0,42.0,41.0,37.0,37.0,41.0,39.0,41.0,44.0,38.0,43.0,43.0,46.0,41.0,40.0,40.0,45.0,45.0,39.0,38.0,38.0,40.0,42.0,41.0,40.0,42.0,42.0,42.0,42.0,46.0,39.0,43.0,43.0,40.0,43.0,41.0,38.0,38.0,42.0,41.0,39.0,40.0,39.0,43.0,44.0,44.0,39.0,37.0,43.0,37.0,43.0,38.0,38.0,41.0,40.0,39.0,36.0,41.0,40.0,37.0,41.0,40.0,43.0,42.0,38.0,38.0,45.0,40.0,42.0,43.0,36.0,39.0,35.0,42.0,39.0,41.0,39.0,37.0,37.0,41.0,36.0,42.0,43.0,39.0,40.0,44.0,41.0,44.0,40.0,40.0,43.0,43.0,41.0,43.0,41.0,37.0,38.0,39.0,40.0,44.0,43.0,42.0,44.0,40.0,37.0,42.0,43.0,39.0,41.0,43.0,39.0,41.0,41.0,39.0,44.0,39.0,44.0,38.0,43.0,41.0,40.0,42.0,42.0,38.0,42.0,41.0,44.0,42.0,38.0,40.0,36.0,37.0,39.0,43.0,39.0,40.0,40.0,41.0,46.0,42.0,40.0,39.0,40.0,41.0,40.0,43.0,42.0,39.0,43.0,40.0,38.0,42.0,39.0,43.0,41.0,39.0,41.0,41.0,41.0,41.0,41.0,40.0,39.0,40.0,41.0,39.0,44.0,45.0,41.0,44.0,41.0,42.0,39.0,38.0,46.0,44.0,43.0,44.0,40.0,42.0,42.0,43.0,41.0,39.0,43.0,51.0,40.0,40.0,44.0,41.0,43.0,49.0,40.0,41.0,41.0,40.0,38.0,38.0,39.0,44.0,42.0,40.0,39.0,42.0,42.0,41.0,38.0,39.0,39.0,38.0,43.0,41.0,41.0,39.0,42.0,43.0,41.0,37.0,45.0,44.0,49.0,43.0,40.0,39.0,39.0,44.0,38.0,41.0,39.0,43.0,37.0,43.0,42.0,43.0,44.0,44.0,40.0,42.0,41.0,40.0,39.0,40.0,42.0,39.0,45.0,40.0,44.0,38.0,43.0,40.0,42.0,42.0,38.0,41.0,44.0,37.0,42.0,40.0,39.0,43.0,41.0,42.0,40.0,47.0,54.0,37.0,38.0,41.0,41.0,40.0,41.0,39.0,43.0,45.0,43.0,39.0,41.0,47.0,41.0,42.0,42.0,42.0,43.0,40.0,39.0,43.0,39.0,43.0,40.0,43.0,39.0,41.0,40.0,39.0,44.0,40.0,39.0,42.0,39.0,41.0,39.0,42.0,40.0,42.0,43.0,41.0,43.0,38.0,39.0,41.0,44.0,56.0,39.0,37.0,39.0,39.0,43.0,42.0,40.0,41.0,39.0,42.0,45.0,43.0,37.0,43.0,41.0,38.0,41.0,40.0,39.0,42.0,42.0,36.0,42.0,40.0,41.0,40.0,36.0,36.0,38.0,44.0,41.0,38.0,43.0,41.0,43.0,38.0,42.0,41.0,39.0,52.0,40.0,43.0,38.0,42.0,41.0,41.0,50.0,40.0,44.0,41.0,42.0,42.0,44.0,42.0,42.0,40.0,40.0,36.0,42.0,39.0,38.0,40.0,37.0,36.0,49.0,41.0,44.0,42.0,43.0,42.0,51.0,43.0,44.0,39.0,43.0,42.0,46.0,41.0,43.0,40.0,42.0,40.0,43.0,28.0,39.0,39.0,43.0,42.0,43.0,37.0,40.0,41.0,38.0,48.0,41.0,41.0,47.0,42.0,37.0,43.0,42.0,42.0,41.0,39.0,37.0,37.0,44.0,39.0,40.0,40.0,40.0,39.0,41.0,40.0,43.0,40.0,41.0,45.0,39.0,39.0,41.0,39.0,38.0,41.0,37.0,51.0,43.0,40.0,39.0,42.0,38.0,38.0,39.0,42.0,44.0,39.0,39.0,41.0,46.0,39.0,40.0,40.0,42.0,44.0,46.0,41.0,36.0,43.0,36.0,41.0,42.0,39.0,44.0,41.0,40.0,40.0,40.0,49.0,46.0,38.0,44.0,46.0,42.0,35.0,39.0,40.0,44.0,42.0,39.0,38.0,43.0,41.0,41.0,40.0,41.0,44.0,43.0,38.0,41.0,40.0,37.0,42.0,39.0,39.0,47.0,44.0,42.0,42.0,39.0,40.0,43.0,42.0,43.0,41.0,38.0,38.0,42.0,38.0,43.0,50.0,38.0,41.0,42.0,36.0,43.0,40.0,36.0,40.0,48.0,43.0,40.0,40.0,43.0,41.0,44.0,41.0,41.0,40.0,41.0,40.0,40.0,41.0,40.0,40.0,36.0,43.0,39.0,39.0,42.0,38.0,39.0,39.0,45.0,39.0,46.0,44.0,38.0,45.0,47.0,41.0,42.0,39.0,51.0,38.0,47.0,41.0,43.0,41.0,43.0,45.0,44.0,40.0,42.0,39.0,42.0,44.0,36.0,35.0,39.0,40.0,43.0,40.0,39.0,40.0,39.0,45.0,42.0,40.0,43.0,43.0,46.0,40.0,37.0,39.0,41.0,43.0,41.0,38.0,39.0,41.0,43.0,56.0,38.0,48.0,43.0,45.0,44.0,44.0,42.0,41.0,47.0,45.0,40.0,41.0,41.0,44.0,43.0,45.0,45.0,37.0,40.0,41.0,39.0,48.0,42.0,40.0,37.0,42.0,38.0,33.0,38.0,38.0,37.0,43.0,45.0,43.0,37.0,46.0,39.0,42.0,40.0,36.0,43.0,43.0,38.0,35.0,38.0,37.0,41.0,40.0,41.0,45.0,43.0,44.0,40.0,41.0,39.0,41.0,40.0,40.0,42.0,55.0,47.0,40.0,40.0,40.0,40.0,43.0,43.0,44.0,43.0,38.0,39.0,39.0,36.0,36.0,44.0,38.0,37.0,42.0,43.0,41.0,42.0,49.0,39.0,38.0,46.0,40.0,46.0,38.0,42.0,50.0,44.0,41.0,42.0,40.0,40.0,47.0,38.0,45.0,42.0,46.0,43.0,40.0,37.0,43.0,39.0,42.0,38.0,37.0,45.0,35.0,40.0,42.0,37.0,40.0,41.0,40.0,43.0,41.0,40.0,43.0,41.0,39.0,42.0,42.0,41.0,38.0,40.0,39.0,41.0,43.0,42.0,43.0,40.0,44.0,38.0,42.0,42.0,39.0,39.0,43.0,41.0,40.0,42.0,42.0,43.0,42.0,41.0,38.0,43.0,39.0,42.0,41.0,44.0,38.0,44.0,40.0,38.0,43.0,41.0,39.0,42.0,41.0,41.0,39.0,43.0,42.0,44.0,42.0,37.0,39.0,40.0,45.0,40.0,42.0,41.0,41.0,40.0,45.0,41.0,39.0,41.0,46.0,43.0,42.0,40.0,41.0,40.0,47.0,43.0,40.0,39.0,38.0,41.0,43.0,43.0,38.0,41.0,41.0,40.0,49.0,47.0,42.0,42.0,44.0,45.0,41.0,37.0,44.0,44.0,43.0,42.0,42.0,40.0,42.0,40.0,37.0,42.0,42.0,39.0,45.0,39.0,41.0,44.0,41.0,38.0,44.0,42.0,39.0,39.0,41.0,40.0,40.0,46.0,43.0,40.0,40.0,39.0,42.0,41.0,37.0,41.0,37.0,42.0,42.0,40.0,43.0,57.0,39.0,56.0,39.0,40.0,44.0,38.0,44.0,42.0,42.0,41.0,42.0,40.0,43.0,39.0,45.0,40.0,39.0,41.0,39.0,38.0,40.0,43.0,44.0,39.0,41.0,39.0,41.0,50.0,43.0,39.0,49.0,40.0,38.0,38.0,41.0,27.0,38.0,44.0,43.0,41.0,41.0,38.0,41.0,38.0,41.0,37.0,46.0,42.0,42.0,39.0,41.0,38.0,41.0,38.0,43.0,45.0,41.0,37.0,40.0,40.0,35.0,41.0,41.0,38.0,39.0,44.0,41.0,43.0,39.0,40.0,42.0,41.0,44.0,48.0,42.0,42.0,40.0,42.0,42.0,42.0,42.0,36.0,41.0,41.0,39.0,43.0,41.0,44.0,37.0,37.0,41.0,41.0,40.0,39.0,40.0,41.0,39.0,40.0,44.0,41.0,38.0,41.0,39.0,41.0,39.0,37.0,41.0,36.0,46.0,41.0,42.0,44.0,41.0,41.0,39.0,42.0,39.0,42.0,37.0,39.0,51.0,46.0,41.0,41.0,40.0,37.0,44.0,42.0,46.0,41.0,41.0,41.0,41.0,44.0,38.0,52.0,40.0,41.0,35.0,46.0,41.0,41.0,50.0,40.0,41.0,37.0,42.0,39.0,37.0,39.0,39.0,40.0,44.0,43.0,37.0,41.0,40.0,42.0,39.0,43.0,42.0,42.0,39.0,42.0,44.0,42.0,46.0,41.0,39.0,38.0,40.0,44.0,40.0,39.0,40.0,37.0,36.0,39.0,39.0,39.0,48.0,42.0,40.0,40.0,34.0,41.0,41.0,42.0,43.0,38.0,40.0,40.0,43.0,42.0,43.0,38.0,40.0,42.0,44.0,42.0,42.0,40.0,41.0,43.0,41.0,40.0,41.0,39.0,40.0,41.0,39.0,37.0,51.0,42.0,42.0,43.0,44.0,43.0,41.0,40.0,39.0,41.0,40.0,39.0,38.0,37.0,40.0,42.0,40.0,37.0,42.0,38.0,40.0,38.0,42.0,42.0,38.0,41.0,42.0,49.0,40.0,41.0,42.0,40.0,40.0,41.0,37.0,40.0,43.0,42.0,46.0,40.0,39.0,39.0,41.0,41.0,40.0,41.0,41.0,40.0,42.0,42.0,42.0,42.0,38.0,46.0,37.0,42.0,40.0,39.0,44.0,36.0,40.0,38.0,38.0,42.0,40.0,42.0,47.0,56.0,40.0,37.0,38.0,42.0,47.0,39.0,38.0,41.0,36.0,40.0,41.0,41.0,39.0,39.0,42.0,41.0,40.0,40.0,41.0,46.0,48.0,41.0,41.0,35.0,45.0,38.0,43.0,36.0,47.0,38.0,42.0,40.0,39.0,41.0,37.0,41.0,43.0,43.0,39.0,37.0,41.0,47.0,42.0,40.0,41.0,41.0,45.0,40.0,45.0,40.0,38.0,57.0,37.0,42.0,46.0,41.0,40.0,45.0,44.0,41.0,39.0,39.0,49.0,40.0,41.0,41.0,40.0,38.0,42.0,46.0,39.0,45.0,37.0,41.0,43.0,52.0,40.0,42.0,37.0,42.0,40.0,43.0,41.0,38.0,40.0,45.0,41.0,43.0,36.0,39.0,43.0,42.0,37.0,42.0,39.0,43.0,44.0,40.0,42.0,45.0,41.0,41.0,43.0,41.0,39.0,40.0,42.0,38.0,42.0,41.0,41.0,43.0,40.0,38.0,41.0,42.0,43.0,43.0,41.0,49.0,36.0,45.0,41.0,40.0,42.0,36.0,41.0,42.0,40.0,39.0,42.0,43.0,42.0,40.0,42.0,42.0,48.0,43.0,41.0,42.0,44.0,37.0,38.0,41.0,40.0,42.0,44.0,39.0,38.0,45.0,42.0,41.0,42.0,39.0,40.0,39.0,45.0,38.0,43.0,40.0,48.0,50.0,47.0,42.0,39.0,40.0,38.0,42.0,40.0,40.0,41.0,38.0,40.0,55.0,41.0,39.0,44.0,43.0,40.0,38.0,37.0,42.0,43.0,41.0,40.0,41.0,39.0,42.0,40.0,40.0,38.0,39.0,37.0,41.0,43.0,41.0,41.0,43.0,43.0,38.0,43.0,44.0,40.0,42.0,42.0,39.0,35.0,41.0,41.0,38.0,42.0,41.0,40.0,39.0,41.0,37.0,41.0,43.0,39.0,41.0,52.0,41.0,42.0,45.0,40.0,46.0,41.0,38.0,41.0,40.0,41.0,39.0,45.0,40.0,45.0,55.0,43.0,41.0,41.0,41.0,39.0,42.0,42.0,42.0,42.0,37.0,40.0,40.0,38.0,41.0,42.0,40.0,38.0,37.0,39.0,40.0,41.0,39.0,39.0,41.0,43.0,42.0,39.0,39.0,40.0,40.0,42.0,44.0,45.0,41.0,41.0,41.0,39.0,46.0,40.0,36.0,41.0,44.0,41.0,41.0,48.0,49.0,52.0,43.0,43.0,43.0,41.0,40.0,47.0,38.0,35.0,40.0,39.0,41.0,41.0,41.0,45.0,42.0,41.0,38.0,41.0,43.0,54.0,42.0,43.0,40.0,45.0,40.0,38.0,42.0,42.0,42.0,41.0,40.0,41.0,40.0,40.0,38.0,40.0,42.0,39.0,43.0,41.0,38.0,43.0,41.0,43.0,41.0,40.0,37.0,40.0,43.0,42.0,40.0,45.0,42.0,43.0,41.0,39.0,38.0,41.0,40.0,43.0,43.0,41.0,37.0,42.0,43.0,39.0,45.0,41.0,38.0,45.0,37.0,39.0,38.0,43.0,38.0,43.0,40.0,40.0,42.0,46.0,42.0,43.0,40.0,40.0,42.0,39.0,39.0,39.0,39.0,38.0,39.0,41.0,42.0,42.0,42.0,42.0,38.0,37.0,40.0,41.0,46.0,42.0,38.0,40.0,42.0,40.0,42.0,41.0,38.0,48.0,40.0,40.0,41.0,38.0,43.0,38.0,39.0,38.0,41.0,41.0,44.0,42.0,45.0,42.0,44.0,39.0,40.0,42.0,40.0,39.0,39.0,35.0,38.0,42.0,43.0,41.0,41.0,42.0,43.0,40.0,39.0,43.0,40.0,41.0,41.0,40.0,47.0,41.0,39.0,37.0,40.0,36.0,48.0,41.0,41.0,40.0,40.0,37.0,41.0,41.0,42.0,38.0,41.0,41.0,41.0,42.0,43.0,46.0,42.0,40.0,37.0,41.0,41.0,39.0,42.0,39.0,41.0,43.0,40.0,40.0,42.0,39.0,43.0,41.0,37.0,41.0,37.0,42.0,42.0,43.0,40.0,40.0,39.0,41.0,41.0,46.0,42.0,44.0,41.0,45.0,38.0,48.0,40.0,38.0,42.0,39.0,40.0,41.0,43.0,43.0,43.0,41.0,37.0,41.0,40.0,40.0,43.0,38.0,43.0,42.0,40.0,44.0,41.0,48.0,41.0,44.0,52.0,45.0,38.0,37.0,42.0,41.0,39.0,38.0,42.0,48.0,40.0,41.0,43.0,42.0,40.0,46.0,43.0,37.0,42.0,41.0,43.0,36.0,45.0,42.0,39.0,40.0,41.0,42.0,41.0,44.0,42.0,39.0,49.0,47.0,38.0,50.0,46.0,46.0,40.0,39.0,44.0,41.0,40.0,41.0,41.0,42.0,40.0,47.0,41.0,42.0,41.0,42.0,47.0,43.0,42.0,40.0,39.0,40.0,40.0,46.0,39.0,43.0,43.0,42.0,43.0,43.0,40.0,48.0,38.0,40.0,39.0,39.0,42.0,40.0,52.0,40.0,42.0,42.0,41.0,40.0,41.0,37.0,40.0,40.0,42.0,40.0,42.0,42.0,41.0,40.0,40.0,41.0,42.0,40.0,48.0,42.0,42.0,40.0,38.0,39.0,44.0,39.0,42.0,42.0,39.0,39.0,37.0,43.0,41.0,41.0,42.0,43.0,41.0,41.0,43.0,41.0,47.0,41.0,43.0,41.0,42.0,41.0,41.0,38.0,49.0,40.0,44.0,41.0,46.0,42.0,41.0,42.0,37.0,40.0,42.0,43.0,42.0,37.0,42.0,39.0,40.0,41.0,44.0,41.0,43.0,38.0,39.0,43.0,42.0,41.0,42.0,39.0,41.0,35.0,41.0,40.0,42.0,41.0,38.0,43.0,41.0,37.0,44.0,46.0,39.0,41.0,38.0,41.0,36.0,45.0,40.0,40.0,42.0,43.0,42.0,47.0,41.0,41.0,65.0,49.0,37.0,34.0,43.0,55.0,41.0,36.0,41.0,41.0,39.0,41.0,45.0,42.0,41.0,41.0,38.0,38.0,38.0,40.0,44.0,37.0,41.0,42.0,41.0,38.0,44.0,41.0,40.0,39.0,38.0,39.0,40.0,39.0,41.0,41.0,43.0,40.0,34.0,40.0,43.0,41.0,46.0,41.0,43.0,40.0,41.0,41.0,42.0,42.0,42.0,42.0,41.0,39.0,37.0,39.0,36.0,40.0,40.0,42.0,42.0,46.0,41.0,38.0,40.0,35.0,44.0,47.0,41.0,38.0,40.0,42.0,44.0,39.0,42.0,39.0,44.0,41.0,40.0,41.0,41.0,47.0,43.0,40.0,41.0,39.0,52.0,40.0,42.0,41.0,37.0,41.0,41.0,40.0,47.0,43.0,42.0,45.0,41.0,37.0,40.0,44.0,40.0,40.0,37.0,40.0,44.0,43.0,40.0,50.0,39.0,39.0,42.0,44.0,43.0,39.0,43.0,38.0,44.0,40.0,39.0,47.0,38.0,40.0,40.0,41.0,37.0,44.0,38.0,45.0,43.0,45.0,41.0,43.0,41.0,47.0,39.0,38.0,40.0,42.0,41.0,37.0,37.0,41.0,41.0,40.0,41.0,41.0,40.0,41.0,43.0,40.0,40.0,38.0,36.0,41.0,41.0,40.0,41.0,40.0,43.0,39.0,39.0,43.0,40.0,40.0,45.0,42.0,42.0,44.0,47.0,38.0,43.0,42.0,41.0,41.0,39.0,42.0,43.0,39.0,39.0,42.0,43.0,44.0,43.0,43.0,42.0,39.0,49.0,40.0,43.0,40.0,36.0,40.0,41.0,43.0,46.0,40.0,46.0,44.0,40.0,42.0,43.0,40.0,38.0,41.0,42.0,40.0,43.0,41.0,41.0,43.0,43.0,42.0,39.0,42.0,41.0,46.0,44.0,39.0,42.0,41.0,51.0,50.0,42.0,51.0,41.0,40.0,42.0,48.0,40.0,42.0,41.0,38.0,39.0,43.0,41.0,45.0,41.0,41.0,39.0,40.0,40.0,40.0,39.0,41.0,43.0,42.0,40.0,40.0,47.0,43.0,40.0,37.0,41.0,40.0,38.0,37.0,42.0,42.0,46.0,41.0,40.0,48.0,39.0,39.0,42.0,43.0,38.0,42.0,50.0,41.0,36.0,44.0,46.0,51.0,42.0,42.0,43.0,42.0,44.0,50.0,34.0,43.0,40.0,39.0,43.0,45.0,40.0,45.0,38.0,42.0,43.0,42.0,46.0,46.0,43.0,43.0,41.0,37.0,48.0,40.0,38.0,40.0,38.0,42.0,42.0,36.0,40.0,39.0,42.0,42.0,41.0,41.0,46.0,41.0,42.0,40.0,37.0,38.0,43.0,50.0,36.0,41.0,40.0,39.0,39.0,38.0,41.0,50.0,38.0,40.0,44.0,42.0,41.0,42.0,41.0,41.0,43.0,39.0,43.0,41.0,38.0,43.0,42.0,41.0,40.0,40.0,38.0,37.0,42.0,39.0,44.0,40.0,40.0,35.0,44.0,39.0,42.0,42.0,38.0,38.0,40.0,41.0,40.0,39.0,41.0,41.0,40.0,40.0,39.0,43.0,37.0,38.0,42.0,40.0,43.0,39.0,42.0,40.0,41.0,40.0,42.0,44.0,44.0,40.0,39.0,41.0,42.0,39.0,44.0,42.0,39.0,44.0,42.0,39.0,49.0,41.0,42.0,43.0,38.0,39.0,38.0,37.0,42.0,52.0,41.0,42.0,41.0,40.0,48.0,41.0,38.0,46.0,43.0,42.0,42.0,45.0,48.0,40.0,39.0,39.0,41.0,39.0,45.0,40.0,42.0,41.0,38.0,39.0,38.0,42.0,41.0,43.0,38.0,36.0,41.0,41.0,41.0,42.0,40.0,42.0,35.0,41.0,39.0,38.0,39.0,38.0,44.0,39.0,43.0,50.0,47.0,38.0,40.0,39.0,40.0,41.0,42.0,40.0,43.0,44.0,40.0,41.0,37.0,40.0,38.0,43.0,38.0,40.0,42.0,46.0,41.0,43.0,35.0,43.0,45.0,42.0,39.0,41.0,43.0,42.0,36.0,42.0,48.0,35.0,42.0,42.0,41.0,42.0,40.0,41.0,41.0,38.0,41.0,40.0,41.0,42.0,46.0,41.0,42.0,41.0,47.0,45.0,41.0,44.0,42.0,38.0,41.0,44.0,42.0,39.0,39.0,42.0,41.0,39.0,43.0,40.0,45.0,41.0,40.0,42.0,43.0,40.0,43.0,44.0,39.0,41.0,41.0,42.0,43.0,40.0,38.0,39.0,36.0,41.0,36.0,39.0,40.0,42.0,42.0,39.0,42.0,40.0,42.0,42.0,36.0,42.0,39.0,44.0,41.0,39.0,35.0,41.0,40.0,38.0,37.0,41.0,39.0,41.0,40.0,42.0,39.0,40.0,41.0,42.0,39.0,38.0,43.0,38.0,39.0,39.0,42.0,43.0,43.0,39.0,39.0,36.0,39.0,45.0,42.0,38.0,40.0,41.0,44.0,39.0,45.0,43.0,41.0,42.0,40.0,38.0,42.0,41.0,41.0,39.0,40.0,36.0,44.0,40.0,42.0,42.0,43.0,41.0,37.0,45.0,41.0,56.0,40.0,41.0,43.0,51.0,42.0,44.0,46.0,41.0,39.0,42.0,41.0,40.0,40.0,44.0,44.0,39.0,41.0,44.0,42.0,38.0,43.0,38.0,39.0,36.0,36.0,52.0,41.0,39.0,40.0,44.0,41.0,43.0,42.0,42.0,41.0,37.0,40.0,45.0,42.0,36.0,38.0,42.0,40.0,38.0,40.0,40.0,36.0,43.0,37.0,37.0,36.0,44.0,33.0,42.0,40.0,40.0,40.0,41.0,44.0,41.0,40.0,39.0,43.0,40.0,40.0,45.0,42.0,41.0,38.0,38.0,41.0,39.0,40.0,40.0,41.0,38.0,40.0,44.0,41.0,40.0,42.0,43.0,40.0,45.0,39.0,40.0,39.0,43.0,41.0,40.0,40.0,42.0,43.0,38.0,38.0,43.0,41.0,43.0,38.0,40.0,43.0,41.0,40.0,40.0,45.0,44.0,41.0,41.0,36.0,39.0,37.0,37.0,41.0,42.0,41.0,43.0,39.0,44.0,41.0,48.0,39.0,37.0,37.0,40.0,39.0,39.0,41.0,47.0,39.0,40.0,49.0,38.0,42.0,38.0,41.0,40.0,45.0,41.0,46.0,43.0,41.0,40.0,42.0,37.0,40.0,39.0,41.0,38.0,43.0,41.0,40.0,39.0,44.0,48.0,48.0,43.0,39.0,39.0,40.0,43.0,41.0,39.0,39.0,40.0,39.0,47.0,44.0,38.0,40.0,38.0,39.0,35.0,41.0,43.0,42.0,37.0,41.0,38.0,45.0,43.0,42.0,36.0,53.0,39.0,42.0,42.0,42.0
expected_returns,45.13888888888895,45.28504482037571,45.13888888888895,45.13888888888895,44.074760400674926,46.72216656448308,43.24320124158762,47.325507087414366,42.687369218260585,44.05372286067293,48.39910227958359,46.74329483460657,46.230595849656716,46.230595849656716,43.58174722856493,44.82061509297612,46.87160876336012,43.9194108967771,43.18229258270553,46.458670978563134,46.41487731130197,48.491125801389536,45.42555561088036,42.883437468709545,41.15969794466527,45.821303764063465,43.34511245459997,46.01835709239151,43.34511245459997,47.208878438704616,46.03306993360874,44.34231915275736,44.173452367584034,44.173452367584034,48.55662773929473,44.039947600598566,46.08477053628874,44.039947600598566,43.12453247412812,50.59217558872852,44.039947600598566,50.017577985110535,48.096812960474885,47.7826899337775,41.555958428862596,41.043121713403785,48.90607453659179,46.967949630161016,51.97928144818258,45.53592289656245,45.40263773259743,46.740198233230075,44.73185276899212,45.33627620859767,48.683965737965494,44.83616612257447,45.095683108482504,45.2882020308062,43.67241543585846,47.132619535026286,45.22035886181462,44.474813004176504,44.77477888497088,43.885867084999994,45.6278293141235,45.052962477744806,43.70086756298386,42.22119324746077,45.458679604353506,44.646750267811136,45.67791200381001,45.26252227019077,43.877088850665544,45.428780521594234,43.206097760789326,43.877088850665544,38.53653416894852,48.78247083225381,50.53729463834826,52.07087993292231,38.043931172956206,49.83738419060483,49.311645254023546,50.11255839606645,49.60321597789505,48.46249632287829,47.62507209318058,50.09133027343089,50.25749576029946,34.020678307321774,35.37792486981918,48.8304460096837,52.12476223196111,49.14378097354859,50.35228169116341,51.38241912500978,49.07500038403436,47.743585712187944,49.85498077520214,49.42044262676852,48.38981531826663,49.513784580887894,46.780564959569006,50.70672820045861,48.65837621414908,49.629371978396776,44.968426680029346,44.16346458283122,45.51221195954093,41.6746989118993,42.594314848053884,48.321808091209135,42.757108479323385,50.232324428034346,42.789911736336954,43.04857489702913,43.04857489702913,52.23405624381943,41.692924654967,42.08481683761866,52.793925909162375,43.441180812248646,49.22967985622092,49.42761204129029,49.5071471073653,50.04418108277426,48.53766860360544,50.15339581019911,48.330178867451856,50.02784139542006,46.9241261772183,47.503767256578946,46.604112167539824,50.21173204208195,47.70973928243197,50.342941904986475,46.86256928808886,47.89160409933932,48.01485462756391,48.90283865392043,46.689304767288036,47.61008567628722,45.35215361112241,48.77839996265608,45.35215361112241,45.68615788182381,45.68615788182381,45.559183040539985,45.216945650071416,50.052041070061826,49.039102200035046,48.357177307179754,49.3613780160264,43.24066244948311,47.55950661193442,47.23299480948327,50.21096521623279,49.80246284893831,45.94576965875806,49.58230614252021,47.054393629974314,45.47953797022026,49.36726228188025,49.70174331944858,46.1083061127169,51.07527007186423,48.20204841906818,45.66755662152894,49.178437337832115,50.25889574518077,49.767493394222114,48.27013236277149,44.89957629881493,46.900681042291964,46.64174709632407,44.019387014553516,48.93491446105849,50.35828007570864,50.39683216449189,50.69869563519765,50.69869563519765,51.08869616703126,49.10032059087963,50.75217177441171,48.98582464591208,48.766912430849445,47.841697025979656,48.34939273473795,49.653191013980184,47.21804126092916,48.07399332619107,49.9112775919577,48.33742208679749,47.59704318330367,47.53037440798793,52.407689372579306,52.68307861908908,52.40457155468269,54.74606802820567,47.39413348859872,48.21287575205165,50.036624285124866,49.86840617883278,50.010778665698766,47.12145349837779,44.39233827246135,41.83773947599687,49.33722384476803,40.956087652325,45.54440526877362,39.20118354878138,37.630249778886004,38.36710051308644,40.745891239169204,39.05944892962461,38.36710051308644,36.22762537247833,37.896158412315046,39.03452971043694,38.96320068767027,37.76329999235901,35.13080225628703,38.093103309317556,36.21294291072165,38.279933551266716,39.01953122632735,40.58872496092422,36.39605936162153,37.88133190597037,38.75439695633655,38.69475446717364,40.45320039217612,36.029663296195885,34.87967591795803,38.94479232443212,34.992349244628926,38.94479232443212,37.569003582270355,34.555940367368805,36.62452466020266,37.847428046587254,37.06365712765058,39.7869014695583,37.174339359484684,39.564921877520895,37.000511292965086,37.000511292965086,37.19995269943284,39.21354989188356,36.93613617424744,37.470819044814945,36.91114770050544,36.0464228566386,36.58139069367006,34.88046435397499,40.36232240520935,34.98328893492236,37.17753929535579,38.22711387743985,38.66531721583836,38.408416923064564,36.16927605087527,38.96715618804702,37.803486333253865,35.35958790645443,38.538079920948924,33.31232686641529,40.2954583952051,41.066350676694945,35.937499559045236,38.944923824246096,32.88855823916697,34.58757290101427,34.39240111396825,38.65305815390598,41.32080776950755,39.35006198871288,32.31834719634252,34.14161909230287,33.820820327273424,35.659716894940445,34.98413352274167,38.8461513453413,31.411241364457325,35.285202702352116,36.430514683807836,33.75877718508143,38.23310398671781,30.874683833722084,33.18937852985363,33.68687390843082,38.284685828439706,34.40043665829937,32.24378312173535,32.87266145316486,28.665745801301778,34.25197745684324,28.665745801301778,36.20723304833993,35.7389275857491,35.91895879515716,28.975471797890364,35.7389275857491,35.01913748789614,28.02385425471355,29.710665794079752,26.795754302278514,28.975471797890364,29.81128209382507,29.020007635054217,28.313611800902308,26.78551557232611,28.795502412124684,26.2767295257981,23.683422187713386,23.683422187713386,23.683422187713386,25.671153284771677,22.71920086102282,23.718850012097068,24.565747405716795,25.763247956293483,27.0798635877076,22.59399054778358,23.16232148219707,22.35171895895903,24.04284243980571,24.139506159915772,23.789799572438483,22.416066374278522,21.944828127978596,23.824283193557065,19.12314142860488,18.45692870611652,16.491937815435254,15.817310425565319,17.54497719021393,16.017706847624222,14.776307227329161,16.36186994983947,16.747895166815297,26.63767598607153,25.737069225477768,25.48774191426522,14.408698257118148,16.06273832208852,15.614311284718962,15.780891846835663,16.441977467603735,12.662884859317401,12.959540396445027,16.039328681245074,11.186062200345965,7.856726367827985,8.395472980586229,13.203492878256018,16.312999764864966,13.139937911441399,9.95452019969601,9.055858506010036,9.484509241237575,7.46208146766091,7.737858071178004,7.101800543568343,8.61610308674003,8.111162793191053,6.632117729846781,8.779346933280904,8.622397832165332,6.777728359132609,6.55343057767313,11.122376481653896,3.479330615043482,9.124365138016284,12.670276417842924,11.315933861770672,8.431507333621564,0.0,1.9594041504454522,2.1216961713173426,0.0,2.1957014509161623,4.222857369562268,0.0,0.1048816434027436,0.06525038994081395,0.0,0.06006028624023441,0.8653590811852996,1.4500143823586158,1.4500143823586158,0.0,0.49687054588581203,0.7365297321828628,0.06525038994081395,1.145899656771331,0.1270405632154762,2.722098492389818,3.682231304927584,0.004335738449039948,0.0,0.0,0.014416192940793866,0.0,0.417048100567457,0.5479544148007547,0.7188308566351964,0.0,0.46503660383464546,3.4283902211472537,0.018717642230310503,0.7587665783232701,1.1888443254872434,0.8609614162838245,1.4219795711049654,0.0,2.302323239523176,6.50777892904223,0.0,2.5991158339225526,0.0,0.044323524210279824,1.3804993119296796,3.656578335139013,3.006151041985338,3.077049871437172,0.0,2.370833514126315,0.5202067081239508,0.0,0.0,0.0,0.0,2.3685592156137085,2.8069565323110384,2.434093589384209,0.5612145488474463,0.01768226519558422,0.7107432727694729,0.014934705810766733,2.339389978278471,1.3886057559002136,6.018383672646827,2.4351199623929722,1.3886057559002136,4.078812333515584,0.0,3.7868372002519175,0.10219435512812293,3.218848992916344,5.7762531813099685,0.0,1.2124796138636944,0.0,1.329125412694745,0.5854047376014176,0.5854047376014176,0.0,0.7833363943769875,1.8398277190924783,2.2111684656383765,0.0,0.0,0.0,1.4477192156457608,0.0,4.771063640271104,1.0675521194166144,1.9205327451539609,0.0,1.9205327451539609,1.5572979765402972,2.0064761559011206,0.0,2.0064761559011206,0.04556017180192228,2.316482226024977,0.5975571173031705,1.8216510706582747,2.1172894285383217,2.112056650356003,1.97406912550197,0.39278697391055445,1.7327253663119009,1.2835403256689086,1.0551982433286453,0.27953840380035117,0.0,0.3299662690044633,1.3811182511589126,0.0,0.6108212481348225,0.8424273350173843,0.0,2.0793747045708377,3.0530338443119858,1.749697306906269,1.7607865050886555,1.3782664544005747,2.0473718425223835,1.1533441898182273,1.0483949899596896,0.0,1.0115177023169357,0.0,0.0,0.0,0.0,0.0,0.0,0.0,2.376631399277067,0.6732768304515389,0.13977091544262424,1.792780661431418,0.5737821497635944,1.5805267156435576,0.0,1.7761200322093236,1.0908658853107733,1.8291374312328037,0.6384223099334305,1.5233249163490132,0.009445689835932115,1.2907515136004348,1.2671960365421235,0.0,0.0,0.0,1.488413944634998,0.12658106587336157,3.0853945010640897,0.4965844977347035,0.9088711966785288,0.0,1.8504085938821924,0.3134801652402987,0.2455101014138072,0.0,1.8705843781403706,1.5917930489104537,2.4827140186495518,0.0,0.4473609771675885,0.6424126709752309,0.0,1.275464222965829,0.4221160975942328,1.3716257670944316,0.5868044990805513,2.8465829461012833,2.8465829461012833,0.7179198735522487,3.279709317922126,0.0,2.4335519671137664,2.4335519671137664,0.0,2.4335519671137664,3.730310415187086,2.4335519671137664,0.0,0.0,0.0,1.4902845080363756,2.652785091713203,0.1718510766318923,0.0,1.059550229324714,1.8249672288667316,0.0,4.54210255955638,2.40233419675846,3.120513995565792,0.0,1.3304375191506017,0.9416042369500898,1.2731575971782794,0.0,0.9654009022336016,3.498248282054819,0.5873280154989288,1.5561703735301564,2.0403930737411278,1.1949601779421035,0.0,0.0,2.148484869537977,1.1949601779421035,0.5325314719721657,0.43610750389323316,0.0,0.7098863461252326,0.0,0.7602191483359126,0.0,0.0,0.0,0.0,0.5737324598300519,0.8419251356933738,2.1487801902931816,0.0,0.0,0.0,0.0,0.4386106490148526,0.0,1.8414995791544284,1.1087793204818657,0.2680187895563435,0.09703744213080166,0.0,0.0,0.6002458095331414,0.0,0.261740386728375,0.04466184443078447,0.0,0.45308061603719973,0.0,0.04466184443078447,0.0,0.20769352948745678,0.0,0.8240169954207777,0.5281813080747603,0.970637664643175,0.0,0.0,2.1687846541157425,0.0,2.578643962324376,0.0,2.032707712407369,0.06541078630219352,3.502604506401794,2.621446160449022,0.8141288980359435,3.4538203238038334,0.8471063054968384,1.1346321502913752,1.4041648009221435,1.5706652941780554,0.0,2.322685690869603,2.322685690869603,1.8891252411312276,0.0,1.0640918691897816,0.09957116540036527,0.28815697028712584,2.423985133107414,1.364404801688725,0.0,0.4632837207712244,0.1148917067622828,0.5924820549097342,0.6378724141052754,1.376325067275202,1.409522253650437,0.0,1.7452468999990434,2.1991919154030177,2.5863204843150904,1.0320372606833965,1.9916523829265635,0.8733193155132429,1.9901304801026933,3.216454978132968,1.0463591822206908,0.0,0.0,1.8139534448913441,0.42491759748585406,3.1140661474283258,0.0,0.0,0.5159265460248458,3.9132880844576015,0.0,0.4981938637178414,2.4051214085594874,0.1232161144953864,0.738478812250092,0.0,1.637175761119179,0.0,0.0,0.0,0.0,0.0,0.0,1.2137329007390372,2.719896029963099,2.338766592830371,0.06369002378340946,0.0,1.1578191907538729,2.118656005818784,1.7223848710796763,0.42763544113761415,0.0,2.120639813308924,0.0,0.0,0.4026097192288288,0.0,0.0,1.841572777066985,0.0,1.841572777066985,0.0,1.6716824262855539,1.1483135143068293,0.5523753754702684,0.0,1.5300682598768423,0.0,1.4781630836960826,0.8269128606020287,1.8033426354707627,0.0,0.0,0.8448277979591451,1.824304465397373,2.326012620706533,0.0,0.331183822918134,0.8135620084060546,2.2996477650207305,2.467703101497694,3.858333886521149,0.3372507196394668,2.087822952026591,1.8280420719562682,1.5842128281359278,0.8018615874091595,0.0,2.1884497819252795,1.8280420719562682,0.0,0.0,0.0,2.5489297977867222,1.6108542799676835,1.6108542799676835,3.2722112536931602,0.0,0.0,1.9558035738158714,0.00972884699423762,0.7811328271611792,0.5519211339629257,0.0,0.0,0.0,0.8947547677660863,0.0,0.0,0.5824740352246137,0.1874133424454907,1.0169501638971234,1.1363991023471627,0.69829392843939,1.052871197548533,0.7780415581719534,0.0,0.8962855704647874,3.82990628722462,0.29474290268947206,0.0,0.0,0.0,0.0,0.0,1.2677211223018936,0.5992489626830664,0.2675664265436788,1.5236423800461163,0.45624162606037305,0.0441493124896325,0.31152440402024106,0.0,0.0,2.3418408778123183,0.0,1.7121141113559855,0.0,2.61940367864872,0.0,0.0,0.0,1.766001448294541,1.1582331633952072,1.4985812755219226,0.0,1.2203064424097785,1.6163257198151326,0.0,0.9070175751130509,2.138451436594238,1.6668359875742043,0.0,0.1912317216215645,0.6250709936509469,2.0440503813617505,0.0,0.0,3.010447651810786,0.31496677032470904,0.0,0.0,1.1960159713532892,1.6868916913928231,0.0,0.0,2.346028948530103,1.1662170440414468,0.7875762952404486,1.9687848211473324,0.0,0.7916377506684976,0.7916377506684976,0.0,1.0014010065902466,1.0600513579891613,0.0,1.2247746438563212,0.9496847188111067,1.0068637309238582,0.0,1.5288025148288624,0.0,2.6074680196651574,0.4370146419084449,1.2889147893106814,0.0,0.0,0.298294263356501,1.7001623359338804,2.182726266433395,0.0,0.03359882058161085,0.0,0.038797327779215955,1.2365660940233703,1.1788898077832126,0.513539240333184,1.6639509154282823,1.112047818916403,0.48461551625340205,0.9468232932357065,2.685962678493625,0.2896450820373215,1.4975801114589922,0.0,0.0,0.6336483526459363,0.7966544897330006,0.0,2.2609515378400906,3.19400067432719,2.5852330169131736,1.1475052618024442,2.0404415826123476,0.034607128782038095,0.10098699881284319,1.0615485221700256,1.4125905232047766,0.0,1.6475982001750993,0.0,2.167619415444248,2.7255042049888867,0.042937165476664624,2.167619415444248,0.34974335349660535,1.2239356893642217,0.7025830847653698,0.0,2.1029450381907333,0.01356236705784724,2.7166212616778034,0.47767009991034587,2.5307297997274025,0.5473260280965743,1.7201014387250164,1.5763949289232069,0.0,0.0,0.0,0.0,0.0,2.140586680850604,0.6575664714049181,0.0,0.3180585480794494,0.0,0.0,0.0,0.4847142536961415,0.24446806644122016,1.7856608747193425,2.945908604528727,1.1151301840720835,1.188968208150517,5.307859550778314,1.6150075126630106,0.0,3.1295933624519257,0.6624197165271984,0.0,0.0,5.307859550778314,0.0,0.0,1.0337764728598882,0.3618781418473713,0.0,0.531231306872449,0.0,0.0,0.0,1.092507958434094,1.0488969582369767,0.0,0.5247958869321286,0.0,1.8652937828466623,0.1413344995808806,0.0,0.0,0.0,0.0,1.155892467389734,2.0911424811402584,0.0,1.1128021487743573,0.0,1.571191262615519,1.2941013000910873,1.1728308659345514,1.3048260467566373,1.3048260467566373,1.053111814900666,0.9466856537755463,0.2357573008528306,0.16787403933477096,0.3265972189090866,2.4096860966941787,0.8639794997981832,1.6222378139242744,0.0,0.9742914413054742,2.3757931664508694,1.3546603656279617,1.0951071422147631,0.9040983639226184,1.9880149666619749,0.0,0.7486547297038937,0.0,1.2766262474027297,0.13928473792273033,2.3428314705104505,1.9256089988884495,1.5840930753266513,2.7676014191826916,0.7733678637396256,0.0,0.0,0.07904272534086682,0.18413001758568387,0.0,0.0,0.03924987476161397,0.8369484622136651,0.6585111909902449,0.891156623594675,0.4610141187758434,3.9838570514181577,0.0,0.0,1.4336966369076876,0.0,1.3193269034491033,0.19704757387167762,0.0,0.11024896929724552,0.22832964141005177,0.5093203013998655,2.3896081691595388,2.2701970214637344,0.7582766909788737,0.0,0.9023132359048026,0.9479916490061145,1.5536337869222288,1.1590917391578386,0.9393105104184003,0.6851871074307045,3.423428020994198,1.5413277647286785,2.7015215406936046,2.7015215406936046,0.014834276786854091,1.5852286485373512,2.0705441525861508,1.1816569091570628,0.0,0.0,0.0,0.0,0.0,0.0,0.20095550222703526,0.0,2.460104080551405,2.798404654393517,0.0,0.5726070931104738,0.0,1.3403734573023443,2.0710850402736343,0.0,0.0,0.10486775532637942,1.591921096437225,0.0,1.591921096437225,1.591921096437225,1.1562018629482413,0.0,0.0,0.5068968922160384,0.3071662015960071,0.0,0.0,0.0,0.0,0.2061836047437787,0.0,1.1648749503580693,0.0,0.4476627251224243,0.0,0.0,1.2143854530965317,1.4095672797868768,2.2381924154918225,0.0,1.881965690693975,0.0,0.0,2.9057862858586274,2.5978409506635023,0.0,2.8251464383954916,0.0,0.0,3.997148316335724,0.0,0.0,0.04579202734028956,1.7121973870806955,1.951256006205596,0.5625530512132121,1.8493783812433047,3.3859554988693006,0.0,0.0,1.973604191406585,0.3034941901241194,4.991861690281965,0.0,3.009787147049557,0.0,0.0,0.0,0.46302350678606885,0.0,0.0,0.24350595071309664,0.0,1.586716172763884,2.6739476239336932,0.37420961117072665,1.4007645803120017,0.0,1.1810168492769504,0.0,1.089196389011062,0.8368373098384553,2.585246608079147,1.1810168492769504,0.07675246664619793,3.840313410892364,2.6730794190456644,0.0,0.0,1.5262852452542455,0.0,0.5969789378147006,0.0,0.13335314946833954,1.0817783619479269,0.900656910859603,2.8192192742815263,0.9882202012034704,0.1150337856118856,0.0,0.7990968453838981,0.45688207082657,0.43116573037429967,4.616801598763531,1.5976453032487499,0.0,1.907243694889369,0.7570318142429471,1.0699137748463672,0.0,0.0,1.2237066978546547,2.1077882202690637,5.494401650654939,3.0197165130400743,3.0197165130400743,0.0,0.0,0.0,0.09310815525385524,0.0,0.4524594715134117,0.0,0.0,0.0,0.0,0.0,0.0,0.0,0.0,1.9527162202901363,0.0857181905809069,1.95899203554531,1.476871588636256,0.0,0.7245281884230571,1.2136781032146198,0.0,1.3814415486329596,1.3814415486329596,0.0,0.0,0.0,0.0,0.10477851517521485,0.0,0.0,0.0,0.0,1.3777581523238491,2.280232602500392,1.0111375564649872,0.0,1.5346774422016183,1.0785519674116233,0.68730258000899,0.8831844595847522,1.8919356545313304,2.7912879589899844,0.02199286998337857,0.0,3.199367712955751,0.0,0.5388343618937204,0.0,4.486576804491076,0.8551641468984312,3.581220467050124,0.0,0.0,0.19297927982330804,1.6972327144419384,1.0682763648123048,0.00037016089047640466,1.0682763648123048,0.9628934215894208,2.5935995401434395,0.03928836416532597,0.0,0.0,0.0,0.0,0.0,0.0,0.0,0.2901749750071182,1.988172465764887,1.7956354906918068,0.0,0.9568075888956106,1.7651895484671425,1.7651895484671425,1.5470336391514066,1.8926268777183282,0.0,0.014801864704887433,0.014801864704887433,0.39379307421367227,1.9478992757327742,0.9783525132825093,0.0,1.9745431545634538,0.0,0.7252254567521994,1.6677144285816485,1.6677144285816485,0.0,0.030421145897490495,0.0,0.0,0.10164923556439524,0.0,0.7735290665450772,0.25911462127032475,0.0,0.6247238543705749,1.996051057780169,0.9503577468634938,0.008301983306549524,0.0,0.0,0.3250531616418318,0.004283656999615968,2.6335121059962354,1.3218832256186077,0.010927017593609534,2.9194120055534483,0.10242575892328624,1.1046508065393044,1.8360187716374239,1.0121223893431484,1.0121223893431484,1.7774971353221647,3.4037533739499453,1.3390633675851478,0.0,2.7258483099870126,2.3439457022310854,3.451057703940479,1.640661311207195,2.1227643741953006,5.267073933311941,1.4341928443997045,5.406349087605411,1.3167443716829244,3.336165944469392,0.0,0.0,0.11446479996949506,0.0,0.0,0.6063237084312957,1.1210468873689756,0.7628566724085981,0.0,0.8714545830291901,0.198185781256681,0.11492021847463499,0.25199462546635965,0.0,0.0,0.0,3.3201214406215653,0.8037587731135334,1.3583745630414286,1.6323297932728011,1.1035748192759052,2.9616103560890936,1.6185841027417656,1.6185841027417656,0.11909634808805453,0.728332137261089,1.8071244137480484,0.6930400097550593,1.1376528422689893,0.550698606487515,2.3602676788235595,1.762025495942737,0.5426171379161041,0.7692427125617162,0.4197644888872047,0.7692427125617162,0.7692427125617162,1.310358954741548,0.7249855154756683,1.2986346021880661,1.9844429835032023,0.9713454626994462,1.8599987585610545,2.8945147012856194,0.990366920267864,4.5579644956243435,4.4254758735653175,4.4254758735653175,2.65793569572974,2.65793569572974,0.2076842190290724,1.0156299622052034,2.2247244293644597,3.3415415615538873,2.8257134230728975,2.3385221737493307,0.0,0.0,1.8851623391882928,0.8689306383830073,3.0838657052890257,1.8953596682846408,2.073333292173986,1.3391512039090938,0.0,0.0,0.0,1.3391568252572827,1.3391568252572827,2.8905848206147313,0.0,1.4921590318187907,3.575360479038986,1.1077207520380639,0.0,0.05418915772883856,0.0717513521139526,0.0717513521139526,2.605865524500924,0.9161888100278004,0.8617169419147341,2.206806929778947,0.7537744384567213,0.6971356533005604,1.9473408047931136,0.8217698136175183,0.8217698136175183,0.9633750260493135,1.650217306527437,0.9816521961624359,0.9816521961624359,3.4100034605162923,0.0,5.579069390840688,2.751373338647807,0.0,3.4685730359300813,1.2915093031329337,1.7782786861656426,0.0,0.0,0.0,0.2714988472904181,3.1673889579758874,0.5962788991060682,0.3201765147994688,0.9077524334975708,1.0552011940912216,1.335155681615911,1.335155681615911,0.822962779669686,0.0,1.2123386387304262,0.5300574687055284,0.7180151341062033,0.18402891274587108,1.0286340474545983,0.1308896739349942,2.1220196045565705,0.0,3.5085856411646077,2.014929291633564,0.9120029637976127,1.9469689031855189,0.4618456086044977,1.742145911313479,1.5561150106643418,1.5561150106643418,2.6406558304630616,0.0019690310954732326,2.1459841282480427,0.7506804091500624,0.0,0.3590273193577465,0.0,1.5322461622557881,0.0,0.19174350096861273,1.930262300628736,0.7453802854332875,1.890798350417533,0.7105939107642654,0.34770068292864237,0.0,1.225281312174658,0.6746573421191987,0.13677979522592737,1.9059711077006058,0.2127027780388518,0.6475307741611013,3.300360681199927,0.2759023853097228,0.6475307741611013,0.0,0.0,1.227024589283571,0.0,0.0,1.1893977025980993,0.21619709961585806,2.3136598802303725,0.0,0.0,0.0,4.616414272795252,0.5149487578576322,0.0,0.0,1.7986377195722678,1.7986377195722678,1.1549368637261181,3.2222610911892193,0.12016885928209775,0.5782452051018432,0.5782452051018432,0.0,0.0,0.0,0.6132352285775334,1.4631172462484479,1.1228925054948065,2.849952715681404,1.4631172462484479,1.3073051985023942,4.759024419754437,3.244438946021248,3.3416506989403465,0.9227506259982029,2.83628891499073,0.6781417091058037,4.720152961166047,3.239489531560938,7.29931249904576,0.4179205808983152,0.105038572187486,0.0,0.0,0.0,1.416605407256832,0.9984470558149108,0.0,0.23352893345625356,0.02114597434157909,3.1579288159911165,0.0,0.055562331768707174,3.8307589269017805,0.0,0.2720092567053214,0.0,0.0,3.598766293962334,1.015509936498014,0.0,0.6581242045168947,0.6550336038964832,0.07203579278899229,0.0,1.246660658297289,0.0,1.0342822875273656,0.0,3.018184506685439,1.524327668401183,0.8974833300091128,2.8818734107561292,0.5903851052656994,1.3926549780208104,2.2043255247416758,2.5364297469073547,2.1849888818457504,0.0,0.12554051427220098,3.314023273164778,0.7157114450960514,0.9300358232581821,2.107903900086931,0.0,0.0,0.9300358232581821,0.7882302138536975,0.35775369561266673,0.4247743597182662,1.7369607779425216,0.5387961714549294,0.2070330701584611,2.817022818685202,1.9062073978267102,3.932968633996376,1.9062073978267102,1.0672201071252974,0.0,1.5862509262864852,2.14474226190556,1.4732169859839008,1.8403787454718983,2.258426588295916,2.271178134622207,0.0,2.126616992865858,0.9305875479224305,1.8244141208861082,0.27075830187116945,0.0,0.0,0.23083846443746117,0.0,0.0,0.0,0.0,1.7509533973181814,0.0,0.0,0.0,2.6162401366817836,0.0,0.0,1.1293477923996114,1.6283382202059582,0.0,2.4442667410768864,4.000807247356663,2.202259019337516,0.0,0.0,5.212991295685176,0.12228406865615747,0.4924079638137977,0.0,0.4164842574171184,0.0,0.9415517501654779,0.0,0.0,0.0,0.0,0.34794406368031494,0.0,0.0,3.420910981578337,2.412301924596467,0.17994949169851265,0.0,0.0,0.0,0.0,0.0,0.0,0.5747108749336364,0.0,0.0,0.0,0.0,0.0,3.034890810338881,0.8282213016066883,0.974647524922196,0.7700977086902684,2.1285383719760747,0.48738435930738505,2.707500331955225,0.02897737923876487,0.9345998373775488,0.0,0.10286829926037477,0.0,0.033547357477965736,0.0,0.0,0.40117076751146347,1.2833020540327873,0.0,0.0,1.173903559058959,0.40117076751146347,0.0,1.5006094844421343,2.0703865296208965,0.13802907548027965,2.950353212835452,0.0,0.0,0.5277078858452621,0.0,1.4314307251106437,0.4375162019266989,0.0,1.2093512409152316,0.5160131849794688,2.286224917495807,0.03814962959284593,0.20744376811575035,0.03814962959284593,0.4010035097241593,1.2649127709495922,0.0,1.8275894750757196,0.8525164727603934,1.6696758184850258,2.5689777636566604,0.9168083845262772,0.0,1.2057187061239614,0.0,1.7526921948994767,0.036165751657248064,0.14109674764376598,0.7984507580109744,1.003830124972514,0.1673931588000606,0.0,0.0,0.7719336229106561,0.0,0.0,0.24370789266820322,0.04055332400314408,4.036851046968874,0.12695874887729858,0.0,1.4723447026757508,0.7263821798628217,1.8355984353906905,0.5969536110505828,1.6527815077432886,0.7325716488822844,1.8173944060653027,0.0,0.0,0.2066322353219719,0.05503764413984416,0.0,1.7021846568832968,0.0,0.0,0.0,2.162073286600342,0.0,0.7321973113128654,0.4407030933650284,1.623639394962092,0.0,0.0,0.45660037932616354,0.0,0.0,0.0,0.1625806387344197,0.0,0.0,0.0,2.1152585371946344,0.0,0.990505772977668,0.0,0.0,0.38482079365850225,0.0,0.7180867410661274,0.0,0.0,1.285057275958869,1.2083743261963051,0.8126581156872987,2.174506576929928,0.0,0.12505818265237995,0.0,0.2860883887841569,0.0,0.0,1.3994396800226423,0.0,0.0,0.0,0.0,2.237133923621087,0.0,0.0,0.07422442121321647,0.45098617583079625,0.0,0.0,2.5951097134085623,0.0,0.24625223718042075,1.6279052615097362,1.0964812640712887,0.0,1.0895516953893556,0.0,1.2354360612727668,0.33886995151944294,0.2064712960189545,1.2976993368693286,1.2354360612727668,1.3656147929115496,0.34746305116548054,0.0,0.9140069153440475,1.4280369980366938,1.7482672575565283,1.4280369980366938,0.0,0.25085875027739035,0.13888402831869442,0.0,0.0,0.11435631035123238,1.3930360377645346,0.7527597781851263,0.7527597781851263,0.0,0.49459357316202784,1.2458608461748357,0.4605804952323528,1.2426087013050535,0.030392087210547692,1.8657961765786102,0.5111355121380146,0.0,1.7739168428913796,1.7739168428913796,0.0,1.0786132404444788,0.031831294067414626,0.0,0.7498771645528953,0.031831294067414626,0.6579571966677153,1.3869331813861945,0.7870847809272586,2.8926913883976173,2.2942146008877042,0.6088431759656683,1.2979462452434214,3.238640159553796,3.712682494322191,0.0,0.6568350643898814,1.4649904162267227,0.0,3.6438618377446605,3.6438618377446605,0.0,0.023870977452320388,0.18208519640260434,1.0200281339640436,1.0200281339640436,0.4287715882699088,1.6274379574546345,0.6543133273759743,0.9970601647165176,0.30371064059704606,0.0,0.0,0.6686181487934173,0.5951422854412772,0.6686181487934173,1.1643740692640006,1.1483539020212081,0.0,0.0,0.0,1.477118971044043,0.0,0.26265255877513666,2.3540676141413623,0.41002540448508235,0.19400286436500364,1.8477691652259098,0.08622451281592763,0.08622451281592763,2.0708634907324894,2.076119083107524,1.1775544799616462,0.18087231152936806,0.0,0.37047367827583416,0.0,0.0,0.0,0.810787593594172,1.0285664049453986,0.0,0.0,0.49256583466901926,0.18898670113707053,0.0,0.8432408866818715,1.4694627845453445,4.800557791553666,4.800557791553666,0.0,0.0,0.9862789428628993,0.7010762043006454,0.9480004967817586,0.0,1.1237553500318602,0.0,1.4356845916537921,1.4420344689451734,0.9547747566309167,3.2721153157923544,0.9378250653681499,0.33027882230299527,0.9290839481609217,0.8744264451318273,0.0,0.0,0.8756780354596773,1.4425362093924983,0.3414012955645429,0.0,2.9496479939243,0.0,0.9219848639112166,2.3141787488120005,1.0111005653249379,0.7233022944852047,0.39784365321633686,0.6506236584851096,0.703666606722115,0.37441320788354887,0.0,0.8024503851207211,0.0,1.1490514061868238,0.0,1.1490514061868238,0.0,0.9298944285156397,0.0,0.2993498544177169,0.2993498544177169,0.0,0.0,0.0,0.2784228282152422,0.0,0.10889312383884937,0.914694423700393,0.10889312383884937,0.0,1.1527097467133995,0.043687561437479705,1.0345703099382757,0.0,2.250998367527153,3.4389800590636055,2.711997412758916,1.4483659002982432,0.8558581985729348,0.7412042330919479,0.9591452326793941,0.3131316116961391,1.5675798947788473,0.5169153274949223,0.3334626523891424,1.1850964971459619,1.728394176128733,0.0,0.8222026871825969,0.1763481001863445,0.7406470992671658,0.0,3.0809803717416475,0.0,1.9333841540773133,1.276962102257555,0.0,1.377425783008046,1.276962102257555,0.48983669259122803,1.1204764881385685,2.756128159029764,0.050959605640859405,0.0,0.0,0.0,2.1456169259301747,0.0,0.0,0.0,0.0,0.0,0.0,1.1720152503802945,0.7155145338461432,0.7155145338461432,1.966505680936434,0.0,2.0818833762558766,0.0,0.1345561604397405,0.43383470600394747,0.0,0.4016853059581895,0.3091275587202848,0.8104043269419929,0.0,0.0,1.6237110145939209,1.9850229881959052,0.4594745498048024,0.4594745498048024,0.008401909816027016,0.0,1.1215356985400322,0.0,0.0,1.1174009272569885,0.0,0.7987835752568282,0.742013403205404,1.5746339560430644,0.0669144036547506,1.2731536166589856,1.0452808879384574,1.8889010650607063,4.409696216447737,4.933460269557681,7.087090857962275,0.8233797670713062,0.8233797670713062,5.1891888181513,2.7673796068099112,0.0,0.1051159731574758,0.0,0.0,0.47648240695590194,1.4563561725145568,0.0,0.0,0.2661538869722935,0.8242447621879443,0.0,0.0,2.25128700616034,2.3319425267090708,1.8097595074350104,1.8097595074350104,2.3319425267090708,0.3340894286645438,1.1566218266276802,0.0,0.49392935746646766,1.1566218266276802,0.11534168243838248,0.11157374810312715,0.0,0.15822961298302596,0.6533217216389231,1.660941443975897,2.4297129559541926,1.12494319158969,0.839560160881899,2.316479043859605,1.673184928571173,3.1666807647442976,0.2150391304460246,1.0716518592016988,0.0,2.9954338561558247,2.14332721213243,0.0,0.0,2.14332721213243,0.0,2.709782145777006,0.5169776351123809,1.4658045722188247,2.3342344810576674,2.6681209812675197,2.6681209812675197,2.017981243930579,0.43864553859380273,1.4646886460203854,1.8372792963664752,0.1707686867671935,0.0,0.4750196974790645,0.6421542084146803,2.470554623172099,0.0,1.0734120086788412,0.0,0.0,1.8775349531692114,0.0,0.12923962847725895,1.0998421878658589,1.4851375761494177,0.0,0.7367898850699267,0.8893810912469139,0.0,0.7626332374535741,0.3473965598337127,0.5013524511803672,0.0,0.0,0.0,5.15756102467801,0.0,0.9609231779430975,0.2375502222367987,0.0,0.0,0.2375502222367987,0.41438458644679976,0.8715256190736812,0.0,0.0,2.790144556014405,0.1287330285818104,0.6460596008507627,0.0,0.0,0.6457243811268182,0.0,1.011823550380996,2.076804987103813,2.7638203370304497,0.037171359157798615,2.7638203370304497,0.0,0.6665011551041589,0.0,1.844011911515739,0.3496239606974096,0.0,3.444490012618898,0.0,0.0,0.0,0.2107014774892572,0.0,0.051619850067402,1.4166171032115678,0.0,0.0,1.0624939776790774,1.0624939776790774,0.7533818675707952,0.23838469537092977,0.0,1.977969554374395,1.429413300042488,1.914870556704867,1.914870556704867,0.2072672054490587,1.0985838926733922,1.3409789306473747,1.9069387166778302,1.2960504107717787,2.6635561302854738,4.356127260052608,0.0,0.07213591705931917,3.872024283683566,0.46564968033791565,0.0165142727554254,0.0,0.1641760674786599,4.398038295345842,0.9734311236817564,0.5555917019727288,0.7782149325081997,0.0,1.1066037384933733,0.42429182633185486,0.42429182633185486,1.5955275983788912,0.0,1.0570589720271502,0.3123876832847804,0.0060546671422387725,0.0,2.8440412401025323,0.0,0.18301525096556426,1.9097895614670153,3.090437442307568,0.792561215544292,1.902889692356861,0.0,3.1647798946895014,3.1647798946895014,1.9293080351460796,2.239352066221216,2.9483897704010866,1.0919653866241061,1.490795411211889,0.0,1.377178372867875,0.0,0.0,3.782657945906772,0.13352900213077967,0.7902374988788774,1.881297663177545,4.291595561006595,0.0,3.231025498352267,3.5734339118279115,3.2032548597878296,0.0,0.0,0.0,0.08041470453621663,1.6358811479301094,0.8841388905170768,0.20054924141641592,0.0,1.027143028512464,0.0,1.1210146051547896,0.0,1.090452626302352,0.0,1.2065660020116475,0.0,0.0,1.7519665244442597,0.0,1.4366783599483601,0.570746614358093,0.0,0.49161195198546076,1.1467391625378032,0.0,0.0,0.0,0.545794947621802,0.6384547630212491,1.0132501106075331,0.13408517818653803,0.0,0.0,1.2009381196026363,0.4933184330304237,1.801437554163441,2.5169484335068764,0.15874581733024704,3.0946021443192357,0.0,2.2954940290941863,0.0,3.522643955469262,3.4971088254793488,1.0495646311823943,0.4907231921103656,1.3614256541470273,0.4907231921103656,3.394297948790381,1.0483671238327497,1.2104989887898372,1.2681302347291779,2.0350137879556387,0.010565712355291468,1.6002888609658121,0.9582378378818553,4.1028768501023505,0.017019580353294053,1.3292237608701218,2.2575118734837836,1.5300679992271695,2.0611810831518014,3.0760811676021955,1.8504594189260908,1.8504594189260908,0.8730543876321052,1.291610228891737,1.274242199380729,2.0026570206906222,5.73373213901333,1.8152086504074538,0.0,0.7314820914196014,1.9340142337984991,2.3680114916406048,0.0,1.952375084400568,1.5466862328389839,0.0,5.195128620684265,0.2560309439671482,2.50815175143853,0.9239542339247525,0.5921927337271577,0.8772821057165117,0.5411073924506546,0.9008697874492597,0.0,0.14249922124255732,0.0,0.0,0.2932291719602044,0.2932291719602044,1.0520534576930713,3.382272452310355,0.0,1.9388270385654072,1.8918091247204294,1.1623429973005763,0.0,0.0,0.43100694486681884,0.10592389965922,0.44340551100600245,0.5351471417109854,0.0,0.0,0.6014191475794544,0.7705060491585796,0.7705060491585796,0.0,1.2869463252435003,1.2869463252435003,0.0,3.174546218328537,1.1753216905983814,1.1360328344663937,1.2390551520411885,1.1753216905983814,1.2199548000699798,2.4685437475439764,0.0,1.5851096881870281,0.0,0.2641416768009345,1.4690822219564175,3.210450160638363,2.590943485714183,1.8955962368349042,3.529943255486974,0.4784843699557198,4.209091311923848,2.5486806361690233,0.0,0.0,0.0,0.0,0.6802753727541853,0.7843599774214912,0.0,0.13708271254223425,0.18431769634813064,1.9956849918653148,0.012773357948999036,0.5974321775615116,0.44230138067641783,0.44230138067641783,0.0,2.7832778458552485,1.9627077101692685,1.6757786068978704,1.9991017441511396,0.6410173064393855,2.9760391728462827,1.5400347988290635,2.2115283638506456,1.1336950312005352,1.6874773874652291,2.7803644368686298,1.758606666268754,0.0,1.7068109384940129,1.1290131389019515,1.1081667958239199,2.9195191046377973,0.15589431259425446,0.0,0.0,0.0,0.0,0.0,1.8656707606874625,0.0,0.7166942943718158,1.0322100952216307,3.285417859577922,1.378202273774554,0.0,2.5808468305551404,5.41594695825006,3.2974896842791077,0.0,0.0,1.0643985491366008,0.6276725297494877,0.0,2.745493614452132,0.0,2.330178442092066,0.31911829369080574,3.5426916300136124,1.3606136226411303,0.15932881932537338,1.672615178746354,0.0,0.6974426448893776,0.39835243402071524,1.0683706985721324,1.0763769656533468,0.39835243402071524,2.1787752824138975,0.0,0.0,0.0,0.0,1.4047818977688946,1.9063491959997,0.8781339627212851,0.08748094080078705,0.0,0.0,1.0359757078759702,1.5836753934551984,1.2010357475342515,0.4498003563487607,0.6475455803250761,1.576659995097297,0.18541437754407986,0.0,0.8662658809452596,2.2727234409179906,0.0,1.4683078484752725,0.0,2.1327451126282106,3.5048710760466526,2.1327451126282106,0.0,4.054290145868979,0.8208233254393823,3.2185727608049186,0.0,1.6697987989181453,2.763550104309063,2.5774506197701434,0.0,0.24625768171122991,1.5664109610850119,1.4407402033206254,0.0,0.0,1.4819516435204731,0.0,0.9659970896005496,0.9925207324986992,0.0,0.76121486659417,0.9344302420532752,0.719100910269529,1.683459612111396,1.952674611090865,1.0543787964591511,1.789541595052506,1.872452435421218,1.5945569633052095,1.5692024232450241,2.158860808506693,0.6451419554257753,0.0,0.2787821196122652,0.23531621842146036,0.0,0.44840041203227543,0.3926129910224835,0.17031788986142787,0.17031788986142787,0.38394101398825964,0.17636745763306877,0.0,0.0,0.0,2.109715056037325,0.023967953453360783,0.0,0.0,0.0,0.3299286337618438,0.3299286337618438,0.0,0.0,0.19495822375648938,0.8024375051473948,0.0,1.458391758712692,0.0,2.0241778846004745,2.1682455957736906,1.2371769856410462,0.0,0.0,0.0,0.0,0.0,0.5569804526011304,0.0,0.0,0.2318260090658577,0.6567956624843815,0.31522338828111546,0.0,0.35282480549567413,0.0,2.158807082065123,0.20204761434010984,1.4378218072286644,1.4025573155509379,0.4191905154184683,1.2349713299699312,2.8074097062749397,0.0,0.0,0.0,1.5072847193496384,3.890036924313674,0.0,3.890036924313674,0.0,5.071874840376685,1.2114150216686093,0.5864386596444382,0.6258826251707176,0.08328565931234719,0.6641036165096915,0.8337916461150857,1.2866975558000207,0.5751839802891917,0.0,0.0,0.4831680950286037,0.0,0.4831680950286037,1.007310041683851,1.3208038698473845,0.0,0.9892904317603461,0.0,1.30229222570821,0.0,0.0,0.0,0.0,0.4045473620161537,0.5525376286398609,0.0,0.0,0.0,0.2664085001050297,1.58636178614414,0.10240011096182029,0.0,0.20948101379159964,0.0,0.0,1.1632615282977465,0.0,1.001553911612424,1.492366935759298,4.4985414179401015,2.9600449226645513,0.4084768599608621,0.0,4.9342182118704025,3.734017267177121,0.0,0.0,1.988681743908665,0.0,0.0,0.6975139282335496,0.5793047051736905,0.7195710761606311,0.17061736055210464,0.4822752281644316,1.1658649059193682,0.0,0.26887431268686024,0.1661575947293787,0.6559418282783529,0.26887431268686024,0.3632975323064301,0.26887431268686024,0.5618141053972466,0.0,0.03485079135330915,0.5618141053972466,0.0,0.07918974562685162,0.0,3.2682975387136826,0.0,0.0,0.0,0.0,0.0,0.0,0.0,0.0,0.0,0.0,0.0,0.9014443707252321,0.0,1.81405891838501,0.1267969466678045,0.6950761655708191,2.02671850246056,0.8380204717395013,3.84358805961327,1.3257645828046172,2.7512937688136727,3.1475220929636665,2.9955968018137504,0.0,0.0,0.002472002830619507,0.0,0.8630383114031477,0.25511009647294924,0.0,0.0,0.6467762676310786,2.4615269299663893,0.0,0.027001367173069255,1.6983254951994842,1.088738877969595,0.0,3.2728540140889173,0.0,0.0,0.6996168447849738,0.1455645291614556,1.565603439267061,1.5576624919410549,1.5576624919410549,0.0,0.0,0.0,0.7782095261222706,0.0,3.1393598826850764,0.10280048568886514,3.2546279126880506,0.826211012116549,1.2061501476890037,0.1966172335183315,0.3610608230851475,0.9660772753713114,0.0,3.019752393325878,0.9080684779925997,1.2726700839485974,2.8808273743092023,0.9195643705291839,1.4361924462688727,1.955353859253264,0.37586987661156784,2.2389079855545777,0.0,0.37586987661156784,0.18472259201236338,1.661926224141399,0.0,2.3122213312608695,1.700533899403601,0.4951875367737091,1.2007690478045643,0.0,1.6925921756728062,0.9349910200709244,0.6647992691209278,0.0,1.155073710762625,1.1039466433418956,0.0,0.23535178016941696,0.0,0.0,1.1076616360155727,0.8330903649593262,0.7244966026808942,0.8482637445554795,1.4439032822690752,1.4176866857652703,0.0,1.3012528221905872,1.473951722152796,1.8776119146367696,1.6102922705432436,2.504725780982571,1.8776119146367696,1.8799734328286422,0.0,0.49508568156962557,0.5291064088350896,3.043184532656699,0.0,1.874210415887109,1.1889165676515556,0.9890618731784021,0.3222744987080155,2.1773066874668614,1.4847714934541938,0.5073925010151833,0.5564454540769292,0.5558391461584163,0.0,0.0,2.4859692115335834,0.06657813836525378,1.0610291581678246,1.0610291581678246,1.0610291581678246,1.211364157236857,1.0052630804144056,1.0052630804144056,0.0,0.0,0.0,0.589968648535346,0.0,0.0,0.7718053488141842,0.8934745924340679,0.08567117180500093,0.06456950222484087,0.0,2.2281167180914534,4.593061028181428,0.0,4.482804660161005,0.5001237446299176,0.33693014130971977,2.1783363268326896,3.1996274033498553,0.4495160628676747,4.118572957847947,3.8517740291818083,0.0,3.390812544451115,0.0,0.0,2.9586923756435954,1.882648366413323,1.6910239328791679,2.9194080104938918,0.0,1.3238199812379827,1.8918714150181781,1.8918714150181781,0.0,0.0,0.0,0.0,0.0,1.840600937483663,1.685848450323727,2.158910946528649,0.0,0.22694895103965448,0.0,1.0888933710289508,0.5379425032099633,0.0,0.0,1.3175515465776755,0.3429499231224151,0.0,0.0,0.0,1.052569510387565,0.0,3.0368929484079032,0.0,0.4718885997479694,0.4718885997479694,0.2610605846374589,0.0,1.1628535292246958,0.8950700285601354,1.0532400726001108,2.4703493805085865,0.0,0.0,0.0,0.0,0.0,0.0,1.0783390688671708,2.208131844654425,2.2808660300998476,1.2273519864536004,1.2273519864536004,1.5942812842855751,0.24818881217486732,0.9748013933730487,0.6474137982065835,0.9732905009118304,0.9194397529118478,0.36732806375441174,0.9194397529118478,1.7165849855300215,0.8933332387868009,0.0,1.6090823777761234,0.948123736341479,0.1423659744045648,0.0,0.44765916532369043,0.0,0.9398975134966242,1.8492773415889299,0.3129398097007677,3.878322120691939,0.4086549546312563,0.3129398097007677,1.4183773497372383,3.878322120691939,3.6595888592846983,2.6213192553389995,0.38168863976610173,5.726165369014206,0.0,0.0,2.2959495079406818,0.0,0.8896669451904329,0.0,4.267471342125262,1.4452406131002182,2.8060528651241428,0.0,0.0,2.6640385489394065,4.023138982222348,0.0,0.7046892711102809,0.0,0.7046892711102809,0.425981827883594,0.6129385498353516,0.8413132696229247,0.0,0.5966174281915132,1.4807321350654594,1.8639633402742717,0.8950563088306627,0.0,1.8639633402742717,1.5444385779328023,1.197978073483153,2.5859329580947934,4.391164281719834,1.6986741201987345,1.586515885062525,0.0,3.498438538975357,2.2303944924432626,0.2644589018016883,0.0,1.6598868723098676,0.47122411935813757,0.0,1.5777444808765344,1.7772009732928333,2.919646320488061,0.0,1.0175314863268266,3.131594593736968,4.223685062835378,2.1316184688112916,1.3082640788475384,0.007199567079735972,0.3093617559130763,0.6678215165720042,0.9749713733898452,0.0,0.0,0.8376983528133762,0.0,1.0474756579938793,0.0,0.5122552670998353,0.12826374386206968,0.29149001006601827,0.11347823485896749,0.6658026036583135,0.0,2.1688431032825166,3.61329196006238,0.9243044224709068,2.4410797606921486,0.1723600809868873,0.5604213325046165,1.1316695361591116,0.0,0.04222639762057325,0.019894890218066192,0.0,0.0,0.0,0.2997294873883594,0.06827853271360204,1.7664459711087501,0.0085309747869707,0.46098565429485355,0.8433225687664514,2.4692276427119175,0.8702769298678734,2.1725766617225295,1.3228204738137657,2.9275575993034106,1.0836055099742314,0.0,1.4286665730244377,0.060838814877150954,1.731436248612711,0.459103048710355,0.055604869638595004,0.060838814877150954,1.5916442760695777,0.0,0.0,1.5999587358957923,0.2668582490806931,0.4167014413827172,1.2800515019339234,0.30229384422121464,0.3911823954542462,0.0,4.645373553084927,0.0,0.7218116936498922,0.7218116936498922,0.0,0.7902812513889875,0.0,0.0,0.7902812513889875,1.5427977988880104,0.7710155006675675,0.0,0.0,0.0,0.0,1.724727549558982,0.7821124195666147,0.9475152135392407,0.5135611624427632,0.0,0.22093081669540923,0.9289599054457249,0.2815774891406355,0.9159007114181998,0.7646544467698887,0.7646544467698887,0.0,0.53455684475699,1.504768040826966,1.0877679088749228,0.28861571602744895,0.0,1.8105625518949813,0.0,0.21559209935696177,0.0,3.336240532143805,0.5034943851480309,0.5034943851480309,0.9610250044555092,1.6372742940136678,0.8419387688139738,1.8106279822642979,3.4091947947569357,0.0369324019856604,3.060595581871348,0.7348218956983987,0.7348218956983987,0.0,0.7348218956983987,0.0,0.38854151847595136,0.5862242621109702,0.13646866261192903,0.05133723113492455,0.8244951375742569,0.13646866261192903,0.0,0.3461497886548155,0.0,1.4744217020792372,1.8365159946814777,0.0,0.8115843556917142,0.0,1.5503140213960491,0.44440364382500225,0.41883275947322723,0.0,0.0,0.9999715192594691,0.0,0.0,0.3394766670556475,0.0,0.0,0.0,0.3668776159761607,0.8924502007433325,2.310788117532443,1.3648686907514926,2.0006359306745995,0.0,0.0,2.5142989711778254,2.5831812130561573,2.5142989711778254,1.8598180412838234,1.2893977040101634,0.0,0.5496422476747348,0.0,1.4462490495546663,2.4102551159148096,2.5435180509576476,0.0,0.9271891896994481,0.0,0.0,0.16152589926687366,0.7142137281847863,0.7053818701693052,1.460378523043322,2.7962253105671975,0.0,3.446021514129678,0.2629634007215878,4.436345323938571,0.7908000793286307,0.43823187979431083,0.4514182618043964,4.376507739840226,3.0281864015758595,2.7970690896992174,3.1004464246152548,0.0,0.2596067594633277,3.0521997440733575,0.0,0.0,0.0,0.0,1.0755126103111823,0.8713466628028474,0.0,1.2819938682416379,1.050192865325326,0.07055857555512901,0.0,0.0,0.6307892387990357,2.0094464742229823,0.014137972692292172,1.526900973742921,1.526900973742921,4.363769960493624,2.0397548321626457,1.280340185518606,0.7665897697476752,0.03669222049486795,1.3494016404364166,1.5757594907281245,1.3494016404364166,2.579974123041196,0.19620781335886037,2.291421649127538,0.3909376503941169,2.291421649127538,1.830013360485897,2.3747281614395943,2.973576634687503,0.0,0.9206578572349274,1.0148157051104105,4.096553731008782,0.19970385853796085,0.0,0.0,0.7149578348489167,0.9319698293490273,0.19795370056544537,0.0,1.9316920738992611,0.0,0.19448498643782905,0.0,0.6978641288241983,0.0,0.0,0.965927846827912,0.8688103800736596,0.3731530449832124,0.0,1.9286629282292633,0.0,1.5869937938528722,1.2398755559453518,0.3090194473918813,1.6446945541596423,0.0,4.205811870909729,0.0,0.0,0.20204406290457919,1.4893877316200468,2.463193294857107,4.161280198609052,2.463193294857107,0.8650072887109546,0.0,1.121515744738406,0.9921264722177836,1.9220324764283399,2.0063419050242546,3.146241179815694,2.3509101398793915,0.0,0.0,5.46444844670888,1.5946929950780793,0.0,0.0,2.205696389161922,0.16052700756432417,0.0,2.205696389161922,0.7203186628025761,0.7203186628025761,0.0,0.43001303509920596,1.6930734448015932,2.2210644801023007,1.8617603843375614,1.8617603843375614,1.6688100275766968,2.6577758266887983,0.7922211483693914,0.8735283928285876,3.6173514557281345,0.34716334761426565,2.9905656150192224,1.1030530475187372,1.0448525502928585,3.1700673187658097,0.21514474178837195,0.21514474178837195,0.5866952112900617,0.35519626254551767,0.0,0.05331859118053488,0.0,7.155281325478932,0.0,0.0,0.0,0.0,0.0,0.544493321524238,1.16335635602202,2.679549429151634,2.3368299010934637,0.0,0.0,0.17009849567523383,0.0,0.8360472928270163,1.5388556532464215,0.0,1.0163388720512012,0.045553875396282355,2.850904712420955,2.850904712420955,0.7584802233297544,1.5003316085959864,1.1652355175920006,0.0,0.14368971649903708,0.17693125614508587,0.0,0.0,0.9037580326700012,0.0,0.5169099209651657,0.142554272693863,0.051579864908535195,0.0,0.7542990253014092,0.7824863020145391,0.0,0.6756175300277706,1.7720345349609339,0.5549566727551078,0.0,0.19607040632340453,0.0,0.3502894835532786,0.0,0.5186788534418467,1.9222670255923984,0.45757690722954714,0.0,0.7483336311372337,0.0,0.24029294540096996,2.342824751875152,0.0,0.0,2.3722932760488704,0.19542321865460252,1.596995905885613,0.0,0.524698899219622,0.6465135126106362,1.807252608776155,2.4589740943199616,0.0,4.086559790388188,0.011546857785906759,1.4782751979348088,0.17314769502305322,0.7843644266399485,0.17314769502305322,0.0,2.4001792672108175,0.7147009677762884,0.7895891115845585,0.8565666324473125,0.0,1.389612772295162,0.2767146298977629,0.0,0.0,3.455165387813043,0.0,2.049923414746724,4.011932100600767,0.10217448156453712,0.9374002280159541,0.0,1.6188604675075655,0.4872661609029925,2.412241106536586,0.20107717451499077,0.5791932581228668,0.0,0.0,0.41477275550460185,0.0,3.5156729858051294,0.0,2.008622369401809,0.0,0.43700561684756545,3.166221306437565,0.0,1.5664895090233881,0.5533586438914304,0.5533586438914304,2.001012074393766,1.8923438509113655,0.5682453185739375,0.49614319341203866,1.438110184175947,2.26019130109478,0.21826685085981257,1.2879687559091033,0.14119157349247466,2.966440513440247,1.4256653157800991,2.380360640819161,0.0,3.372456722566892,2.723181739901012,2.2171050625723305,3.4686613121488934,1.4343903022602542,1.3047315353029219,0.02024088720694225,2.0079449673681564,2.2171050625723305,1.3047315353029219,1.0620631094600883,1.8331367164375312,0.0,2.0689203923594066,0.0,2.5899194901762055,0.0,0.45120531225472965,0.0,0.0,1.3403867122349464,1.121311504941204,0.5900171243901748,0.0,3.2266525031016418,0.0,1.7481785446189402,1.180150753193636,0.878507276679145,2.648233866772861,0.8905244325480799,2.780597501977465,2.337491180698561,2.4363636669495548,1.2386639755678517,0.36013888728801796,2.3673845392798833,0.0,2.4525408760914207,0.3435142700675674,2.3673845392798833,0.0,0.44008236232121384,0.0,0.0,0.0,1.1668899446012886,0.9062400176702193,0.37828633052899363,2.1573306497095635,1.3222323586628888,1.0720845910001253,0.0,0.0,0.0,0.11325469747209348,3.1686998756723566,2.6009453093833885,0.0,0.0,1.391367090246713,0.8406434959661454,0.0,0.5408369657964154,0.25306877502451997,1.0786855735392742,0.699969361250353,0.20859519601441068,1.2205591587036826,0.0,2.1415507575073276,1.1236686580910462,0.4270446469849301,0.16195444315175894,0.16195444315175894,0.0,0.5583544389450993,1.16870298934248,0.0,0.0,0.42981817627678803,0.765691509729787,0.765691509729787,0.765691509729787,1.046585049222044,0.0,1.696159909371243,0.0,0.0,0.0,0.6119082532820658,0.0,0.8921359077091304,0.6674724130054561,0.4229206179621262,0.17403819945585006,1.3138658802169265,1.777469175441766,0.32687194871708364,0.0,2.6347282642827015,0.35525314712818645,0.0,0.5218745674784888,1.0923093329251066,0.6921606603291245,0.0,0.0,0.0,1.2338678535297762,0.0,0.5122783112173246,0.5122783112173246,1.39664511925731,0.977158885082848,0.0,0.0,0.45749213758493545,0.0,0.0,0.0,0.0,0.0,0.514802444552678,0.0,2.3960109030848415,0.0,1.3797674144304912,1.0597700697186951,1.0597700697186951,1.7188797733079888,0.0,0.8439813793129824,1.2218743260959926,1.6586393124439636,3.4339391749413553,0.17901134186211248,1.3504705378938058,3.0686819255233555,0.5558946545732348,0.0,1.3015814307886184,1.6401247584926086,0.3452611184328622,0.6549599342991254,0.20726052288665708,1.9804760888055328,2.3605441046933953,0.8987883403258026,2.5006638331555937,1.9011496904324128,1.3970341388760183,0.0,2.3708493487402,0.49793993257010744,3.5609033519674655,2.007973440222442,2.007973440222442,2.9670154755382225,3.4836626562187853,0.31283485252588356,0.0,0.5709433580635093,0.7320654573006228,2.0035040546331118,1.4203941369980435,3.941504465171285,0.45097761236658074,3.1592736607274485,2.389747111575673,0.0,1.0279321199899991,4.045962104264316,5.5278357323068565,3.2671490866009503,3.9231632267411776,1.7371291531427626,1.2307840998331827,0.4293236722499052,1.3494626594020054,4.638554268201892,3.3871417286298056,0.23608878269276123,3.8076881627871306,0.9721252967778238,0.07922363694847644,0.7683703458313466,1.922228722740064,0.12996912688565937,0.0,0.06723310847584626,1.6046869771496506,1.8569227559037313,2.2325480968250515,0.0,2.8540706509516967,2.931123805363317,1.943648010870631,1.8530699313396768,0.9447475368544483,0.0,2.1106481029848974,1.5472879477195969,2.823304754650432,0.0,0.5057212287840551,0.630958801895918,0.9574101790061125,0.0,1.8108538643162098,1.0809098152144636,0.0,1.0809098152144636,0.6465718765824138,0.4004693406394987,0.0,0.0,0.04101417047093651,0.3965485585033302,0.0,0.7917169181288441,0.16793269935044064,0.0,2.1396229616310425,0.38336659421550745,0.42076003181426086,0.666156524505916,0.08257481383236458,0.16301923725278197,0.0,0.7166711358999298,0.9544047907851172,0.527549075098779,0.0,0.0,0.6573635698220118,1.0956054305238438,1.6961534279080905,0.0,0.054358697830022666,0.0,1.0222744872504246,1.9765535061600332,0.0,0.0,0.5537300746176863,0.5226577504857501,0.0,0.0,0.0,0.0,0.3825330850014802,0.0,1.6980494898361325,0.41901513774496973,0.06250123540192518,0.5322316528254052,0.7003504293495438,0.06250123540192518,0.7003504293495438,1.524644094683294,0.441592278363568,0.1789576449701505,0.45227850178634116,0.9701576132683777,0.0,0.0,1.7144234902064794,2.359990186817433,3.923100967292479,0.0,3.285260530269452,0.0,0.19499779045722462,0.0,0.9473051543046221,2.427287676176629,0.0,0.0,0.1442769326748098,0.5367376914692474,0.0,0.0,0.0,0.7508353746829468,0.2984944522848006,0.4289367126710101,1.7045559112689324,0.0,1.0969235560582118,1.881920705035654,0.7880650140023403,0.7885958043580087,0.0,0.0,0.0,0.9871274986564613,0.3438522179708971,0.3042739534410788,0.8729909292406054,0.9746349816662159,0.7104464924244104,0.0,3.4120097971983943,1.1223501397099074,0.0,0.0,0.21853332657584837,2.136491180016169,0.9612976838037909,1.278463785589285,0.6115474325407635,0.0,0.9352211226279084,1.0961436628389931,0.0,1.0631631022013361,1.0119425050228963,0.4843958879831916,0.0,0.05813730216531269,0.8099470297502488,0.0,0.5309604169612309,0.0,0.0,0.0,1.9698829741398634,1.3251841131007955,0.0,1.847471987624093,0.02509984082786789,1.4195933920459347,2.504930275808042,1.0948408203144453,0.7255558240949805,0.6659583637284396,0.0,1.7829371884153982,1.3441880010116458,0.45299212346276224,0.42839261278410223,0.42839261278410223,0.0,0.0,0.11807683212487999,0.0,0.0,1.488789357686653,2.3507119759201327,0.1926016109383145,3.720057447660243,1.9877714530423227,0.0,2.538403994574221,0.772102445132317,0.934570307807373,0.934570307807373,3.5523931603443004,0.0,2.8631346177445174,5.6693616366503905,0.0,2.355702320716568,2.0042183743155073,0.918351495494696,1.0681373145227546,0.0,0.9308464028232281,0.0,1.1207673430208736,2.6292974050449684,2.0131475026317736,2.956096621190536,1.625482064702094,1.843613224145979,1.625482064702094,0.0,0.11985003015701517,2.2342259303330865,1.3141055127709558,3.469343937346813,3.469343937346813,1.4201460378644237,4.68262028296924,4.1559810111065865,0.0,0.6739048021925347,3.2036782966709305,0.0,1.2624780763522852,0.0,0.0,0.0,0.0,0.5378235434206186,0.4638749326463426,0.30256010151199697,0.055166476856441764,0.0,0.0,0.9828245713107331,0.36919274299993915,1.0260350309111599,1.1387127465421805,2.6130014534613775,2.7342513203415315,1.0352824069175197,0.27346883418389184,1.946722578810512,0.3414646661809122,3.8818391540330635,2.144815770722523,4.887782969201454,0.7415218158997613,1.8541550777822637,2.4027166776000994,2.2611052732899894,1.4439008142810992,0.7429256572768173,2.67621379450658,0.0,0.24793651088149277,0.369022324631093,0.0,2.1722787440958795,1.378080024087296,0.0,0.0,0.0,0.0,0.0,2.1291894816028916,0.0,0.0,0.0,0.0,0.0,0.0,0.0,0.796357685291943,1.295894721175837,0.0,0.0,0.7000216275247495,3.1445876890632034,0.7328189357204828,0.8423219254220516,0.12476686433385753,0.7226922909581036,0.0,0.2241919596221684,0.0,1.0105349061601343,1.7940175269577663,0.0,1.0565371891022646,1.0565371891022646,0.0,1.1363917378080564,2.295659174444841,0.0,0.39338321556580086,1.0744580273380508,0.0,0.0,0.282344464432421,0.0,0.0,0.2939791834568362,1.6676937688749451,0.7742605109497122,2.398999086122665,0.10221379830135795,0.0720366714922175,0.9383750435169125,0.1261872808819426,3.174608348080369,0.0,2.7899698416919936,0.0,0.0,0.7398755821473824,0.9058387575477547,0.0,0.0,0.0,0.10012048158403032,0.0,0.0,0.5170274282311705,0.0,1.0261241277035937,0.3044762411696745,0.22159762503832373,0.2485586516215431,4.164760159381163,1.6125607016303876,0.47769917622164326,4.513418951727788,0.7488507033035497,1.1239161557888633,0.0,0.0,0.5644745048300249,0.5866832052735613,0.0,0.3855223958157441,0.0034220259778817252,0.569945757085334,0.0,0.0,0.5880997234468783,1.1629645385402245,0.0,0.13434271088015762,2.5395298811318443,0.0,0.0,0.0,0.0,0.0,2.394540294234181,2.394540294234181,1.0317467981427906,1.9921398327680626,2.2816520643030462,0.0,0.8650516760384694,1.493429586010816,2.6005875559324227,0.06365876349315414,0.07520683113081826,3.474625295615573,0.0,4.230602994703855,2.0501978903633473,0.5709099431738458,1.088355682227151,0.0,2.739711905970167,0.0,0.44798967706730786,3.3409486646295465,1.9056711943892897,3.6652752949916105,0.586067341852142,0.7542618404561762,2.034070426983615,2.2774531193841367,0.0,2.255631054725597,0.0,0.0,0.41411036516158356,0.0,0.0,0.0,0.23873873113350655,0.0,1.219640145740808,0.7701016659642553,0.0,0.7463125701538693,0.018440455714117673,0.41698155191794545,0.0,0.0,0.0,0.0,0.22427763898680703,1.140879466253253,1.4161969682579256,0.0,0.280403288271707,0.16960777500559895,2.8048454759712635,2.51717283012543,0.0,0.0,1.4366926134428037,0.8028066565945391,0.9113691684399634,0.2054621672328594,1.093470755671315,0.7654528124085594,1.3052993862775142,1.5566974364647912,2.113908765240852,0.7398371249596263,1.8219979287516281,3.7163857156885087,0.7835853261226294,1.8547360737926948,2.101490490436084,1.8547360737926948,1.8547360737926948,2.087458010670675,1.1938251269947557,0.05655436592164748,2.424535979848846,0.0,2.744586502146885,0.0,1.5579845759638302,0.0,1.9445686604645727,1.7657052376707185,0.7375339741435601,0.0,1.9664338776186994,2.8563657260327204,2.4705392666723602,2.4448585810644676,0.3637435698709138,0.0,1.4640141089149188,0.5124382067866448,0.029104741794549107,0.0,1.476778519978477,0.9966103525843509,0.0,0.42982832446097113,1.274986754871815,1.7391103669679489,0.0,0.6540632631117139,0.30129931218661493,2.335595730334077,0.0,0.08226329569912796,2.6752801922175937,1.9620583968095937,2.067147528698748,4.010209716071543,0.0,0.0,1.2393970273545312,0.6167312495223333,0.0877191349402673,0.0,0.0,1.9805740680105228,0.0,0.4309423521841695,0.4309423521841695,0.24862162986703573,0.0,0.6503004595597207,0.0,2.0070014753350827,0.0,1.6994850355006816,0.0,0.0,1.133370936948209,0.879985162133434,0.0,0.0,1.9639627354048075,2.66307787661256,0.8666300940174996,0.503075868909426,1.4811809427678815,1.3146210722885787,1.3469391399755273,1.2447022650537,3.1219238757230583,0.0023845693505724266,1.5271980325982468,0.0,3.1219238757230583,0.7267052469453891,4.029447651003986,0.04432156635749871,2.054300445177318,0.7087868633209894,0.9383407469158054,0.27585144289494085,0.3785817745255435,0.28620803498999514,0.8845609392562096,1.2073351086304438,0.19584357208739117,0.0,0.0,0.8673631663120251,0.0,0.8386696391389343,2.7175264340834806,2.112442638279983,0.6900989284449275,1.1921046838025864,2.5674303816329918,0.7579859989280774,1.9884461354801974,2.832481260051752,0.8796918693676749,0.24432793927359206,0.0,0.0,1.9884461354801974,0.2848106363602893,1.1615900392815839,0.0,0.855450429423107,1.177137700839551,0.0,0.665914515553645,0.3594052274377676,0.5103798471542447,0.6624273023337552,0.6307639423889296,0.9461219031151954,1.9387511618359936,0.3879420213400035,0.0,1.7912021278130346,0.7340922084910774,0.0,2.1396065153995605,0.0,3.930681183326149,1.013954125442254,0.0,0.004516872256937915,0.0,0.16949127449006904,1.993277926990223,0.1908877532899358,1.1060127466217058,0.0,0.0,0.0,4.66898632978022,1.0216344001139728,0.7010263451719586,1.3084892103387007,0.0,2.7116476273774834,1.602652916637928,1.043360622290832,0.0,0.0,3.743408774360817,0.23339056655134707,2.167436489103821,0.0,0.563567656562203,1.104544911537726,0.6555212873618005,0.0,0.5228083295900541,0.0,0.0,0.0,0.6797909821619851,0.0,1.1859456891803233,1.1859456891803233,2.7455971624140396,1.0705971727074934,3.3765762923638496,0.0,0.39504369673957823,1.0285980988787902,0.39504369673957823,0.17825282343090304,4.381794652433147,0.0,0.39426012867702676,0.9687216194617032,0.0,0.0,0.0920760319782261,0.7062714899722979,0.7803740160174812,0.0,0.0,0.0,0.9279637134296111,0.0,0.40698546243532946,0.0,0.0,0.16127909253949194,0.07047755025550882,0.46774027965533926,0.1181602190633786,0.0,1.7394314328705514,5.077187570780426,3.6572216388195793,1.7316372832127815,0.0,0.0,0.0,0.49249823679153654,1.4489345806708904,1.2004915095273723,0.7542514459836366,0.9163241493297466,0.3458917877096519,0.0,1.3616009404809106,0.8724465572067776,1.7268605171976341,0.0,0.0,0.0,0.7362140685854066,1.756412870738652,2.1540028967133686,0.47531666578619036,2.4470978502085003,1.761196009244113,0.0,1.641393409302356,2.635960931529819,0.0,0.0,0.2724617128631277,0.0,0.0,0.4932675930276466,0.601235015965426,0.0,1.22069372485643,0.0,0.21507361715000425,0.0,0.0,0.0009210470213746274,1.3254824068262188,0.0,0.0,0.0,0.9173511157677436,0.0,0.0,0.7881830119745029,0.8526920117042837,0.40764234049399745,0.40764234049399745,1.5037443623196989,0.4770818643991816,2.250418139259197,2.3033447686718813,1.3340063313519406,0.5922572208635275,1.5254379721199858,0.0,0.0,2.7242490221250817,2.069125599671086,0.9453373559877765,0.8801963045381239,1.1422441001448138,0.0,0.9429928741733765,0.0,0.8634058292176903,0.4941880541369044,0.4941880541369044,1.82904593433019,2.0437430232298794,3.710638873200418,1.82904593433019,2.622143125883497,0.5274809503173169,2.147187025721106,0.7335373008954532,2.3132342117049762,0.35003653472180196,0.9717503166904152,1.1273684131485777,0.0,1.9936379402429836,1.4074011025715158,0.0,0.0,1.4983042728940656,0.9268693761060431,0.0,1.8480564272204132,0.8338119121092741,0.06090457158971821,0.0,0.5092612009976591,0.5092612009976591,0.04898963372440559,1.1965386354532954,1.1965386354532954,0.9875166693828835,2.336777676309522,2.336777676309522,0.5177945036711505,0.0,0.5459097656455972,0.0,0.0,0.6574607428940182,0.0,1.0445815081393988,2.773567663525043,0.5302716424770887,0.34477229283944144,0.023952200617648987,0.0,0.9969817638994292,1.3751516290534735,0.06136027235729601,0.3498689222274944,1.6845504706497763,0.0,2.1089814152578663,0.4283699656939037,2.201915684929725,1.3987222984577286,1.1277823314314324,0.001535719742952006,0.0,0.0,0.0,0.0,1.6527189909629203,3.401026131304917,3.1704637668767734,2.7887427611932054,0.21434923026098418,2.2557529945541432,1.3445679181985208,2.7033681406037413,0.9021863572944661,1.4109403488891736,1.647935924063755,0.4527492642243822,0.0,0.4668717339350468,0.0,0.0,0.8280971173359513,2.8080209563026397,2.9000314691629354,2.2713435799895905,1.3648120955956822,2.2713435799895905,2.2713435799895905,0.8690006286396493,0.0,0.22805004646529514,0.0,1.0916001661072103,0.0,2.1230045626111074,0.0,0.0,1.0581957727413833,0.5022969685989316,0.6788603825518379,0.0,0.9090054815065755,0.0,0.0,1.0528592681255549,0.2831230346462207,0.0,0.0,0.0,0.0,1.0152821829097383,0.346517739384964,1.711232309106299,1.1982700042934915,0.0,0.0,2.041555035462001,0.5486744704080302,0.0,0.4561307912734754,0.4561307912734754,0.6097905655590409,0.39652125433704954,2.309817303424796,0.9243355844452731,0.7943789672496324,1.3606196445208687,0.0,0.7848588689724514,0.0,1.4389268744507744,1.0624786545830418,0.012220624943260252,2.330596485408649,1.1223588812911947,1.1522114583721557,3.1554670515038348,1.8042613810944772,5.522833290838054,2.9473166051584325,0.0,3.7335719924096074,0.0,0.0,3.3920385254941117,0.0,0.5877665527835508,1.0175800152861858,0.0,1.479203276959454,1.0928398435501983,0.0,0.0,0.0,1.4157248635196245,1.233905000044888,0.1375452319384019,1.1798425153273295,0.5350265297515538,1.3567394970731073,0.458440571678091,0.6256244407683199,1.0560033138001113,0.0,1.2574883184237051,0.0,1.7990789795671476,0.36575580698573956,0.0,0.0,1.444081607143072,0.0,1.4272226417915412,1.3200462761447935,0.0,0.5548748153414109,0.3165919643310368,0.6545815753805526,0.7535261053185962,0.7570104892873007,0.3165919643310368,0.9293492617725074,0.0,0.982733427111284,0.0,0.0,0.0,0.0,0.0,1.9186585982611517,0.33198525909126697,0.0,0.5452422127496287,0.0,2.3268038903929136,0.0,0.4481201364844864,0.0,0.0,0.568834135545081,1.0400449466748678,1.1295833442753789,0.0,1.3316763346315472,0.0,0.15590748908356913,0.26050602346465324,1.6308192285860437,0.0,0.3488742879079697,2.4641593394277383,0.0,0.18226292096020819,0.0,0.44148562816826953,0.0,0.20059924409999164,4.951177934120149,1.8428900103884638,2.355062073614701,1.095942780449012,2.5565141848300197,2.872489678338969,0.0,0.0,4.102098885525459,0.6747714633514516,2.29697139648628,1.1575269191713569,0.0,3.0899632701639552,0.6747714633514516,1.1575269191713569,1.5599756661993975,1.7757628506326852,0.8292011380582798,0.8292011380582798,1.4216565610456706,1.8050880942614274,3.5510718937850134,1.5562881926098113,0.973663364261634,2.958039388704366,0.0,1.5856464517982962,0.8252970816823922,2.5077198709629758,0.0,0.0,0.38694321550892513,0.8252970816823922,0.7135723203599096,0.6045823870055476,2.0412423831548128,0.0,0.0,0.0,0.6559584903168619,0.8293043003531939,0.0,2.5372456878852843,0.0,0.2229436586904799,0.8986498126974712,0.0,0.3233948690233344,0.3233948690233344,0.0,1.7039515356983534,0.0,0.0,0.22671329113465868,1.1824718626811026,0.3531151073389548,0.0,1.1719830037112302,1.3699852959913141,1.119881478017965,1.119881478017965,0.0,1.5220730825337614,0.0,0.0,1.4070738676112786,0.3530042010761201,0.32900252300133176,1.0112022346461278,1.151651785923295,0.0,0.19496012605026555,1.6478635269420732,0.5495878474182663,0.5667804249304135,0.0,1.2245169630346981,0.14587038550588058,0.4275009035783045,0.4275009035783045,0.0,1.7173335345311145,1.398669169997147,1.366236314722402,0.0,0.8531389549870513,1.3078489502111517,0.613433012717437,1.7919902219843724,1.1103554308135295,0.30177489371109556,0.0,0.6207951747404172,2.5239785455865222,0.0,1.2196632052437164,0.0,0.0,0.37616057210207415,0.0,0.2978038012852029,2.4998062630381783,1.2979748097648505,0.0,0.9035432238573055,0.0,1.7439242916917899,1.2876721935928903,0.397340954504829,0.0,0.461186993567224,0.0,1.5398172203008924,0.0,0.8176925750639731,1.5103282005423013,0.9710787088534628,0.1468152591999032,1.3756064569749276,0.3171652839619821,0.9708695878136785,1.4319293320513637,1.1847528554016087,1.2778835878195076,0.7152213041237183,0.0,0.7691379978307241,0.1591710040860668,0.0,0.4884148745824498,1.7391310422255992,0.47131037767565,0.9289446930828333,0.6822028055956042,2.3540670032987263,4.5128627159585974,0.2526866408067773,0.3371202693030079,1.0036935654287666,0.9008635592984455,3.209026731205018,1.7708261864086734,0.0,0.32866618394172825,0.5623502909569448,0.0,0.8772438224972602,1.7475753954148725,1.438330145077651,0.8342575368196795,0.0,0.71903114815113,0.71903114815113,2.8220783059587466,2.679028867710591,2.679028867710591,3.262246225861408,3.3799206243370796,0.8985027281562996,0.2939512443285604,0.0,0.0,0.7570416408008525,1.1448133253198256,0.9038033374477454,0.24015089641857848,0.07498295362890324,1.4396502166092253,2.6181433289644747,0.0,0.0,4.797609767871154,0.12028362485580484,0.0,0.0,0.1035154321026316,3.6542765180488668,0.5296557253724712,4.513176101800833,0.0,1.0041484486593655,1.1892865207414776,0.0,2.453472500509574,3.2012820467617282,0.5668617168526714,0.0,3.6640031548723435,3.2266860389794347,3.0799372794761153,0.9123423377530716,1.9957966850738764,2.4480696143570504,1.1350780598901957,0.0,0.0,3.5226440316897443,1.251690096494308,0.42494221058725107,3.414983716221375,2.574339525516979,0.9014395369638618,1.4124226192836011,0.0,2.554324315160007,3.9800235830618043,1.034449036721619,1.3552621491124364,1.857787212791192,2.008383190592869,3.0075623985894877,0.06728228839120862,2.659871679591308,1.7618866333059866,0.7382577382923131,0.46931622151813235,1.015590646059349,0.13293269142380182,4.0237214074525065,0.7331602816013106,0.07964380144218472,0.0,0.0,2.0365947894293592,0.0,1.5208636857775248,4.071210703442196,0.0,0.5205170292755872,1.4536509215557973,0.0,3.715005757664991,3.013230549083847,0.0,4.152973816362915,0.0,2.1022953181847903,0.0,0.7660975217403243,2.1586837866829978,3.15226586956049,1.5763539955819894,0.16561297286935014,0.0,0.0,0.0,0.774584548180762,1.5763539955819894,0.0,0.010292969834560376,0.46508811159708824,0.6659229872622965,0.0,4.6769692791091915,0.06038052397516689,0.6155034292316534,0.09452578933619107,1.695273718897834,0.0,0.0,0.0,0.0,0.08565272141886157,3.2964582299135996,2.4763527861269345,2.8056965671791865,2.727415209874741,1.7718479797403643,0.9444269865671231,0.0,1.1397126660213444,0.5623723465510981,0.0,0.0,0.13207519970242687,0.0,0.0,0.0,0.34017059389642784,0.0,1.095476484732466,0.9277162486478169,0.0,0.0,1.841539132695437,0.0,2.8397274796535914,1.1137334341793212,1.6721237171664989,1.0967859022788908,0.49633315115046656,2.6173398088022966,0.0,0.6305052678148804,0.033756998539161615,0.08607464867085943,0.0,1.9967928906503623,1.2401158448594727,0.0247812972038356,2.273456674475972,0.6458904397658336,0.0,0.6128929759653816,0.6128929759653816,0.8507746926675002,0.8783591318322997,1.8777711239111134,0.0,2.153221629376006,1.387798410859912,0.6840807878414247,1.0844670973780008,0.5934544264628331,1.1186209691581244,0.9784440662030157,0.9799378074216595,0.9799378074216595,1.0365800415813409,0.0,0.5302579199533262,0.6804725740035384,0.6795583111390575,0.6795583111390575,2.0871317942773047,3.56225178010538,1.010637777316778,1.8805170981667612,2.3021484911717565,0.1810180658407355,2.3512061340053627,2.347938830919763,1.9604939642738435,0.0,1.124051035885906,0.8072722990640677,1.1176051071372821,2.7926701481715535,1.8097280108609248,1.9139513370838313,1.0187927707209612,0.8777043518325697,4.20446204228082,4.20446204228082,0.38047917158239725,4.5755147353697385,1.9339190354576976,1.2010011139259487,0.17470470954425313,3.8595174380166326,0.0,0.025905183858093584,0.0,0.0,1.5686057895619525,1.5686057895619525,0.19108541805263246,0.0,0.18979463689346038,0.0,0.885745497567578,0.885745497567578,0.0,0.7752000037865375,0.5569097185928302,0.29971652374333624,0.0,0.7612384280415158,1.3967361325645373,0.7435168801453955,1.5969650456899904,1.1755636550277642,1.1651437342391011,1.314497108294353,2.457422439243108,0.9841366246443395,0.4944995469342782,0.0,0.0,0.5418936894372698,1.8007146687694504,0.0,0.0,1.2816192465256668,0.4080332574668021,0.0,0.7474555280051038,2.658413751661169,0.1343614873600972,1.5652215930617126,0.0,0.0,2.928673519245591,0.024047588063630262,1.7026672175967887,0.0,0.0,0.6532104098125804,1.5768650021677941,0.024047588063630262,0.32653273429330193,0.024047588063630262,1.4523611692526086,0.4961025205396621,0.0,1.6306430899793025,0.0,0.2578393091415393,0.0,0.0,1.2721052160705169,0.26432071550161435,0.8648498747674679,0.0,0.33263607669667056,0.0,1.3544803931746543,0.0,0.2209235656226472,2.189551487090825,2.0883316515487715,1.865829002633565,4.133571976722644,1.9143204456763592,3.7855277046254487,1.4046558359558006,1.452324901605789,2.207257443957784,0.0,2.254040794251951,0.5025001584341393,1.6775209280099808,0.0,3.4049776856501066,0.0,0.5564559282003003,0.0,0.0,1.0832285645723738,0.0,0.41806370424478395,0.0,1.296763146356373,2.2091104566880233,0.9247581011406488,0.17077917330893128,0.0218093835656337,0.0218093835656337,2.2398924882798967,0.0,1.622080069399008,0.0,0.8658209729111624,1.3855626842340332,1.1594587098087676,0.6863627171112322,1.6950854190703197,0.5085100680030793,0.0,2.2477870088553273,1.0033064578329125,0.0,0.0,0.0,2.403446231384347,0.6069853172663425,1.7573901492688164,1.7573901492688164,0.7306116245831669,1.305636364638925,0.0,0.9371956129556211,0.0,0.5382511086649252,0.375880203283718,0.0,0.0,0.0,0.0,1.1428436681621443,0.0,0.0,0.0,0.0,0.05166122431133255,0.13473330419449336,1.6480051196936307,0.757733176422227,0.0,1.440414121313497,0.0,0.0,0.1657687120773515,0.8647570483644408,0.6631703200463553,1.5066969293018737,0.5754770800620801,0.31564577588116133,0.0,0.0,0.41081223064352634,0.0,0.0,0.0,0.18807765844081067,0.0,0.0,0.9576420282086665,3.4712466045385835,0.0,0.0,0.0,0.0,0.5349349842443365,0.0,0.7596758431129144,0.0,0.0,0.30760290515073163,0.11974602947526578,0.0,0.11974602947526578,2.568130243992403,0.0,0.0,3.826348000606795,3.826348000606795,0.1145373058303344,1.6303525897800157,2.349227943631325,0.0,2.582812445067745,1.5863472750413485,0.0,0.5563402345935418,0.84893697409427,0.0,0.0,0.0,4.688749490181975,0.0,0.0,1.7077247561020983,0.9515401212300317,2.8220617741114844,0.0,0.0,1.760154528663063,1.8966261276510052,0.33132284800158723,0.0,1.581127845027601,2.1976476772329026,0.0,1.1142284281513384,1.331505933249711,0.8361659303598472,1.2983906066904494,0.0,1.1309850013112412,0.06485056917536644,0.0,0.9947791761094288,0.0,0.0,0.0,0.0,0.0,0.0,0.0,1.1854748387794225,0.2741053690963655,0.8117963370288922,0.23116270408822942,0.0,0.16768017685856132,1.3342587832930222,0.0,0.41928217489002384,0.0,0.745015542362494,1.1083094344966207,0.0,0.0,1.1802099833842397,0.05711044663262051,1.6334457222020153,0.7739994099501364,0.0,0.3309766852749874,0.0,0.4549564879150356,0.9136452967353822,0.9136452967353822,0.0,0.0,0.29007834570070673,0.29007834570070673,0.0,0.5337658829911947,0.0,0.0,0.0,1.244400539305203,0.20447039594982216,0.4830616449668729,1.1029465751228962,0.0,0.10594152561319337,0.0,2.4232115197997404,0.38152621364621436,3.6372204351378805,0.17646085082586543,2.2215817085357727,0.01081111728986247,0.5544176672026879,2.420024623038278,1.6602232051546957,0.8754045179105043,1.1755799625491525,3.1375392685151438,1.0369029902120108,0.13923571304234517,1.907178272992472,2.7479005289796907,0.897195944752465,0.663687800689712,0.11065718679717367,1.3563796517365974,0.6077772834530425,2.461402982765697,0.5708397225730321,0.0,1.5158125070318889,0.0,0.0,0.7911430717222706,0.0,0.0,0.0,1.013818594537688,0.21095665078382428,0.21087097243455016,0.16019154263855018,0.16019154263855018,0.9045552140708716,0.6597571887149988,0.0,0.0,0.16758492092133004,0.23729513399402455,0.0,0.8667662133041844,3.0607424217295836,0.0,3.247147192019299,3.349026501986724,5.121415632008135,3.0571067730653345,2.0921180319505903,2.0491680011220668,1.582686320875106,0.024868042208255062,0.5074169552028511,1.8401686456640958,0.7556589858043544,0.0,0.0,1.4912907415829268,1.2488972664257232,0.0,0.0,0.17597957046965507,0.059892454441940614,0.0,1.2488972664257232,0.0,0.5804983191587396,4.122603202449049,3.3027369983559343,0.7000406396168695,0.31829118592494976,0.0,3.7493816974365317,0.6550283636625721,1.2988591028481296,1.850989654657401,1.9605270622467552,1.2412725290737223,0.4685038141612465,0.8634309084756243,0.0,0.0,3.966798326859994,0.0,0.4191643688183919,4.1451312444434665,3.0953620501622736,0.0,0.06262689184737688,1.0838514825308483,0.06262689184737688,0.0,0.0,1.9852524016265594,0.0,1.2140694960126523,2.077339852853107,0.0,1.204798519850272,0.8183766936513014,0.0
critic_evals,0.06249398542433429,0.13767184914847636,0.19687275200878887,0.23027643627719854,0.27521444451552546,0.3554943666848746,0.3735872410020606,0.5802993913018621,0.5488622608801524,0.6242413104744569,0.9185433205147898,0.9272178925102196,0.9134403079141018,1.1280508079061773,1.0553684207147698,0.9242478351243361,0.9222650758931605,1.4767297065887057,1.1683480725640114,1.5597729622997094,1.4372148515079166,1.8677416213655618,1.7839446171036781,1.5346329279977309,1.9194496227109559,1.9222521724795343,2.183628603802133,2.1468767203575125,2.1783574520971505,2.5179357017764556,2.2461399870964165,2.5415890981372935,2.4694413113825893,2.5068349341806715,2.6085491518365984,2.2837782321820552,2.921164067096373,2.826195744338705,2.9201234151711204,3.3011043280512125,3.124096002458795,2.583493874094286,3.4528305713792786,3.28657209887752,3.2512667939821274,3.1914937568709134,3.6017782063939103,4.196808577050813,3.2686763321190204,3.884158711008426,3.901644418129247,3.4124375608588884,4.105199302882226,3.8805448924967765,4.520031346803883,4.7535597249992065,4.725608038511897,4.7320843292946595,4.375253923257395,4.779090045629877,4.691231554660883,5.00086365528025,5.05238289821879,5.059593694544435,5.321378870132259,4.82768898886716,5.3308329792106015,5.2878145858639,5.505099546281019,5.20765331928028,5.621685332960571,5.521592612776484,5.9530401530920445,5.8823026581492295,5.724580612900175,6.130264523597052,6.024447867916841,6.2932843931765765,5.796311001247293,5.96797666653133,6.193822250188764,6.696693492073786,6.644139207901358,6.512030783383601,7.177068147087238,7.172209128222351,7.387000165606157,6.775024944137066,7.277733395518393,7.5676343859272155,7.234759025167713,7.902834083820526,7.433499467398853,7.632344291099913,7.458462727360475,7.829395418601184,8.299429646215726,7.969667136297897,8.154532452439348,7.990936736096798,8.182278834788674,8.191997325025424,8.599948918237809,8.429684928785791,8.507405248631397,8.699109854762984,8.397195300547848,8.954224171691429,8.882640065386777,9.041549188070599,8.872132414666549,9.16262416512794,8.826787103636079,9.732112514319232,9.51858562128534,9.660120418284185,8.89975385250352,9.33399789511465,9.772374248070953,9.882991446329429,10.044007850633337,9.687442757364012,10.286482687667897,10.061596146383785,10.557262004111626,10.357471438320259,9.890912009324419,10.2888495816967,10.939404219296478,10.57451407655331,9.719144258453316,10.511860365040508,11.038225827046833,10.970241575678301,10.549500425721783,10.814315342838327,11.01818840652376,10.955101827935524,11.223868271937848,11.76250831343064,11.02928797485178,10.709833226086515,12.073082177268283,11.722505689841732,11.289256745868336,11.948020128782284,11.507662917178575,12.194175637849305,12.559165507898067,11.970015674821584,12.369158993547954,12.700703461850981,12.426667146256916,12.084333783844668,12.902358362657822,11.807756700501848,12.44329419261264,12.388337679830856,12.970001107533806,12.307698599659897,13.248319932626432,12.742851174357181,12.858113961395278,12.325825444118152,13.487224770044559,12.653251763868697,13.549064474300927,13.81844562690386,13.521006983462733,13.580978599238955,13.263335318020046,12.43287369561368,14.026411364914825,14.179234646985028,13.647813832008907,13.467621793681237,13.449441571334374,13.992490036475465,13.649483049665175,13.665568014619236,14.913032122499168,13.714933457287323,15.097438713662315,15.303285308461335,15.299101036708949,15.25932301506193,14.974841495265242,15.632177211939297,14.769695804527032,13.71191627723473,15.404969427703332,14.808327249647975,15.239809368252658,15.132706044281008,14.968293715628372,15.332246547111088,15.903600676399002,15.922581524312182,15.616820966614974,16.285338224192987,14.799366838908973,15.433327111997583,16.025818163004214,16.07081671081176,16.446412778506232,16.84757028627421,16.76425646200387,16.62045255687623,17.271277776421833,16.48222077218116,16.740316045569756,16.602906455759047,16.81174706294624,16.87492745430636,17.46490660482531,17.50793127752495,17.806458965656194,16.90906227207445,17.01313029028064,17.179653268237143,17.509441161807555,17.91858335508476,17.03609717177579,17.941434812521756,18.35626691620991,18.356014868746648,17.450401223643084,18.331587513026957,17.72339605251638,17.532925899875565,18.57375253331503,18.27501898379351,18.81972955627295,18.094830296059648,17.932812313296278,19.077552843831587,17.532377425508216,17.86854115505313,18.812681426212638,19.034150643319755,19.255768777594,17.96309884488437,18.31745794496139,18.67638885511448,19.408649999057513,18.78643215818842,19.764827983775014,19.007923483500328,18.73473778790476,20.020032473987023,18.665509967394463,20.2232575547137,19.708980558703296,19.99927215124449,18.88418380124348,20.44797063640502,18.53092397962403,19.445324993102698,17.65932141151447,18.934178965644865,20.282509159556454,20.40203271467783,19.28109802963731,18.850820875378318,19.98217874437306,20.683441490833832,20.033464367105008,20.079068683663028,20.50000789543863,21.558269580593542,20.143505955241086,20.876624113211957,20.396079645436142,20.273393202254837,18.913918963298485,19.808259106977747,20.97462707099274,20.59623434275813,20.82212817446566,20.921422025719327,20.810505662199127,21.59141875676314,22.40716767949109,21.08900259413447,21.81103467912796,21.911484086589294,21.429229353337618,21.38950195182649,21.656831754292014,22.309123784498762,21.37838113113821,21.998971321022022,21.6428012163555,22.845408431983497,20.330944215868318,22.436688702734806,22.26637461790787,22.917826846281333,22.376702276277484,22.444995097002717,21.166323358207848,22.85047796308315,22.733910074458173,21.999056966407405,22.82707794634898,22.858417530229673,23.425901304903096,22.934501760687382,21.906048566188392,22.26078173901949,23.13272862198882,22.861263650565288,22.366599748953472,23.10670203623402,23.00994134751105,22.4197044125099,23.412286495718575,22.33134665181003,23.079956237371388,22.638818050681657,22.998441359265982,23.707849028748807,23.54396257163015,23.20444112705185,23.447961218917975,24.05793453853866,23.979661922523334,22.896181687897702,23.661081705456382,23.982012642248186,24.339645377683965,23.664284599028065,24.009165101814503,24.314720699780715,24.040475845596394,24.362291963379707,24.417298695854146,24.745332888982947,23.444975659324886,23.95067315117933,23.94910129619094,24.904745743568284,23.71199279679754,24.501722381009646,24.745912690080434,24.757316747806822,24.264831420296055,24.06697898419998,24.564005221384797,24.231078580520396,24.947862629353445,25.044976313544456,24.623473793074503,25.18594338707279,25.13303527326631,25.145318040552855,24.71692504723104,24.924727868146107,24.902006392089127,24.298231945426288,24.554791643146405,24.633996075263283,25.40822024390518,25.4490936815141,25.27758168929079,24.980461431208756,25.336871354401787,25.580395826414307,25.45803337265995,25.453433073381735,24.833615439202298,25.22555104366117,25.473480422389088,25.451651198682367,25.02231512435425,25.75749382597166,24.697598678696114,25.602175690868286,25.749318418049683,25.757153033060845,25.828664294530455,25.89291295633235,25.82519429704898,25.931168904848168,25.98482937507275,25.86568785678377,26.061742502605426,25.926548156606362,25.98094801514477,26.129344137348767,26.260848161416707,26.142554005563287,26.30077117682151,26.142996398123774,26.280579773165705,26.27980466865584,26.452797832582277,26.33282504787384,26.386170217240515,26.56670446464209,26.668866013681086,26.664297746964778,26.59038112840658,26.757140926359934,26.819814237507952,26.71515197237841,26.738973393813094,26.755152635142544,26.88213325747769,26.828621902079167,26.986206480905977,26.93879132450567,27.051563640209647,27.023209938762353,27.06285854278459,27.04967037204567,26.202614875431276,27.007837417174418,27.28739481915099,27.162344899426802,27.298962797292056,27.306316393963563,27.23864635102049,27.137682786316795,27.40994464205784,27.463739640507193,27.416269330611758,27.553852053691113,27.569863887332616,27.65003293141146,27.676952655722715,27.754522475488383,27.826312043867702,27.657679873531514,27.220403105169407,27.96742682068374,27.870320051446587,27.96577390365244,28.05489034928045,28.111892717216538,28.068580129855274,28.1273466171254,28.223549488568807,27.737185866664678,28.305687221573606,28.169396204028363,28.37404389930317,28.544582169883565,28.641384643848056,28.599889154416804,28.629607354924804,28.5750317016387,28.886622589752378,28.906128433246213,28.900763557552633,29.02416007227025,29.02981662754337,29.124650068388238,29.01053769927234,29.253337508994672,29.221926271553755,29.428892662463134,29.496786660187738,29.472371128000074,29.53146184727906,29.635625023470983,29.471750152654444,29.67203535747358,29.653682709730578,29.67986671856504,29.583968321138844,29.260151501332313,29.851179222938846,30.06029235624393,29.967090075738543,30.11280051378981,30.05724752885234,30.23815429831763,30.274018364963155,29.29018662583592,29.291525534546675,30.41697798526755,30.474296929295637,30.430303931017757,30.226483795951925,30.62926625984921,30.65429897182107,30.615152100520582,30.78195217289358,30.78143757383073,30.902078655516803,30.896733871009328,30.972377898215345,30.91819408729196,31.006376597434745,31.05489138759639,31.092261562340173,31.040958663866054,30.846922360675975,31.24633271290171,31.173502713846773,30.86723951209698,31.352731043333307,31.368490837068094,31.365625129063336,31.575160432232387,31.499385022312467,31.651459184460908,31.645534823937638,31.710672927577384,31.702572460337866,31.70481387029146,31.798448112193647,31.974697985984104,31.81985411540346,31.996829747182645,30.3529195433419,32.05797284794121,32.15194989808176,30.458570506136752,32.183724378209305,32.25325981315823,32.27577010821652,32.25817356759405,32.23883202991688,32.04424601983968,32.37249752926245,32.42112239568579,32.312157984112204,32.49181445642831,32.624047137926595,31.12092650351672,32.6611733949868,31.522521553826078,32.73145686464905,32.71701968092689,32.852482338085,32.869742308730146,32.838925039241204,32.940755864538815,32.91844395337607,32.9923746132014,32.99510510099447,33.04028735445493,33.10866199019239,32.90905489989769,33.26662290887645,33.23942420732163,33.24072183750589,33.232447793127044,33.26843900237182,33.30415313742912,33.363988586854724,33.36575675581943,33.31552806118047,33.4431482262221,33.16131339545766,33.532579377651224,33.174686937880814,33.49467655157608,33.63055748453243,33.59958295838962,33.56852998465116,33.66747185178278,33.681959367581676,32.745643974389125,33.774130606085826,33.73946287557261,33.68724305152395,33.955619345420516,33.88942504126826,33.91184063266772,33.95305470112021,33.94665562057029,33.94835465040142,34.007046988462314,34.070080528282375,32.73319813287523,34.081473828440146,34.056700402622766,34.10808580194793,34.04000763837935,31.75166298235677,34.134141734261036,34.21704833918228,34.3498949867931,34.26741101200828,33.422396409000655,34.3983124526209,34.34514838629868,34.412651860205614,34.16920221385261,34.44933258546849,34.42935252552832,34.52585548477072,34.543485535520155,34.559373442537606,34.6948203221837,34.7134787252652,34.68296483994166,34.684913923835246,34.87890763850496,34.69113322757642,34.51293314739442,34.8594721496022,34.70932552919697,34.827038188553686,34.876414031467135,34.866781597257884,34.94686736306743,34.990244179224796,35.009897528835644,34.93991375555147,34.98542167132857,35.0243948085467,35.03795409889677,34.833711918109,35.18278728959991,35.12366151521786,35.1546277589045,34.81130798003271,35.218816167531976,35.26996348319164,35.08781423785544,35.31936772526815,35.233461257165835,35.323616288300016,34.805213372483465,35.418389299630846,35.25921781105181,35.02808237911727,35.41676626507274,35.118066354030454,35.35930163625927,35.48185243903205,35.479562716970015,35.45608638816136,35.63557109587055,35.64663562810281,34.89674119651271,35.57552845423728,35.63279987851955,35.66104102113259,35.760551323486716,35.71842949177847,35.67732334210565,35.66837414811725,35.65088313865038,35.71818395911268,35.78334249223887,35.85415286500738,35.8510995679418,35.81289000410957,35.88115735430485,35.88732682266536,35.89972361864918,35.90151054556373,35.7965102857904,34.46846748925,35.97233247092193,34.844070355235,35.93743233735033,35.38106976546444,33.53353012333401,35.98657325138802,35.98118927646186,35.34530630402085,36.07220145093091,36.035877460740224,36.04862958877396,36.05595727875321,36.07563725099625,36.08159305232049,36.12282800064045,36.171858158428655,36.088696157804264,36.16456537952314,36.12119838227116,36.119575050756254,36.261769396625944,36.28878625718457,36.22783384030272,36.30910354759722,36.23903058225487,36.144741971891115,36.2795510306412,34.217035135724856,36.29140785448103,36.33139807757791,36.38457074887904,36.41331987429025,36.51330126808593,36.40237366319384,36.52160906212512,36.527254695106016,36.520285131922485,36.42090063688153,36.53016927649015,36.53077085770621,36.635856433232064,35.26612869250745,36.64100680610492,36.604147413900506,36.57892755576261,36.60010640302552,36.58717238083321,36.652353276971645,36.39904719413425,36.66139133905696,36.71426870090277,36.56556520481084,36.56049632496511,36.679917800553724,34.098141297352,36.70149098497696,36.70479448992091,36.74915867512274,36.709573512756194,36.85536660383973,36.8739162205738,36.9210993924722,36.84516672913507,36.93305567608667,36.94749924025987,37.00082893363636,36.960355738572986,36.917654353071505,36.96274377257947,36.99469250646838,36.96767598310885,37.04795094146641,36.95985014218931,35.35521759427321,37.03161306586416,36.9288725182138,35.41034330865566,37.10720745671664,36.99198395119161,37.11636907462317,37.13872604184278,36.965536230150086,37.06439076314633,37.11176701492332,37.157510062888875,37.102692175735484,37.11773932952382,37.17195863104888,36.73491440948855,36.88342703919922,37.218269839902966,37.2271078798906,37.23271767663049,37.24632297474094,37.14692497360282,37.113373987510016,37.275477862193526,37.172274516357746,37.331689044265815,37.086881690196144,37.30018396465816,37.31026232074978,37.337910733968435,37.39077993840636,37.37838617192514,37.403804819251235,37.04040880708447,37.354216844131145,37.224628115422924,37.3088558748704,37.36461947129701,37.39866709525727,37.37817713091821,37.29911425489272,37.35454882884101,36.974173592943416,37.37725958003105,37.347045866446635,37.26083677829431,37.40010801073066,37.446201906509216,37.33382069611718,37.40732574205035,37.47313977080706,37.4350433938087,37.457434001522785,37.382361065748924,37.48327373797074,33.83335401404724,37.62026651045079,36.81588124773572,37.64492260166398,37.6822975544362,37.650676288484945,37.63279252421777,37.68270714093762,37.599549439331156,37.63918467430935,37.61043258309085,37.65922730437696,37.51435567891788,37.67977705522213,37.69709998129209,37.316122005032994,37.7797212992039,37.603820640044916,37.653517561985296,37.71382128042828,37.73241822130686,37.7353793008978,37.70760954868574,37.831355320677176,37.810378779071854,37.74168720463421,37.7862938346469,37.727037653205386,37.83992630683485,37.76276490072471,37.876384874202,37.848616243816984,37.89113962067814,37.866608299955885,37.872908433341024,37.84697009487738,37.91053796417014,37.928584071471775,37.85278535394899,37.95948012607033,37.987742282069696,37.94827622137621,37.956674469539905,38.021986213231486,37.94901146873152,37.99307829103733,38.06511250033813,38.011195209374435,37.9731883519717,38.01404974374297,38.01666228935841,37.96585278062561,38.061169062687206,38.081577736695856,38.036224860352995,37.80129399040467,38.14869581130432,38.0654613185693,38.06794508825984,34.824531592541376,38.08824331931168,37.90728623715524,37.30178520999245,38.07312515439552,38.090610119437486,35.18226609273262,36.687015524067746,37.996634028436,36.97618900206294,38.08094393778409,38.16108453902911,38.10142976517996,38.15227229231387,38.06700332668147,38.14371506601216,33.22135293969366,36.60760919919323,38.008611106866745,38.11524341564571,37.874950924540734,38.191224442783934,36.09809223111356,37.91931313702885,38.15290119202152,35.59030311206202,38.20038853492519,38.14863961222586,38.20038441803641,38.22112882729701,38.2722438250824,38.26077817292331,38.097161325115906,38.261071684784994,38.177084937421874,38.23844446432729,38.23493261978769,38.22952369680327,38.26287192539756,38.290884067166814,38.29150243482197,38.28345460609326,38.12671365665439,38.44393340060587,38.39142133025467,38.344505875924,38.27943122594811,38.348209367954475,38.04741935981717,38.44839721228187,38.36288506027424,38.443153439837815,38.44288282611913,38.38543591529067,38.43127824313935,38.483220195610144,38.39435728248294,38.381560905588195,36.8687180138447,38.44920217130114,38.454750394258454,37.94496573473905,38.495340253306175,38.49632868399623,38.39263247306568,38.320945712050474,38.435690116534744,38.38616914663868,37.38393193085596,38.45487303092165,38.38514674668978,38.396315670940815,38.43895737457286,38.50610680050965,38.46720686496509,38.51672441631146,38.452524306665495,38.477053508170094,38.558809964996016,38.55516253640707,38.54263916203564,38.523076784450346,38.52959736685409,38.49810367544268,38.54517632024954,38.60305896917293,38.56587056276516,38.452985123164545,38.634208312085654,38.62173215484459,38.560405763522866,38.59027491337252,38.52900957697349,38.66998827941278,38.65088296729959,38.664861932120864,38.65586118270761,38.666217397153936,38.65414699221674,38.66364262849666,38.684705809556355,38.65905866730709,38.41796360176281,38.63886705719779,37.8544484283859,38.66845999785417,38.511692114388374,38.74002498609916,38.698253873624026,36.79791258512857,38.73315993116464,38.74509345646004,38.709089078666054,38.64649989432951,38.71519023110398,38.72205411285336,38.69138297733789,38.756244103424606,38.27963595856357,38.73556151644148,37.014307001671135,38.49395574604564,38.65892662468611,38.73336153571492,38.68275812867936,38.73978387708667,38.705837832380865,38.726846612517306,38.740315691769034,38.712375544568246,38.74490852758995,38.78700397018534,38.71409560944821,38.74152894564433,38.674038402687515,38.72952122391672,38.63935457826413,38.78433093159049,38.772941030072914,38.787276548703886,38.82201328958995,38.67487326436651,38.79162390262597,38.782195291353666,38.83363690257018,38.787238243738,37.125445253082596,38.8685688017844,38.727631926996935,38.81521036060586,35.910006340756865,38.753796114977995,38.80177953309628,38.74150883486149,38.19205715293308,31.621968547128464,38.78893157330138,38.83658285591778,38.606666245555665,38.903562504023775,38.75292118259458,38.75293753515546,38.81761298021361,38.72180161691945,38.83323364654082,38.826381090424206,38.74218322330274,38.86929867627864,38.77838250498539,38.88549055657514,38.870644816887044,38.75779347013503,38.91014882549851,38.92160660189588,38.93583380695539,38.890408761082966,38.74685472416238,38.97285129266833,38.99070183915017,38.700895360419054,38.93410833193124,38.85310179232366,38.881946632875305,38.95263505725561,38.20946548358056,38.992082780151534,38.93199812429753,39.026560579099744,38.96989863474748,38.671982893305106,39.03133708490219,38.92879640977138,39.01691106042001,38.9682591143577,38.858788318940405,38.99075229803404,39.00295434117067,39.03505135931753,39.05835675997672,38.88448444810735,38.962751033990045,38.96250732791103,38.77284600906974,38.99408419659644,38.43846076664955,38.961531707517146,38.98188061820744,38.9872630700023,38.95858271981679,38.958052583805234,39.02336634024156,38.955926852269485,37.13794672835365,39.080220152549515,38.961223167522895,38.9948014829498,39.07044541066444,39.006090726197876,38.99002789907285,38.983475190112465,39.01236863674344,38.99334977166212,38.94750375415897,36.41109243185925,39.083896975860355,39.030443051368195,38.898290695913175,37.96350625431096,39.01727773259517,39.04326928447362,38.943761266697535,38.97013580131203,38.99553321793164,39.015968546561965,38.980014991002,39.00380761789826,39.05046497906644,39.10140495884258,39.081471578846475,38.99701530424289,38.020948115358586,39.0105177755219,39.046835311179436,39.04547915822318,38.99439781911424,38.99232277426236,39.02853608252045,39.00144522820795,39.07086507626894,39.02238068460802,39.082070801628454,39.064496650640606,39.05306579824952,39.04798643557669,38.979288456287726,38.92934740076538,39.05536308179524,39.022916736240184,39.08876679947026,39.0487937283582,39.08074148557236,39.080504824333566,39.03051672032789,38.99158251151801,39.026176577464966,39.06211009222035,39.05918795738773,39.084172692496416,39.062295060770715,39.094708884920664,38.95897156214187,38.99030304888344,38.93911230792742,38.97297581013461,39.13942357294415,39.03718820414569,39.117238401694074,39.03105480214946,39.09471442607661,38.615397115591584,39.1501789642935,39.098355159322516,39.02928608385819,39.00268692336375,39.09552113522597,39.096403756043856,39.11995522792486,39.15744575721063,39.10182914295262,39.03936951282668,39.15002471656405,39.0780799346779,39.12353815144379,39.15261162942076,39.10706287501852,39.15985596976259,39.13186817972526,39.09987741629899,38.1362367214303,39.20538995133988,39.153008732702354,39.199810636727285,39.2615888751046,39.146404293711036,39.18314869617507,39.18687186614821,39.21164536809505,39.152450970648964,39.20779856200783,39.233436367234866,39.22043166161779,39.14008135121772,39.193632611201004,39.23579919870359,39.215158194642754,39.21622895113278,39.25760334835811,38.476551851496225,39.23543238979284,37.68176711911499,39.175416192798956,39.2994841343399,39.283589703103225,38.218631283149755,35.60444783639175,39.312123230247856,39.29707683511893,39.32027074549695,39.34335200040135,39.31208323973131,39.23910529051656,39.27557474802936,39.30870550183595,39.368184174588755,39.32869719533943,39.364443862184785,39.30988297461904,39.36676572952817,39.32986167206467,39.40243665154564,37.70000139964728,39.31903505479781,39.264906665399884,39.36511085414396,39.31814001486782,39.34623405096175,39.27812462862656,39.31389061404096,39.2983666711743,39.31519321505824,39.304003683606204,39.371221980127025,38.642584082080745,39.332314423620666,39.33860943707184,39.42205146672714,39.35824128145871,39.35416164211138,39.40124394331865,39.40510412408392,39.49293619478573,39.422566486292084,39.402522188544,39.506476469798784,39.50595572796209,39.45488070965427,39.40304784780627,39.28845652825868,39.38343651308332,39.46073673755957,39.522890483118786,39.45806838431164,39.50028361894476,39.30507771243761,39.490581960838576,39.48269818128163,39.540489505111175,39.44310907621215,39.49567693268409,39.45162141443616,39.51750342185099,39.422449194510975,39.52091239985123,38.990138315506634,39.525631825035596,39.51280204682192,39.54141658180553,39.48087246322636,39.53048332479937,39.565562126678046,39.55836999897209,39.63115551928334,39.03891944847363,39.5366300749188,39.54654555754432,39.50753355176738,39.52806024639663,39.55601374469894,39.544281158519155,39.545292421086224,39.56043268531816,39.56263861298422,38.76614515970311,39.59597769642936,39.0984989463121,38.86134637890013,39.63080472699285,33.300474939204626,39.58611906239063,39.55669256196736,39.55316104541294,39.58468015850647,39.45432300791582,39.57224184192323,39.43967354685231,39.35026709253557,39.424429074615496,39.60732750840011,39.63526466599193,39.58803090707042,39.57056855384153,39.573875427534254,39.584325166238656,39.60205287623941,39.62315968485952,39.64703566735754,39.53505788145938,39.61428818500193,39.5167837562099,39.64285153657743,39.596779140958105,39.58815243154118,39.585928204993834,39.587301663929686,39.59045211586841,39.54739028374289,39.57150735126398,39.57772422051436,39.52868377948937,39.61055641253757,37.29074887497075,39.65966310664974,39.62656688002049,39.65018400435105,39.67088319168591,39.67569240542929,39.607009140780846,39.59042912655353,39.66431483576498,39.38172208353414,39.520096257047456,39.55893879561524,39.57732560141768,38.762987492783346,39.59007655305449,39.573839465355974,39.51681423354913,39.149792753857405,39.55947573771593,39.59316646270425,39.57985194942086,39.52489136422167,39.60475094625342,39.56683325920216,39.57443932092728,39.420717754270925,39.57901476728085,39.610113403114134,39.54907260846885,39.62116837594862,39.52555226825264,39.610033914245406,39.557245796225914,39.577204821184985,39.55501418804756,36.23596336632265,39.652000332937035,39.65427353340256,39.64238271490557,39.63063409061482,39.57606315940985,39.609544493754534,39.64493651697979,39.65745532080425,38.896313461438226,39.62815494668709,39.68840814695043,39.67045909686062,39.614712195020005,39.64701168058513,39.53041420092506,39.637190461119296,39.61243582326629,39.69454205704292,39.74092102201821,39.642022420379575,39.67224594845775,39.61153068227332,39.69009329774596,39.70835166233202,37.24303561015786,39.65105605725793,39.63027444146422,39.20461758013933,39.65933204061176,39.65523018243683,38.24161635140802,39.518743621855805,39.71878782962595,39.641962945998515,37.94035263438125,39.65964339473038,39.653280369990256,39.66184461653723,39.68556306306002,39.68087826227867,39.693019416287925,39.639943198292386,39.700414683822316,39.68000634411793,39.64816821133281,39.68074565437655,39.600218860660185,39.57330702440291,39.704853868297434,39.684634496654,39.680565991022604,39.598564207013894,39.71024086905676,39.67420840525448,39.60090422646027,39.68037684600206,39.29180597427205,39.79128714206118,39.68664125822322,39.78968567278075,39.7711592323645,39.70640060292461,39.72126317304816,38.26753064621579,39.76181483627615,39.79581006160058,37.91895135707953,39.603555922685544,39.71753755174348,39.76383287382623,39.80692942915311,39.72152368591928,39.75226006408175,39.71072633946272,39.70139535139936,39.707467246698236,39.66314492462916,39.7107890063414,38.99145071731821,39.72770724257138,39.739981156329236,39.72029160423276,39.740951569837335,39.80790608286878,39.82440258103392,39.774755744092225,39.800429568356215,39.873546150138985,39.80371391040563,39.79895317286753,39.73282968824269,39.8078931576653,39.80353916380686,39.71582696251769,39.740767061342794,39.768767195559825,35.681357870840095,39.75960791465507,39.76642468530914,39.74498300084685,39.6093394183796,39.72704835468874,39.77713644387458,39.7612622999865,39.76871331964621,36.401674626290635,39.76347870361423,39.761858075264065,39.78165978446727,39.74001493825357,39.76458093638748,39.600210191126905,39.76241690762237,39.77709525934935,39.75700621433066,39.801121215360766,39.72140624135084,38.43766895797211,39.81579395153827,39.81092728906253,38.00396201448601,39.78832048965929,39.74280676971725,39.78411206698625,39.77747979469465,36.76758682241586,39.751470500823544,39.803927893711055,37.65097894680631,39.69234474751235,39.80920818019072,39.74269015536979,39.76532066100301,39.782156782034114,39.69025550840515,39.68243340029966,39.75887656789878,39.78316307794972,39.6633220019815,39.819913027784196,39.67400481362555,39.77664200583814,39.06043142108647,39.81612807310406,39.82381577722879,39.780441920982625,39.74945651012824,38.1207586122075,39.811009088832265,39.79823207229407,34.63846833633804,39.79818839665777,39.83560536368669,39.82039783752179,39.7216379187453,39.80449456507645,39.67611236409259,39.75379424110447,39.12741236663387,38.54761773079657,39.72685689570735,39.82401630670266,39.787714881112194,39.7396748356345,39.75781180018344,38.54535330789364,39.800539691824774,39.81996359879095,39.81049231064538,38.66824458032945,39.82235612079677,39.812474490644256,39.806871183248106,39.793597543779484,39.950356714723114,39.980538089381625,39.89948759285082,39.95605851044524,39.87701613906882,39.886446271941374,39.95412704249018,39.9513022588313,39.88150222644649,39.8033084327905,39.84812275731358,39.82128605225515,39.78041042927881,39.7686096624833,39.89693371487019,39.83208647174829,39.81239021016191,35.83826253978882,39.90847221215015,39.85649306226889,39.83244161933412,39.881045710377705,39.785692501342346,39.88865537105125,39.78720817877017,39.84431153991717,39.93256039799976,39.88446700632602,39.956947909751,39.879726222188744,39.9242747064329,39.829278687795004,39.94845250760886,39.93625251129972,39.92106432970394,39.90257620405097,38.250949254773026,39.97337300442466,39.95311557296809,39.90050623615786,39.95565664548957,39.912449402693525,39.96331654887103,39.99529179200078,39.97256105849265,40.01403558912248,39.93320280735032,38.04605613184126,39.935948615543445,39.82872403288817,39.92672218500471,39.941516132592135,39.997771423064265,40.006420764178294,40.03496169539074,39.8389614561424,39.91486437690532,40.00070472676033,39.96506564753283,39.918913071920116,39.970878902884905,39.96913815666957,36.96596287329762,39.97851315422032,39.96079940860699,39.955227444834016,40.025985036257254,40.03381636714481,39.94914232604747,40.01806331335184,39.98518279414609,39.94876195741573,40.0487162063843,40.028934271705864,39.90590470677163,39.95202873881804,39.94689474489522,40.104289556569626,40.05671778571058,40.11151205349648,40.02959679143319,40.05815826037806,37.499039639432596,40.02384876511338,40.00116176711571,40.07083921244619,39.96088436250491,40.072966945902046,40.010873084873104,40.02856579367112,40.069636441870244,40.01197887090317,40.054528123510345,40.01626311197146,40.036372961707436,40.078102246843216,40.06089271399806,40.07050975080034,40.06328780665587,40.03648356966605,40.015546198449016,40.05879539751621,39.98489236837961,40.09142104231379,40.041041322048706,40.0583352985592,40.07758164208827,40.07173283613318,40.049381520113414,40.06255011678854,40.00086509562084,40.02070167700305,40.0420730682762,40.088260613296846,40.03903374944421,39.97178145472853,40.07638931351696,40.079142264886784,40.05185342131177,40.14117110423315,39.994552637432,40.10436671104596,40.071147065203036,40.09254462832128,40.02718650782679,40.098946809297104,40.089896239522574,40.04637515598733,40.122050872854835,40.11790831873399,39.97621433460811,40.05062572050623,40.029638221522916,40.06946875725412,40.06812256882086,39.984375126922465,39.93946952797661,39.97204783897508,40.03929616141298,40.10542401203966,40.009392022471026,40.07531776052881,40.061428101127255,40.07735794156844,40.07287321823475,40.001352228806184,40.010780421789015,40.13375842634097,40.045350934930376,40.094192315993105,40.08487829712253,40.07419489720031,40.13617001331039,40.022826449006395,40.098623939487,40.06850283888753,40.07344304346383,40.07545479661722,40.021994843933264,40.06296084050154,40.163252983872525,40.0087150167599,40.10625663232855,40.06445271708892,40.1483793056941,40.14288514791015,40.14805892802818,40.23111844532504,40.13379919820532,40.088219672266625,40.1524281068411,40.0515953426009,40.11352565302448,40.15411978088573,40.085779118817534,40.10615935472182,40.11975074117589,40.12095940981058,40.132003875533634,40.12414911947541,40.11750202446901,40.11204811288855,40.137699442903944,40.07065390292627,40.05394787035331,40.11082485072112,39.774654312099315,40.13484521921955,40.13412213346205,40.17405690165802,40.09086040220381,40.11351512532999,40.16662096784169,40.178299940257915,40.11321945938866,40.13955872355201,40.17093756870349,40.18206995707434,39.124232118347926,40.19488335128412,40.209388466131415,40.27736740241406,40.16051970950834,40.255490882133024,40.16032183458365,40.25736174427809,40.23313395929512,40.241768254878664,40.20022862400314,40.1539442723441,40.21253825912243,40.19782403972899,40.18513706484952,40.16789544147487,40.16654729523092,40.22530429085621,39.90692298717222,40.211559348063716,40.25308699735649,40.21191236750822,40.21734267594214,40.245169400091854,40.22183580764437,40.26742619378531,40.26085053790998,40.26079609807887,40.241483564842476,40.259535864917865,40.29718984807388,40.23275381859272,40.29689465611307,40.332288849823,40.24956765828215,40.16558304516586,40.26931291838733,40.24687825080546,40.2264225834815,40.21122649000329,40.26357997262816,40.24978091764497,40.23010536908316,40.22832589248846,40.216055255632035,40.34016413963815,40.3045054317216,40.26544500524864,40.27913050598307,40.25198044813888,40.28178603075045,40.305450166301746,40.25287860789416,40.226833758376316,40.26396482354036,40.227225704745315,38.65715715621675,40.250363475635346,40.27998587323918,40.287157809753865,40.33165571980446,40.245358036519875,40.33297837193477,40.27242713367941,39.08836203021204,40.3180778241625,39.64073535432603,40.23590068155509,40.275550458182195,40.252775059094716,39.83849531082515,40.240474538004065,40.28078034201988,40.235531357475246,40.275730624798,40.324337077300136,40.305908377082545,40.2370687610069,40.2975904724656,40.31528142407576,40.29589498661215,40.30094277781465,40.33494078400199,40.39246058803701,39.47197094166968,40.33994668145045,40.32381312714565,40.27498363202787,40.430717529055705,40.291584064243686,40.3199111242453,40.32390120733415,40.31904528363687,40.364458085860754,40.30081981807712,40.31958684725216,40.322652073228895,40.3239604170791,40.26051206238275,40.37206139525841,40.260625153460616,40.27925863537019,40.36061018840615,40.38622206815027,40.29399588996355,40.373326179646156,40.35532780272204,40.36978213777525,40.26158263810095,40.2453248763204,40.30060382820806,40.28660925726733,40.30273456404449,40.20934315400543,39.91157689998333,40.30474239965494,40.311836161266434,40.228545024503475,40.32304431939672,38.63945980568872,40.3724516263764,40.33940410798176,40.28252718020879,40.284101393798096,40.28062668514452,40.22118989683804,40.30446093979316,40.403438751034116,40.00991647507793,40.46403186760048,40.39715343063021,40.409511476516506,40.35934067406153,40.50443723312779,40.41675327907749,39.293402368330845,40.41684082028911,40.44091744488634,40.431009531850144,37.60579472146292,40.48918828277442,40.42446956096961,40.35998601152664,40.408564465633724,39.76365026102198,40.34081214071915,40.3418994787211,40.35282924432367,40.37970392451618,40.26525354487474,40.359314468471496,40.3976053289852,40.41498621212217,40.35001774292607,40.315157361314434,40.405063323216496,40.34734274467619,40.38300449553735,40.425058723298974,40.39711368250227,40.31838623728276,40.42589532720897,40.33454471675015,40.35118799581726,40.41639369946509,40.467625335444474,40.38119325716079,40.43420317566933,40.375481220592306,40.35944020644806,40.42202920392425,40.39386899720425,40.34908882393653,39.47347867070911,39.500538735602206,39.25546019998515,40.33311930427851,40.355630311268776,40.44121448870423,40.39975540500955,40.37747407959986,38.26366214825871,40.41977289071231,40.36900279525885,40.30876217480292,40.48884221795673,40.320013771686405,38.04037696218881,40.43714325399351,40.45934424967467,40.42978448167233,40.445524743679655,40.418433176969096,40.39097116724889,40.396522387983424,40.49276214459125,40.43541328414426,40.37842499590343,40.43631446730619,40.35624752234501,40.408414359344356,40.494707928663196,40.45208762901693,40.40254764657786,40.44187662176233,40.464494924631545,40.38977380987128,40.49543867934356,40.44368634960133,40.417255162642995,40.501043960281365,40.53089679131778,40.4253041313604,39.368361789075294,40.497072799704014,40.46469212737047,40.52216046583216,40.48928162591462,40.396502726409935,40.52747174449622,40.48108555941325,40.50446614354361,40.48649728476075,40.41134169937788,40.47878563628518,40.51981743035342,40.52141856775186,40.49670754384344,40.49627447754427,40.41428954605305,40.49224640364373,40.45882930631311,40.439941524732966,40.42626002049238,40.40282153515608,40.39582646571708,40.39758907411137,40.441853988221524,40.40153622592262,38.63351746698196,40.4307414789604,40.44050587980169,40.46678583897692,40.12863949694615,40.366355335274434,39.56178514791962,40.154946214405726,36.95413160452552,40.474471778782146,40.46298838871954,39.57886060912714,39.14783702356459,40.455838940000596,40.479074778255814,40.47783520022035,40.44568913823286,39.86004187322093,33.33535250970303,40.47068258713405,40.52642585093712,40.532708760561235,40.17646158977081,40.5066352083519,40.53444730677603,40.51542504385273,38.757324322103074,40.485566319668685,40.559254413156616,40.4786726021326,40.464170415428654,40.48645647683445,40.522548912662586,40.50871920960791,40.53499723052475,40.53467155589881,40.525046657888495,40.53432663101759,40.56266977394656,40.4673998209732,40.55859862700529,40.60855902137521,40.54765687283036,40.65329981665528,40.54446859427203,39.66588488871634,40.61746745036225,40.582106656543985,40.57718968985622,40.54699319671923,40.157623214301196,39.282598998435404,40.44239309566124,40.53120586651737,40.55737024153393,40.45140261749829,40.48029093057695,40.472146643700746,40.482885188514516,40.48823363016643,40.46130886448573,40.46078716038645,39.285289199518786,40.53830110324459,40.5528526607686,39.632391856752115,40.5134061979411,40.563689681308716,40.58940204941903,40.54230262493243,40.550196242406656,40.51325480256108,40.55673871948431,40.546445555965136,40.51270407247763,40.54910294732922,40.50807372539669,40.47218423375085,40.47164186474338,40.42405366021039,40.49781159193321,40.488943377439234,40.511297398676646,40.497303963665594,40.53755310935686,40.53771302042236,40.51310150234041,40.491939698524455,40.47340505591401,40.55900758130583,36.831578346895164,40.54459103899656,40.5383490178968,40.54507522294947,40.473145453310885,40.575691444368715,40.61579349891313,40.541947063130216,40.6056985147627,40.54480404632415,40.64764079798827,40.58970312077477,40.65326697918203,40.05771684201998,40.57452241767007,40.571844126037824,39.77838834915939,40.637773883842236,40.61537889057285,40.40999545952698,40.599774842153934,40.600539278378854,40.47478335277085,40.508529365507776,40.43224962899829,40.4712994310853,40.48194955813202,40.566890700081096,40.51703233966965,40.48261445147551,40.57257687314754,40.5506869058177,40.58299294131936,40.55738369778757,40.57802838417266,40.53488421403754,40.57878924840032,40.55188177722143,40.584429904630014,37.45899960776997,40.64070758782781,40.54145976243756,40.611667244572985,40.56761647243248,40.19511758314235,40.58277848896346,39.75071695236969,40.61195156148016,40.63019266460832,40.61195507439238,40.65928562042126,40.60289777586796,40.60058037705316,40.53827111659484,40.60399340750045,40.68081171490552,40.570674022624964,40.28114568008181,40.588491083151084,40.61079914490003,40.46913102351864,40.141168773591914,36.51369840357985,40.00695257387906,40.57039313710126,40.59113442340197,40.5265894594771,40.565763726010864,40.56825662073719,40.61831872671728,40.596015743001765,40.67853604889744,40.493220619393554,40.612374093350084,40.64251657558497,40.54555197393702,40.688266647716794,40.55796882108678,40.45842310064804,40.67640972266111,38.255747285240886,40.63234557111151,40.56282802724532,40.51942134160586,40.58997563805528,39.561796039344756,40.60168499793166,40.54705727864204,40.56235128989731,40.52924098749733,40.484071775152245,40.55912613524429,40.57116040249527,40.59325686556418,40.52299202560269,40.50408315138698,40.530181340185,40.521950229259545,40.491539979755665,40.52463117752179,40.56028068512861,40.61632764689271,40.51525999237049,40.156173904618456,40.57654284292458,40.5485405840614,40.537901655865895,40.6836800500505,40.583616729794365,40.59483826532651,40.64078798133637,40.59854234165125,40.599018061058,40.55225426386719,40.59673825422257,40.54991058932764,40.59066461685959,40.59045886771727,40.54944966997674,40.53619219594687,40.61721252113087,40.46794895041753,40.560472543594436,40.496860069458975,40.5125662554872,40.543558195972544,40.526113049027245,40.54995584996554,40.53153929955424,40.53684706571336,40.5828155975386,40.58518413741299,40.5448892179715,40.514495825579786,40.59553002003483,40.5301451032993,40.531644947951925,40.581737712066804,40.60472020577674,40.5483400326779,40.53775645317955,40.59343445214455,40.562188362954075,40.549324770481796,40.56893309387047,40.5594602712287,40.574046799806986,40.57597464533625,40.62770352274383,40.6559186873751,40.58410923105822,40.60418093061763,40.60476028038105,40.51760485598673,39.824922041506426,40.60897982075828,40.59174790711632,40.618664694464954,39.97363436479945,40.52530055292678,37.770410153009195,40.53731021161683,40.61098641875482,40.5136225174118,40.54422191344924,40.56679320585169,40.57553970037248,39.6992921165955,40.56598752228681,40.54367750891789,40.55211225812429,38.764654706397316,40.59248732549958,39.875677446955144,40.52516390482896,40.56742491887269,40.54034748361944,40.491510159551304,40.530902231951934,40.557038107405944,39.992743713893766,39.74671687378549,40.51126614171465,38.90879399053117,40.574642991903936,40.59958932213799,40.53335522002202,40.56389643720535,40.66185330729139,40.61684562187187,40.59797591577993,40.62941651862255,40.63520240570854,40.57777512974789,40.62390662007154,40.625638527894615,40.58324513668265,40.564725080594364,40.65194524201379,40.596349433440174,40.596077640583786,39.91421752735932,40.596757019482105,40.64673185864864,40.605560254375206,40.63940955029872,40.59424596547334,40.67918414541548,40.609794503811806,40.63626895246871,40.59306598795639,40.63193517805419,40.69099148309427,40.660436519230686,40.62918075746134,38.490651335217024,40.63287060322902,40.71253925316827,40.63280571792564,40.659197784532324,40.65762047000674,40.64650161790399,40.684963787698344,40.66316916899244,40.36242387074485,40.630620312306334,40.63281783825642,40.632642810675634,40.62826939083351,40.68623721529344,40.710800920437066,40.73674603250284,40.698587887675295,40.665275104863966,40.64981958775824,40.63491040358336,40.60228440082831,40.60436200399643,40.61175079047899,40.62985627844073,40.65782402056458,40.58562140380641,40.622361846021654,40.594898351622916,40.606740710905314,40.68792169087439,39.61991727781035,40.676344731371806,40.57172508047521,40.56682386771314,40.62638483126118,40.66365429250234,40.672717343486894,40.66211009308638,40.681748047663774,40.65817068700643,40.60464332144536,40.65519919231784,40.62436359502131,40.6467640681292,40.59358724394946,40.725091663835414,40.65606206527613,40.678268720757984,40.59600713391361,39.68853778989872,40.59991469082347,40.61030363287036,40.636764347497085,40.59987676435025,40.60677344355998,40.63607764774141,40.6238002264749,40.62593166752848,40.62376855745386,40.6229246473175,40.72413800397298,40.68391790975868,39.638015015252314,40.688111839611224,40.662310599797536,40.64582585611579,40.691365359047246,40.628374984775384,40.67588336961999,40.64176159129764,40.70238411271234,40.6551210204732,40.647999035113585,40.69796644055099,40.69849197126068,40.64624343376888,40.64976207325104,40.66131436179627,39.95040805199817,40.72654754836023,40.6152755776507,40.68551230223936,40.61605149994159,40.68705997988573,40.68438080357863,40.66810459700079,40.14608796957921,40.674831121904035,38.166652105446964,40.67007056609084,40.59773224212527,40.6742686710982,40.732047398051925,40.71874035076949,40.60988825375099,40.67738491558873,40.577098452595145,40.69516269071262,40.632324880273295,40.65512212573499,40.59892610547317,39.04549769492598,40.614396939489005,40.6091241541006,40.67444353424419,40.588330005228705,40.57897157255408,40.584748106233974,40.55132131516028,40.51317935940486,40.70080736637449,40.581773477149156,40.596207014559184,40.59032620626754,40.59397483603239,40.55098306800334,40.600485045795516,40.6347201264489,40.541834400884134,40.5679011632051,40.54543752747303,40.559900144166726,40.21854322433594,40.553683383974914,40.54995942953743,40.55281528293686,40.57663685124587,40.5461503956211,40.593576731874826,40.58329566321338,40.57929937816896,40.53877735203223,40.11423681264305,40.65152870937341,40.67658258154181,40.65475824003587,40.63452638074672,40.5095725478117,40.61544347609881,40.61998549522228,40.579822446167164,40.529070211068536,40.58900876597167,40.60565983029574,40.62943895713648,40.68318698194967,40.690698737565455,40.68794426462031,40.62970508529954,40.64561254659253,40.64945222048962,40.62151614762528,40.61791013007502,40.57394337081219,40.64419996435818,40.620271509315856,40.66319577710961,40.664183019025636,40.630137791244266,40.67234199176675,40.65238305940238,40.57962246625152,40.57807490756365,40.624567118122144,40.59207652298371,40.61925969374598,40.664521063086966,40.59657502996395,40.65763592232605,40.66287082413125,40.70670622553267,37.487966811172186,40.652076524658284,40.64232085344498,39.8757682350966,40.72485886869287,40.63564653058794,40.61931168991349,40.64402070638815,40.65437774791449,40.69682644476068,40.68891301579439,40.67966324147024,40.7077788229271,40.71722439333391,40.713127625756215,40.7387959857667,40.7696204213253,40.67109987300424,40.717991900029446,40.72054391113835,40.677365661403755,40.72710927013761,40.704458956941295,40.64668556542099,40.65261661704264,40.7123427715017,40.70925779019987,40.69349087737863,40.720930641432176,40.691082823719924,40.78065623296026,40.813983470398014,38.699235223219624,40.691895109155105,40.64494769830287,40.73251337956498,40.64849532883063,39.17911761680926,40.67298477000606,40.66263874397356,40.70919858096895,40.70144290715948,40.69698398454561,40.65214430778318,40.74915248812881,40.736781734271815,40.692731487659515,40.74909639661474,40.72167467514823,40.74834087867646,40.752180065151734,40.67303187853809,40.68079277447588,40.79414826072316,40.69457506606163,40.730557579365566,40.754877069204596,40.63315699919424,40.663025136746626,40.62419907143003,40.69386417282622,40.65550344237725,40.699201821533876,40.65338722074805,40.63540198256027,40.64980086878196,40.69705610331023,40.6117398755345,40.71196483156355,40.7511611199199,40.698104752009954,40.737932507364924,40.80448680453774,40.75809246664478,38.93799123715743,40.728826748785224,40.7250507806618,40.7549080474511,40.76453840942444,40.73009392294844,40.74138660901506,40.72572368521425,37.706809816747494,40.675096609581836,40.65741995436675,40.68319341738757,40.725314904443536,40.70728795422056,40.685406493609186,40.71177869459964,40.653201099281446,40.60517587561662,40.68190509491977,40.69276950068565,40.644339242609355,40.69841707614783,40.72120096715174,40.692450822321305,40.71573743036763,40.719994484942355,40.6906629395098,40.79512923871675,40.71059155344722,40.80918574095867,40.69329233718403,40.77159124917458,40.73987625837856,40.74130030588198,40.77229639525216,40.743254134499914,40.662201510007236,40.75282326696605,40.76519856840857,40.81732169667515,40.80930618816576,40.72180963367159,40.7612164382621,40.702702646607214,40.71353393580805,40.74892297669639,40.814238825742024,40.74357370455361,40.76561081642735,40.74994822614022,40.745267003471355,39.79625098506099,40.76825279587376,40.723201530608655,40.71722030895903,40.71712236739219,40.72593223850537,40.75600035319286,40.79185510460759,40.77432136138411,40.72475845546315,40.78325771312689,40.698196114287214,40.66618385626586,40.78411763366517,40.72851984411396,40.790800996289356,40.750522723877275,40.707892247112994,40.730153732917664,40.70426920044969,40.71991369782805,40.726249846408514,40.70105224746921,40.7030787704933,40.68200647311474,40.71586261739378,40.745814807518215,40.725206712579364,40.82276438541867,40.7999693360018,40.72432829638086,40.76003030695217,40.70409134673874,40.74189560383519,40.69194873117446,40.69963398499768,39.85208198462019,40.785483179274486,40.76923777207537,39.78893361476005,40.723139271824586,40.752711745661614,40.739624635547884,40.76750254874792,40.72365230458108,40.69229816839278,40.722914300563204,40.43942927204636,40.67406930026413,40.68140581712647,40.751646077985626,40.70807983600003,40.7132437242508,40.211335391216615,40.64459209319116,40.64193687182388,40.65969774102959,40.64526086711946,40.6289077298145,40.65068974700778,40.66111795905842,40.74757329312636,40.72990927487551,40.71684539001925,40.69928030936628,40.71443670023767,40.72945259292862,40.74359124368001,40.710929386718675,40.7105577095275,40.728447212437146,40.70473602635786,40.78960362151289,40.75380726067625,40.76267310462539,40.727163927303366,40.793384445608055,40.818627635407914,40.771166583555996,40.71941037491627,40.847014619170174,39.71439371220135,40.48176767059667,40.84045540165795,40.76561167533006,40.7426690798118,40.72803666199071,40.8229935145192,40.693704639067484,40.758120341801,40.70515759400454,40.76418399886625,40.676680014387046,39.761721830131066,40.74922939610213,40.756046820918414,40.79670670159853,40.754977247264314,40.69126685213896,40.733701516955065,40.70652993619966,40.69984364754189,40.698163830902615,40.72608116454071,40.750474616243835,40.70341977342795,40.81184329057852,40.72915958308313,40.795532275925865,40.73148693249989,40.80432030208448,40.75825448096543,40.78708175608151,40.80664676724422,40.75085325120228,40.797704484721415,40.85982594716093,40.75550787707314,40.83841990141847,40.79961813065115,40.79485769046483,40.88231855797413,40.84456740038018,40.84500766335493,40.81773238483632,40.54035745527583,39.276953566155676,40.73390747674014,40.73934878417629,40.776474578504015,40.78240850721729,40.762136229049545,40.76527182030321,40.715464961983905,40.774936542753764,40.81580567088467,40.77800904382766,40.71129819573926,40.75681193048531,40.23806705193624,40.75988407066478,40.76929345074762,40.79525953717917,40.7786049631668,40.799483108378894,40.74864504206808,40.75331635721067,40.800417305870226,40.76030028796847,40.81654543170851,40.76331651552511,40.80197665036721,40.74527851588052,40.76168292644715,40.77956867883812,40.754319527598994,40.833136009243646,40.769556070910205,40.734983839070836,40.78199977803375,40.75038330616533,40.7543259450825,40.762916228056966,40.79120883884917,40.76042253368737,40.80840717648907,40.83155593755895,40.80767326815506,40.85569330563996,40.79033912759112,40.809470597331135,40.85623507880159,40.90386602140212,39.19051837632988,40.81914067467772,40.798626527553246,40.835986010699486,40.82265683258287,40.88732020153099,40.865945003982034,40.84057710025586,40.83400578437898,40.79842659062192,40.84103012178656,40.90935830234892,40.1128939538121,40.75915378125289,40.8490754038353,40.832359995278715,40.80060807464863,40.86481734165559,40.85144478065159,40.812660836677445,39.15829795307236,40.851087209071395,40.74729386648929,40.855883570274386,40.833854094735386,40.84924422521466,40.818364437791566,40.753449681982694,40.77757524406374,40.81345172626419,40.9147247455472,40.84443665456491,40.78613661178648,40.04941738112378,40.83297423011039,40.840409958350726,40.77221266959586,40.80151270100681,40.7852384545941,40.75849367406442,38.84178351005094,40.76896104805032,40.80444679602184,40.73401477385823,40.793162934274335,40.78780933464766,40.77348678979813,40.53843955934793,40.777701973792226,40.082632633518614,40.830778902169556,40.82656012747171,40.798355833614835,38.9698653438163,40.83516945614616,40.846157286848026,40.810374801722176,40.81786979400591,40.74701539386868,40.83586641571039,40.769013635104315,40.75309893234785,40.77560312811073,40.743146403165184,40.7249868283412,40.38645244191661,40.82358853437788,40.85882936732638,40.8418225895131,40.8381945108142,40.82520478275346,40.54152883744363,40.825363419373936,40.83315289731977,40.72211667591694,40.80443678735577,40.77322762464506,40.865908544785675,40.79871466358198,40.846535283340806,40.80314395823556,40.84194747407154,40.825351084965185,40.88820090760754,35.642220940388384,40.78005923374055,40.80371297883978,40.8621384722205,40.85477303965226,40.89009618845579,40.76418303333406,40.826011009462285,40.841504464103494,40.79974626941316,40.404614917178975,40.82384701962309,40.798634764188314,40.94469404662844,40.83869482521211,40.73738010164899,40.841140315666046,40.832011893240114,40.8190314458641,40.80370976749331,40.761800655015605,40.698583897059414,40.73539156796729,40.820797646440354,40.77222126683025,40.77983828287293,40.78182075074247,40.79160196593248,40.78886125932121,40.82884898973209,40.806086683334435,40.84435676270898,40.79128953505925,40.808277149808816,40.879992649724045,40.78739656720688,40.80293583701523,40.847793751053565,38.63042247375261,40.79656513381144,40.85292437628638,40.77376028927524,38.61591166261879,40.83644983878521,40.7949304009446,40.78966656983257,40.853472770385785,40.80951964964812,40.80228587929026,40.820598795898604,40.87932224568283,40.9232698093368,40.82536214671981,40.80598621356609,40.826701450748125,40.92085525227274,40.80640328969279,40.83572177018388,40.8130673334569,40.85340012277024,40.892806357242776,39.84766467569471,40.84782901336369,40.75695492302557,40.87305807562143,40.76782557285481,40.84417202745641,40.86339767929122,40.808474460740086,40.872169248363306,40.825445725977126,40.79508788978333,40.7963381850944,40.789181767854124,40.35903783459398,40.28478716173242,40.752690032510586,40.83444921004429,40.872608290975194,40.800154495783424,40.71168640248974,40.75204230341125,40.773568359934025,40.82068678546365,40.82638568372584,40.77865078248878,40.74273302347066,40.81739807236078,40.80233491137226,40.80669422611332,40.780785993869365,40.83701998551752,40.88020587563652,40.88742312947169,40.81319992259055,40.87367775024256,40.850221710235886,40.796564735572794,40.887318585658086,40.83530296599231,40.822862798580566,40.975192353607106,40.938855380722785,40.88148407310265,40.898833302283165,40.84314778357695,40.849580706275745,40.895732475877615,40.87787891083501,40.88969209410429,40.91174417362386,40.85781079188415,40.86002934135894,40.93818710222051,40.863949243421885,40.937870634497756,40.631723480096156,40.8429503399043,40.90789199944895,40.90931433051614,40.780508467125244,40.90580648365687,40.844959007360856,40.781153163976896,40.86411352280357,39.83683761197562,40.90616562986765,40.87600329748705,40.8734254141259,40.938570957860634,40.89971057116441,40.92364592556789,40.898059062639184,40.89579440918605,40.8605444232455,40.88775405557791,40.855536298451646,40.84797979076792,40.86373998041268,40.85319749194471,40.85093744624019,40.82546572011595,40.935227706153604,40.8687550437772,40.85392017485786,40.902059646288784,37.957226512191234,40.87949717015717,40.865990848285726,40.951853216810626,40.858166596214424,40.974646125956475,40.93667308224975,40.83311018813831,40.95238806705397,40.94855158668025,40.87668718566212,40.892869923696004,40.85182936929188,40.514321839701395,40.83492535445823,40.26579886169608,40.88568506939775,40.928543293469986,40.864077970820574,40.88547413015349,40.88389645264631,39.60094260757619,40.870377137523114,40.9235383371942,40.87465753404118,40.88227364137808,39.61380204986406,40.74807279121052,40.74727657287465,40.806986869481506,40.82722676748104,40.868545080730115,40.819281857974964,40.82799747157983,40.84781373287561,40.832042042016674,39.972016113049456,40.852055464955725,40.78869891846644,40.820219181299855,40.833506632470915,40.12184515400792,40.804839029794465,40.766867499741956,40.80378283974922,40.8478879548804,40.86496462891669,40.845568548154105,40.80177776445709,40.82412128253481,40.871759836177645,40.89066168439629,39.93866644397686,40.80183535164371,40.58549478056785,40.89957085902617,39.57586979726396,40.905978029876536,40.92169497919778,40.89237040401909,40.854573849397816,40.954940566712196,40.930659725657044,40.867235752634144,40.86791286272978,40.85580615919814,39.81087407748613,40.905102540348274,39.823130399562274,40.9405397192042,40.832700118967374,40.86773501195025,40.877165626140574,40.85474842895801,40.5867452003578,40.875601194338536,40.83509974153545,40.80989237328954,40.90802634573301,40.83306622838137,40.74195386801543,40.81688005501592,40.80945775989295,40.78466045950342,40.86197423581756,40.89848267827419,40.89714201039506,40.800810193600185,40.2080378514257,40.83256379959478,40.87439081021494,40.839890196465866,40.785718770763246,40.88525532966894,39.28966534024384,40.85220452375475,40.78219322293514,40.834874357225246,40.816301257755896,40.914457626876896,40.87958185484608,40.90430513635224,40.97472282167255,40.93336069976781,39.18551976304153,40.88999661129,40.91209796275675,40.867581987065854,40.88701464300772,40.87830184070887,40.874643073823854,39.22262598118176,39.6425741513993,40.5888671327297,40.886558475324264,40.864679501453644,40.87064815272698,40.85094933924758,40.8964561831023,40.9077446588766,40.932739821108925,40.935877878934576,40.855703389277366,40.84825161030628,40.84470067863885,40.81517639027329,40.8214014827538,40.99362670934637,40.87847411574851,40.85407398750359,40.91509166456392,40.98181492193959,40.94820589224854,40.94595542656602,39.98662656699385,40.87056094981719,40.83621746172421,40.97788545825691,40.88510974092827,40.240298288578266,40.846272959228784,40.91589393695183,40.33532878660102,40.954516043395685,40.892672558205746,40.890458890369786,40.85522401241063,40.83098551867884,40.91777551603608,40.785180889331386,40.9040853902091,40.8392323187209,40.884153964800305,40.85886929354431,40.809013269585634,40.771900286743474,40.84189797135312,40.77237819957099,40.82206712431457,40.77530197538639,40.74931676647553,40.88028755409019,40.702711124328914,40.79534147617502,40.82930620901268,40.75268141351724,40.796226414022804,40.80680640041778,40.812258470875506,40.852515090385204,40.85701542486895,40.82423001968478,40.89066802360151,40.84182769326851,40.80838787182826,40.87539728834595,40.87823263038975,40.87378012869745,40.81906028670311,40.854648481301666,40.83958363774182,40.85945153586513,40.8722207646003,40.84388598658741,40.85390001913977,40.822614949548964,40.877678165030744,40.79313627046274,40.845778355223075,40.845774450250666,40.81004526175334,40.80393511680179,40.862417204739636,40.85028619314937,40.82734668879883,40.88001391550332,40.87766012607651,40.92405659539623,40.895613899793226,40.89161495818609,40.85208334495547,40.91903349692568,40.85492273774746,40.90804840309539,40.908143713459495,40.96932226883021,40.84245280159216,40.96505909404515,40.893118062356436,40.865434449138164,40.92814326445099,40.908690326999306,40.885583845393164,40.92020863393563,40.90833350865904,40.928171782855244,40.888026943786414,40.98858195895892,40.9522047894379,41.021152820408425,40.96700838774572,40.865438639908646,40.90319450777802,40.92681520980064,41.03703048501305,40.93724346223652,40.98307030295024,40.98684022064235,40.95403557131244,40.961618476176,41.02666450261402,40.94285670726949,40.929128689050884,40.96031845724036,40.31610240943159,40.97370075597171,40.94547168948874,40.94534978165693,40.945715290813155,40.93145348922307,40.674390171279285,40.98603932282055,40.927094544100434,40.92670198080913,40.91872383410077,40.97594451288329,40.97022862560031,40.96656859758801,40.89797466231772,40.93678245911583,40.92634257529935,40.904297862316206,40.68264332414778,41.00689548785447,40.97995716920091,40.97054030022163,40.99605882760679,38.02056429371727,40.911409696069974,40.872482271861685,40.97300482517075,40.9835700488692,39.241231071427826,40.92572296932189,40.96324107224251,40.92941750159716,40.950191627634226,40.929374643449876,40.88909871269574,40.94902458108208,40.265242307017836,40.89297083136907,39.80856039035759,40.912429029130706,40.93448600698248,40.964854311941565,40.93923403584352,40.88806193849081,40.97224894106295,40.94170289802268,40.90669423865857,40.90589820958891,40.93741909039054,40.912603648786146,40.92152362926286,40.14310499028829,40.967779863497455,40.90114684394096,40.91624240202535,40.89423929864789,40.9467943959495,40.95553230233038,40.89693915534402,40.97122484101479,40.89709995418812,40.96453959283296,40.962339452209164,40.93002925110358,40.9401033997987,40.133424268304495,40.89061776442121,40.1013424332943,40.88213450147788,40.89780395515487,40.95250046494629,40.83527820289287,40.980029450172154,40.966333755832565,40.929555798350584,40.91074032752346,40.91898028344437,40.92910161214146,40.97283029287792,40.895767252014146,41.00293553702899,40.92309238020906,40.914017585632,40.94702896558559,40.927827310160346,40.886194532933466,40.91448964058282,40.95374816603137,40.96649232647457,40.92453033121433,40.95059614241608,40.92231545423636,40.96382213451926,40.59499887656161,41.009448123321924,40.940407703368166,40.60502208141321,40.989977149851285,40.94644140567023,40.935639631503335,40.99043249634033,35.5923166755291,40.94076472608994,41.041350841589455,41.025512441099366,40.97761412927575,40.97268676766072,40.92394052771338,40.96815819811416,40.93107402053879,40.99986370799395,40.93324093671441,40.56777548405225,41.0206986358029,40.996268144656135,40.95139746129371,40.97448447037116,40.902430982904875,40.968772813581154,40.92954971718487,41.01480096114895,41.0379587899876,40.95740974334731,40.929188930984566,40.99298920178796,40.99638872976081,40.92382919207404,40.99713046271644,41.03880524863734,40.97625299198971,40.99725282973912,41.06507642276275,41.03744657234702,41.05900659730882,40.98218839998743,40.99704016565507,41.01103328052379,40.99850320599847,41.02152265299015,40.074314989254674,41.01176600082837,41.027339543744475,40.97824307032874,40.99322037378676,40.98257515533115,40.98956645230854,41.00177967179925,40.91824350121301,40.97558703548682,40.98421558014294,38.74914792859786,40.97994076831048,40.972889588562055,41.01936395113568,40.93676136421914,40.94457501928382,41.013526836952586,41.03014445845218,41.016518937615146,40.9894656308515,41.02061797957146,41.037141957543234,41.00776414688683,41.02344055530685,41.1078126163809,41.04318316781346,41.015586777647215,41.075487861021365,41.02033457805627,41.01368033834553,41.02312466719666,40.97754885282198,41.039842934900165,40.95054781499575,41.12641191578295,41.05815620736478,41.05233664564575,41.09212356911766,39.19232821159872,41.04832902541623,41.02675240513967,41.045119631646756,41.01282474963988,41.07260325631159,41.00272687535688,41.033332537779906,40.86384048230748,40.44242499816535,41.069553270791154,41.07232820174197,41.06915067308081,40.99886937223969,41.10483173311686,41.08917497452889,40.61603271945082,41.0919804519556,41.091969014827285,41.07335572409189,41.111148724683915,41.18484171395481,41.08514157424494,40.989276457352425,41.092150194384395,41.09163866713726,40.9887657219584,41.17332319527935,41.07142461063589,41.0611248705642,41.03328342698509,38.86599562491369,41.058060733965085,40.9862824609553,41.08923813726721,41.04245798326463,41.01914260321295,41.02770913804985,41.02567342939979,41.02254867605714,41.079434042689435,39.39016517239544,40.96470803152092,41.02921049056391,41.0036789515514,41.04504232631612,41.00912642185497,41.09274050871518,41.06310888046425,41.07623269388354,41.01670317036699,41.060434680299934,41.0753977626884,41.04099933182121,40.61921137021636,41.05565243999343,41.036691731430544,41.02034591452732,41.058876524846326,40.11125164329226,41.059359240589316,41.066228343020995,41.06859619291322,41.02954591661828,41.022030126517386,41.08175950938539,41.08549687349611,41.068028439155015,40.35770585717059,41.09876362112744,41.05647448187015,41.07782795765434,40.95499689784379,41.08884415702004,41.06432637036895,41.09499772410185,41.1011488186968,41.01616703225056,41.04353184888327,41.04423190392882,41.071249832851834,41.04549334907645,41.0489386545674,40.96430768069661,40.99479562894897,41.01627803198841,41.051120422695874,41.02057234603292,40.99509706799472,40.97449052517804,40.990274379699585,41.02432938441941,41.01997663438012,40.99086382874898,41.02612865811177,40.99104887199892,41.00916375618065,41.04295127261285,40.98640450041594,40.96244239937186,40.71569926787833,41.07891484187709,41.0705844691717,41.09789055955756,41.11497158296837,41.07124020529988,41.017837975077,41.0044636563959,40.98227301628051,41.010835084629065,40.99929439572256,40.99826868946553,40.98465943286617,40.995837505145566,41.0586274051264,41.07425043500984,41.052926412429855,41.0085316409323,41.102104896548326,41.026647007798346,41.07625475221727,41.04190366071316,41.10971889836004,41.08352080368596,41.024802493446295,41.04897671588819,39.926050918694074,38.39193149319037,41.00742468851499,41.04749419462856,41.059051844112176,41.03866749282426,41.04823463238872,41.05689005812445,40.9895440407606,41.053621890146324,41.11153785843937,41.102800392757274,41.16313475652325,41.046330691610194,41.02783338217248,41.040209557630305,41.07776741192635,41.085154332972095,41.07242129116085,41.095060473558696,41.081597437684685,41.05513761396392,39.76862271010088,41.049191523811324,41.067380931276276,41.05217172106611,41.008950378478154,41.14125218465002,40.99104312528351,41.07792787709901,41.03552150009763,41.00530415407355,41.07571861371892,40.955116580335,41.03914669071533,41.03175161973937,41.02555473222159,41.11258880904685,41.07245940382173,41.104033139053556,40.543560077679636,40.64777334395059,41.06948169921459,41.007166108615884,41.03292166795785,41.07345478073482,40.671511382104725,41.04285456843941,41.042632267044965,41.08823814030666,41.01984040791153,41.09449738331982,41.097913716843614,41.11584091714315,41.07823539137774,41.10394780096548,41.158872966829456,41.133979552538804,41.12609369338435,41.12127003187775,41.11534587438824,41.18674517458373,40.71768109190098,41.08364455103215,41.10332671209487,41.04191950989682,41.2332242898681,41.09805025753661,41.13755546605299,41.03307956059011,40.542473207072845,41.052242678735446,41.144813903718166,41.12500540105489,41.111212469006844,41.128475697969314,41.057570544630636,41.119006680898934,41.12836091594835,41.125588285796546,41.082420373263986,41.039099956188686,41.118401570004124,40.5457911237802,41.11754074025485,41.0863595331514,41.11081301121499,41.100580021663355,40.36273409650457,41.091796800800836,40.20911684167504,41.101129186343904,41.03761234164346,40.50120629683679,41.04836920691878,41.12637732258826,40.38496539402339,41.12736137345294,41.09859097278936,41.20077443953367,41.16780571996322,41.13150101963271,41.11889021073291,41.14625244726205,40.968626358046215,41.172888138512214,41.18141298852479,41.19593238716278,41.16036143769968,41.11305097157455,41.158238381171344,41.21404594788126,41.112737524436014,41.207113571950025,41.082033856491826,41.157996176477816,41.203393770987375,41.00685544750659,41.17349153951595,41.189942915342215,41.103374006194024,41.17923880182423,41.142757727968856,41.18440228570736,41.11600897384831,41.04965699870621,41.10635575883102,41.15889645013841,41.10038170539363,41.13665338476972,41.00998584814112,41.08383139552949,41.13899606535283,41.12534566815001,41.05188474796909,41.13782641485158,41.07554772867434,41.12281164177895,41.130389971531386,41.109291407898965,41.15013019023121,41.19817676024245,41.137352784363884,41.14044278891555,41.17776479235646,41.16399254005897,41.111432834812355,41.13948262662753,41.17690750570618,41.138583153560205,41.2171558172428,41.2229147453338,41.25401716030877,41.31229099896573,41.23969979144381,41.20837075461055,41.2840429025672,41.278908449005606,41.26460315401093,41.25470607404773,41.227735955464865,41.36661704160749,41.1296181288438,41.27578538306914,41.19357623765426,41.180261866430094,41.23411103369403,41.09818115149866,41.186030043384584,41.20914354520009,41.1622380222002,41.16408937093728,41.21289996198012,41.24038720042479,41.22655345206098,41.17433531622708,41.20264113915764,41.17192365739847,40.79327760338055,41.196046909815934,41.16964715311691,41.18159325154229,41.2366409565358,41.104664216662535,41.12495550115402,41.14518404058497,41.130264749483196,41.13613153794594,41.14155617790365,41.056998818069154,41.04644021867964,41.13605491560358,41.092659448171396,41.084752398781205,41.1101229779045,41.071125935068,41.08491233186835,41.05584587947487,41.13780076273959,41.027503957108,41.0846767565919,41.07460015501404,40.88909900537276,40.904164634379114,40.56306829475108,41.1366924973765,41.089057645081176,41.10698505618179,41.077674870307916,41.13412040676774,41.07927945383654,41.06525700151451,41.079093754648845,41.03347384578309,41.060266406715854,38.82325566649625,41.1010497270639,41.10122922571648,41.20504252424968,41.18981383301282,41.12431136117216,41.10593900298235,41.09557045191693,41.20028999561832,41.22287448773564,41.16795786361578,41.13579710020554,41.1532977028993,41.11386351009746,41.19666419314496,41.168013147955534,41.13909158329036,41.10024719358882,41.11494611257382,41.07421117116557,41.16597395950553,41.210391294261605,41.152640022937504,41.14312662585196,41.20849144565568,41.19225848599421,41.11281301322772,41.181236730459304,41.20267428658539,41.12814385765585,41.149710161419364,41.1418399536339,41.10359308993258,41.03763097353228,41.132482449213796,41.11398292229225,41.04374208461704,41.089437927832826,41.074420934962085,41.07786940546927,41.07777631572279,41.102510365168456,41.04544764966035,41.10758533476421,41.12204966913083,41.064877559791086,41.07748330544653,40.473018321418685,41.084790886291074,41.09285197444635,40.70314173749046,41.10855354906584,38.75581519042916,41.16205476201363,41.10572051672095,41.158363029822574,41.15028261985786,41.14734687865141,41.112902307251126,41.25199309314643,41.14260058275432,40.60958153004371,40.29561436425863,41.20850768444974,41.16180352800685,41.15846447704347,41.15139171767366,41.1001522008426,41.15133913486254,41.132524428225025,41.12523540042292,41.12764636119171,41.053156703517125,41.10706921385346,41.103273243140514,41.06907239980999,41.13929385999036,41.12497827027033,41.07568336657585,41.05798874245271,41.03686288986231,41.08953952463655,41.09979688272388,41.11033035276774,41.08354449490078,41.077023886874194,41.08944772175699,41.12860226289426,41.109551625524276,41.071008317774115,41.05730905284626,41.08465072433981,41.08237974722081,41.10110676594935,41.14698750591628,41.13640660926389,41.07390265949675,41.08111073909065,41.08144674690951,41.05519714497914,41.186525302524124,41.06886364114859,40.99000286964519,41.06983382757171,41.131829416177034,41.07134058654321,41.064303846415235,40.573615057739666,40.58194247102182,41.08928255504415,41.10172837117985,41.12213331723719,41.126035263536714,41.101498099148166,41.072532041859674,41.21093854592949,41.0433628969286,40.98379202588521,41.08272757982617,41.07960631831988,41.109152339382575,41.115911410543404,41.085484621313434,40.24546081197607,41.08647043384978,41.10849974762547,41.05540841643941,41.10612263802099,41.126525223921206,40.06708024597649,41.08356863653674,41.118567612514255,41.053427134940264,40.695931382561575,41.10244240081151,41.05640437960054,41.16151573524011,41.16579010693954,41.15890808784409,41.12490827008842,41.09224146245306,41.113982398825286,41.094592395138626,41.11104918020641,41.090883378116324,41.12017516725851,41.141755305891174,41.10122832392846,41.16358736985783,41.13800186927052,41.06558081737117,40.39360943957447,41.11417911697612,41.15451119498545,41.091771102819536,41.06450763074687,41.02518500113828,41.06268328774174,41.113173556887986,41.08918744258276,41.07791976516763,41.14748034072422,41.12302752022522,41.14593973059561,41.10566296901846,41.07612921391892,41.05587751114949,41.091737312734175,41.09250557508518,41.18390717523983,41.1757384705964,41.125530235238365,41.0525110897403,41.15035411168498,41.181754238089816,41.103596752320364,41.17066443217765,41.11961261058479,41.088316550946494,41.17615709962356,41.05352398008112,41.08345727286249,41.043448677361596,41.13193460509503,41.05702310554093,41.133250735092886,41.06947505606867,41.07338386495786,41.12260899413773,40.1519720713005,41.10641540011869,41.13084674137681,41.09016723409787,41.11040337622295,41.17645590979871,41.12998317758671,41.11770744027603,41.10716248947372,41.111582807320616,41.10585044541232,41.12795902558073,41.17963566811257,41.18902263907057,41.18245020715678,41.17425906534856,41.16658211087524,41.094533874858506,41.07397478677999,41.11582443993272,41.14645458565747,40.342264028684916,41.17581167142461,41.108269446125774,41.12797313146179,41.15447562656513,41.09928095337896,41.126464807362844,41.09550876653398,41.03936652250484,39.58703620502363,41.048395510970465,41.048895421195624,41.06736750538605,41.02872465927969,41.11908465082334,41.04235900057328,41.09585994436377,41.08684190413737,41.13027512634891,41.127504713248044,41.15048920565847,41.12252922032404,41.19780903675471,41.155735584603946,41.19999423658733,41.09797837880686,41.15466304698566,41.1834944368042,41.16116934406657,41.14868512416732,41.13357453311671,41.07588303816037,41.13471892248652,41.196252399914044,41.19724038631578,41.16419305744817,41.19301046028966,41.21338977244086,41.24932099192054,41.17431957593155,41.149894104764144,41.221847201114336,39.0844274852639,41.16136884504723,41.1438056934075,41.126972831708684,41.23965341915984,41.122296450268905,41.1148792604788,41.06621705574861,41.08215431434397,41.02756139766621,40.621624324602124,41.07715588203596,41.083498342591575,41.08173513627912,41.098067965988506,41.06684025717942,41.1313818219439,41.13094769826134,41.1608875007651,41.10561859946463,41.14713350533088,41.145337267247236,41.14590579059833,41.15962850629639,41.18108751742627,41.23778549005115,41.17357384727831,39.53381650491446,41.087772852799475,41.128470038447766,41.127720520634156,41.102552931469205,41.163827272424896,41.12580753015423,41.14326218479921,41.18859169430596,41.15805195835856,41.1412206787139,41.193415266649545,41.15084902480699,41.20026047501549,41.19401769853853,41.110649418882296,41.14764300613877,41.07963048628304,41.1959898553961,41.17172747255286,41.199942620577616,41.147041756037744,41.15307578101247,41.148414789628795,41.149767010225524,41.15020352339956,41.22885130987704,41.18469264382257,41.22176697943945,41.192936015496485,41.254920330790064,41.14214975821931,40.57369887863024,41.18822642246637,41.12170959638959,41.189142179167355,41.16107049892406,41.17719993616107,41.18105552261343,40.32827410368296,41.17745369607675,41.20075589358112,41.179574758342376,41.11121155225876,41.17284781067361,41.150208044020445,41.139660928205515,41.16686790208287,41.09762564495853,41.16927980374403,41.143237390877395,41.09019465860401,41.1509959157796,41.07280849922302,40.3082517250598,41.069967377550775,41.11367481832804,40.98653631491674,41.15365510328711,41.0553727235052,41.02854868388583,41.12181223877101,41.10637026356192,41.09162004896753,41.080876917826345,41.13664232854525,40.802513055417414,41.12094887364686,41.127613579232694,41.191321056383266,41.153049061518146,41.135125248758115,41.236555420777286,41.21553364075093,41.10837193244667,41.185999377554715,41.16251566917289,41.1858467927747,41.08356253774557,41.20603615297566,41.15607574768926,41.12527817405999,41.12530733221475,41.164005550156,41.16966257698168,39.761226439738095,41.18733299496008,41.17514872782201,41.13800120791965,40.99506236785503,41.27241463829264,41.12964231873781,41.00529264438659,40.797413208346995,41.27076381336143,41.159019009980966,41.142104438568325,41.20740460984667,41.149130892680404,41.12801507250656,41.13745253017268,41.15952090626538,41.16435593482314,41.139878545231575,40.25144487998553,41.18370770840913,41.194561827251725,41.158342011891236,41.15493058715467,40.67110042558317,41.178504414855944,41.18610950337559,41.139785321289786,41.12519124719938,41.13457628719471,41.139809250617766,40.35846250665148,41.09525696523275,41.1608475992175,41.163061335947894,41.161685902522315,41.16498043927241,41.17346367249684,41.13889257722677,40.849966612079676,41.113071105236855,41.14299770607729,41.13719232378842,41.14206933350166,41.201465761453726,41.18557785900962,41.06376562719368,41.14995980051114,41.20756523952098,41.21973028947163,41.217340948541214,41.19423799334999,41.19490946224508,41.11371941830927,41.16325352253895,41.175139961698186,41.22162663648931,41.20190576426989,41.24322183213344,41.2443020477154,41.22631255846415,41.21062567718508,41.22448104513883,41.23937714518235,41.24550783473858,41.2072740336334,40.61899575405546,41.231822703062605,41.252724536497055,41.23875805767821,41.1940730777751,39.64315532146616,41.30900809342765,41.219613402292254,41.28370062169288,41.27076567710153,41.205946735417456,41.20974404548485,41.19163790466994,41.291520581285475,41.23660757959647,41.20852495429394,41.25200147464397,41.27151082072819,39.969900046266936,41.229805536761916,40.70297123627432,41.265763622802126,40.78639007500339,41.27248056622322,41.28643259251891,41.244094462197566,41.278651630676556,41.2624753115958,41.27874991362668,41.23643984992552,41.12498246401335,41.27877504364096,41.33067853095773,41.25772786802889,41.323975858476906,41.27749457910302,41.25283246048682,41.2586328147276,41.16722107349379,41.197716687617266,41.226679315118155,41.2590616619759,41.2546695976939,41.193717468917,41.28682573250441,41.23618128718029,41.2701185968729,41.27338252394287,41.3291707802159,41.27551918048604,41.30978736261538,41.20012831768833,41.20185500230339,41.299963219220146,41.272734580576724,41.268368740181565,41.265090445529204,41.21377635048293,41.27849179955328,41.16952661769696,39.30703975988528,41.223936419246776,41.25488840791937,41.23067326736809,41.16476065785661,41.25349774323067,41.21368160327934,41.150881718396896,41.27034483616076,41.301971365384524,41.19768090886025,41.232572507500635,41.17959527456562,41.222185502808905,41.16172472823863,41.318689333763515,41.27598449534439,41.272018149047646,41.329954035308816,41.34711587143141,41.29358348330665,40.68665283277978,41.2600083705332,41.25423014959789,40.64552510875805,40.96465342419726,41.19411458524453,41.13708560635622,41.26601101534792,40.33885004360389,41.21349256573587,41.126270532241875,41.22085454090344,41.216509235763944,41.18903069787693,41.23562344638979,41.29331197280804,41.23906541177696,41.228265142351944,41.22351220330857,41.18350145063411,41.18875837869487,41.15951891192393,41.20547767602339,41.273010895849865,41.176128953001424,39.04981929298222,41.22150531647506,41.208118371535946,41.15982018031326,41.21733927394953,41.18113965794776,41.218839843064615,41.19495249894848,41.19054983019154,41.19979771577771,41.22355755632387,41.22814035860629,41.274643508267694,41.285509199002945,41.31116322119561,41.24754431496633,41.10981151629972,41.20050974042494,41.24410402645913,41.218932667591055,41.27024605400986,41.1972072043581,41.21067727057211,41.165704275553054,41.1714152028445,41.1835269490229,41.18404702396097,41.18949366331799,41.16624699203362,41.16800675228214,41.16952555401379,41.14106805142435,41.1080303449085,41.15244258427561,41.094858805568784,41.15555378951091,41.16831005105989,41.201838096161346,41.20953356198347,41.28959382886024,41.20127375909159,41.15250538964743,41.18405351431372,41.106513839155376,41.24773136212097,40.7196992900652,41.18212539201471,41.13537090168674,41.18101965034372,40.66537751001577,41.21742623883447,41.159286138975006,41.18694110253533,41.1530581598281,41.209157767391616,41.17896218540853,41.15865599040041,41.191008428825086,41.200604704408164,40.62216792274117,41.22189339377636,41.1614083540057,41.17096884349322,41.16135162432688,40.55602125789901,41.16359663988903,41.2189181590461,41.19660927347809,41.13728574081749,41.18772530683896,41.204353025641886,41.18854655697748,40.89457322474024,41.25248235250063,41.24803811598592,41.289604380464404,41.1974553299773,41.13330749164554,41.18137033314169,41.244558541051674,41.165019586111946,41.189438178184155,41.152064292719025,41.1632742134232,41.21220971849348,41.211092350795504,41.1503387170533,41.195073102386125,41.17764295020141,41.17939123609162,41.206542319760054,41.23296044808743,41.23824570598839,41.159109474168,41.23445572218872,41.132506306463284,41.227598226417264,41.170786421449186,41.14500835013222,41.26695587511208,41.141164872766716,41.199292310930325,41.20388286753938,41.22234852218721,41.15212122386589,41.27918379572309,41.17244515309519,41.27929319376854,41.234445618888145,41.282226959781134,41.21340495449089,41.23462388841492,41.18895875464259,40.4971788857704,41.166322553461406,41.19088178311056,41.21307231940622,41.25146139947649,41.222885020395864,41.14998865815044,41.14981806201061,41.217952942151335,41.19106433774275,41.165898379295385,41.181163976494446,41.19157719115626,41.174275609018544,41.18606455733009,41.22546531034819,41.183119817264604,41.197294027759234,41.15896648436631,41.1285459966093,40.036121327400984,41.23763351745576,41.223881166409,41.21196749743244,41.20805974765079,41.25108402204001,41.17520920220993,41.1904422985513,39.944176359754216,41.20427933125894,41.193278914476615,41.2846999701177,41.24635569831441,41.23818678923661,41.285759663103484,40.81162753995946,41.16703816087249,41.22873245338893,41.21366285718993,41.17892356663937,41.15923697901111,41.139634228666324,41.165562265451136,41.18924473864471,41.134342906457405,41.141211161345545,41.19318424382063,41.21176737107056,41.24287422774362,40.06055719362664,41.2223260317762,41.220611869724316,41.1570188599495,40.785283752767654,41.166993981362985,41.212393225725606,41.16211611043992,41.1160352346084,41.15565672540174,41.13967302329037,41.18326234062281,39.96480968802587,41.15981718593554,41.248956896924355,41.207893963670784,41.14963024210436,41.1963926359441,41.20274132646264,41.15666480964897,41.13018653152439,41.195650945534844,41.213976646192734,41.18029254348549,41.25010132988599,41.21358143632854,41.21817103931891,41.2316034304216,41.22351322195228,41.20624230811372,41.16412627330678,41.21056211399743,41.184002366546494,40.10371731255066,41.21515929570388,41.181661911183575,41.217174205725144,41.20046852424451,40.95664270988772,41.07088701594801,41.20717956704082,41.0670003107662,41.18422069084021,41.1928490910083,41.23868198227245,41.05744329469455,41.22332585620561,41.24674470495588,41.2228632779138,41.18507672263033,41.200932209049405,41.26664852929873,41.227490622991134,41.30067188810456,41.25752565015019,41.277941768362204,41.24640464251692,41.276417851709994,41.25699932351095,41.23133590894542,41.18395165294324,41.214047109298825,41.265226527295454,41.234718533846326,41.20692343078102,41.21186945792887,40.79089449749619,41.23207872254661,41.17169990127598,41.146775641299094,41.23244806269921,41.20890201014412,41.184778810712515,41.1705186302976,41.246376042383844,41.246150093276775,40.767092875284504,41.20339634310098,41.205350553963335,40.56120198360397,41.17841947066257,41.18532596048497,41.24624451876458,41.284979914183225,41.21821140099912,40.09931952273802,40.74542077497979,41.258727678385725,41.158976988320674,41.29522269355551,40.9398426123593,41.260087774057496,41.25007077464499,41.24305754664712,40.621821217911474,41.26443990184582,41.31275793326781,40.89045854295971,41.150881247896415,41.29440655505894,41.23752361481066,41.20668679197675,41.252408268394355,41.28243748457478,41.22183188756512,41.339419837112665,41.20945810708402,41.23828298344574,41.24569196693683,41.23773111151767,39.93999499487313,40.45912118871202,41.30101806869021,41.32773815578398,41.2724242109423,41.21252417411845,40.85900184253744,41.238439666465936,41.192737617975126,41.2292000447201,41.224976477079764,41.27863964048311,41.26647389477708,41.18422823967925,41.24129884954129,41.2293619545524,41.30041700877471,41.28822162668839,41.26469455477397,41.29905850811552,41.3756375979164,41.26235313463111,41.25723162249703,41.21863542092642,41.18317398097316,41.209447874843356,40.39678594384374,39.99072145925215,41.177410556447505,41.25497951878768,41.249912064574715,41.246933508258614,41.257966700054986,41.21550576152741,41.2737245910786,41.14455508287996,41.21896043392814,41.233393517214566,41.2849517317588,41.288295190504094,41.26511377800061,41.282243738689914,41.26523239415147,41.253841027667576,41.28475533193684,41.22486291525639,41.29180964062723,41.26663667887704,41.21915894432772,41.29191211641168,41.28596342460746,41.265771992957326,41.27954045999701,41.26152974927987,41.22566390392754,41.23897866507661,41.31828778426695,41.2628248164638,40.33784917885242,41.29284994538189,41.28129439608258,41.19978754890221,41.33406710786296,41.26711526789145,41.313775612360025,41.30032917586812,41.238570269929035,41.23769265171313,41.28646300081778,41.315248674135646,41.30307529501933,41.268213551183614,41.301033660436815,41.30754957879454,41.281979912117805,41.283468195288336,41.278122230649394,41.32085240507263,41.24272693085384,41.23735302989852,41.304134640341914,41.26815951398517,41.31941403512374,41.2594718067363,41.31274003080356,41.302696946049124,41.346669581119016,41.34308521728809,41.36536658862722,41.42614332410124,41.42405027733122,41.34449587305376,41.291190177130275,41.319136055119685,41.358656363943595,41.30711913900911,41.364769493218425,41.314473068969704,41.269640310507356,41.35532043260551,41.30469432102989,41.24208247192704,41.029703525943084,41.27460882813989,40.54748316948448,41.29531255396916,41.210062846110006,41.235857016598835,41.206861814311075,41.20957247582402,41.30012776730039,41.19895894558401,41.27736038348384,41.28906918064645,41.27861011869728,41.262321490349734,40.89620881966679,41.26566433908497,41.2250157928502,40.27005651245404,41.31364984854072,41.28351738733163,41.30911318780344,40.36461193186155,41.007722667102946,41.29528617249707,41.259538346734665,41.24080376719079,41.26951223668811,41.264014034789064,40.867979815307166,41.301519888780234,41.32454257476359,41.30552262238362,41.26258365777433,41.27671430514764,41.252302505262385,41.33635872267071,41.30470726572295,41.324950219110214,41.22796897796922,41.18953791513412,41.27932831754639,41.28430186082157,41.30641348494706,41.31500096140008,41.28647802049909,41.317777486547726,41.20360532525614,41.30533558573795,41.27905029121832,41.25801391946314,41.2689041115433,41.21949267503109,41.31725240505139,41.266581113685085,41.32718540178648,41.19970731005696,41.03417917482891,41.279277006361774,41.305540685606914,41.26992506192089,41.29338442979217,41.29356670966731,41.28906123920937,41.2529502356426,41.2953551728786,41.30846668176108,41.273757617118974,41.28089789442467,41.2292393308601,41.26400839570682,41.25763422069722,41.35427900453559,41.252296853410655,41.32444922030979,41.37275635388626,40.55201639468707,41.37361538348485,41.38167768102773,39.154397044938854,41.395169821919616,41.445884050559144,41.39543626527221,41.34365957721655,41.35505989212409,41.3667108172111,41.36223551302407,41.25645056109148,41.36079137859438,41.33188359439837,41.245908762384346,41.357361306851345,40.10446529848309,41.34376200800911,41.35976427612302,41.31775336430963,41.339524892664215,41.34915880410757,41.285527438153174,41.348350890836016,41.346076058160435,41.37504956759039,41.37109111475845,40.82436280156457,41.36156877729806,41.38094219131007,41.35602891412613,41.19326714658398,40.90889431964351,41.33664765440495,40.52487670084868,41.378873872782705,41.30962816401462,39.860059573757624,41.4147980623073,41.36835118785465,41.34657299659093,41.31763979203441,41.41168781170947,41.403628706699735,41.37690876254849,41.429041885657035,41.361972166874146,41.428359452622246,41.363705603164384,41.376855613320885,41.40843670649142,41.425073417100585,41.376430073041426,41.412783707392336,41.416774794543336,41.34730042842839,41.36847311084304,41.33972580341694,41.36657854872315,41.36644927030034,41.33003922148896,41.29962449924311,41.29054731857045,41.271485770696664,41.35353571905785,41.255939302299794,41.31535274850799,41.31486772991812,41.3451327759839,41.339780356604514,41.28671679949257,40.37312396143033,41.340899104381606,41.37225716489528,41.3934628535666,41.311057141712,40.53775836511745,41.33622997995315,41.372450659472186,41.33951359060241,41.30272409303624,41.23544484420705,41.32066170657063,41.32594793700332,41.30415658999038,41.268203539562485,41.327151334917225,41.306044563708504,41.34926482683647,41.34292662236566,41.40139071226787,41.335582723722034,41.39422864856477,41.39182890322815,41.42709192704929,41.34497559603668,41.341064172353,41.457613603339745,41.34012120376067,41.35661512457943,41.36011184417771,41.41728082601051,41.41455805059834,41.38289987829772,41.319057341650726,41.31511983325784,41.255574187505935,41.27883033388886,41.380920952543455,41.36054173312677,41.28892554811919,41.33407232266969,41.36626144245245,41.42234633735122,41.34735545531489,40.84586139532843,41.413831365947026,41.37275985545083,41.39634646704975,41.35094265228612,41.30657342120323,41.348842659429586,41.330142651428176,41.33449997493755,41.30803415348444,41.33771983137548,41.284076436758404,41.432654638538935,41.38119785492876,41.419294183966116,41.41630079882484,41.452200686891935,41.39115992041985,41.33126445838678,41.47151658245392,41.41230464901372,40.89616383982003,41.35344890025354,41.36634975988104,41.393430253574515,40.16792876571226,41.36335249860956,41.434438624225365,41.0855263919016,41.35677146232956,41.333069512005885,41.38285198045992,41.32689883049446,41.310740925068174,41.33590508252383,41.39511365228393,41.410432483457065,41.342153888898565,41.36489991170924,41.428371224055674,41.3753762578854,41.28620441990148,41.401539478708195,41.342478031410074,41.3515301520364,41.29564320177708,41.30270566377674,39.96269209796505,41.41135606027807,41.37169139655738,41.3695193483204,40.49170834288412,41.41475302750091,41.47045516674779,41.44087208931198,41.430905857666595,41.41345769730153,41.33206464676664,41.38248506314991,41.453689390461456,41.428987501682286,41.29381586206185,41.3571426089134,41.42816050140559,41.404044805351994,41.379814209436454,41.41480460650523,41.396057477215926,41.315031447888295,41.455211928419,41.360714980926595,41.34131940196475,41.335186750479934,41.46477823471871,41.258773798320334,41.42955191723916,41.39292121511667,41.379234580481736,41.364694937436354,41.37442585270093,40.3210345414472,41.36674908989779,41.36083729432041,41.33442722045571,41.4293268722618,41.34888821646816,41.388232188142744,41.485025663575264,41.38339305750816,41.33077698071311,41.29982377115567,41.28711512558512,41.31043519382098,41.278041830426304,41.316760942976195,41.301985777378476,41.31394801727999,41.26232555263854,41.29190684948741,41.38336078899854,41.32921527046823,41.31317056913636,41.33634102755584,41.35030773065185,41.29259713499795,41.364809110471626,41.27882749933592,41.27818823432705,41.265954814968154,41.30325486759646,41.280460102496114,41.27792376937493,41.29580240580725,41.30821208224013,41.32378360540365,41.262833901176215,41.277556703089395,41.355881135646584,41.332968181428996,41.360827130846445,41.2727114659932,41.3018082839657,41.34219992269452,41.302676972663996,41.2766783024392,41.30568798807437,40.90755950496631,41.35432383720685,41.34850273824025,41.33443365727011,41.255567408424355,41.27955713750339,41.28031343698149,41.281517761012175,41.34701026801261,41.358810482560294,41.315911416975226,41.34368674198047,41.27272637289512,41.334563493182465,41.291293301269896,41.03297603617935,41.26853075042511,41.23300961025225,41.24168781575782,41.2728109571122,41.27007676357562,41.27053380910334,41.30838004045079,41.047678144355366,41.30060759385676,41.31569337918429,40.99401243313325,41.287961541337936,41.35941523704967,41.27528705851329,39.90384393995947,40.36116340211775,41.117724974471386,41.288645548422025,40.78970780110466,41.30070975464026,41.24839853600909,41.243840485949384,41.316467548672335,41.24935293622875,41.307220112811976,41.285480676995874,41.329872211137626,41.295028074719255,41.36511386707656,41.3357345394198,40.25258520307795,41.27831229365512,41.34345547444432,40.939512490347795,41.065894748415275,41.34042001221662,41.296934452673504,41.29533350281663,41.28851161282269,41.36028648504014,41.322943350230055,41.27873865629298,41.26502113290915,41.27050519885029,41.274494705064626,41.40221972397126,41.36951238016117,41.28503612353641,41.3232659850311,41.28023777095132,41.289941799838886,41.2227107808023,41.32946191144315,41.324587649353404,41.299884548351564,41.2419030811925,41.299927663452266,41.23017712732251,41.32875377921824,40.37714249276406,41.30632289872794,41.223913042461426,41.285182811508875,41.294902548000245,41.34090735425694,41.36465484746528,41.37263706945756
critic_score_losses,1055.1272294195878,2802.184088082888,832.4475966078815,1140.9732446772466,1091.6027926030051,671.409896555032,565.3678175192496,2205.788314474548,901.0495476728628,1075.355497014552,2670.4496551977372,2743.3885245718293,1304.9182905865277,2511.4165911433643,1678.7901644295496,650.7299471307657,615.2237437029524,2081.6262046783067,1291.9284188360036,1173.227797731975,1833.9254724712066,3539.1184499446517,2126.5669398525006,988.5844344239517,2597.802871346452,1989.4011354961317,2100.5810004849286,2038.6106762826107,2036.6010287561414,4003.519915535707,1444.7387331434177,2343.2770116041374,904.424211182965,819.8482085238453,591.3859457208196,828.9053575230658,3126.731146251545,1995.4647720663047,1462.3165257151616,2359.769133272652,1146.0510917908912,403.74891020181843,2148.2157100521554,673.9378941254593,638.9859629175226,916.284103384011,1647.2779325339986,4881.03531767997,472.2071271900308,1109.9512501847216,725.7423490213313,669.3248626190247,756.4027606342567,395.3518777714446,1377.0735549202236,1875.5632231796196,936.3364998182532,1697.5749983042147,951.5592351301345,1524.6744480943266,1026.442249016679,840.46459050646,2516.7821862104784,1564.6645288097266,1606.2330465915452,369.1672428428655,709.483072020064,1235.650689324723,819.9184813783049,1612.685320751528,1478.5005530137776,405.5098436563335,1302.8960548059165,290.8316625365579,1263.8088972743865,2511.2597032476633,1011.400144792865,1551.619081849752,1161.7978165442366,2050.050006088938,873.8782490244059,2686.6873724974885,2915.108738651173,1224.5295485923862,677.9641551221285,2508.287979888135,1491.2898754557511,1261.274059681027,1608.7077643749444,376.2673415920815,22.884242723774857,515.1140299253768,1084.2194859263714,984.2444365517473,631.6004358512123,690.8269224733534,2642.686464882768,1105.9261046353088,1615.7035903503856,2965.1979123919227,1973.0330461951194,1788.498591984883,2073.6832896667893,3008.576890123721,1325.7436571143364,2471.1075776063417,1181.116312326544,1154.19828747204,515.7624045847492,682.9635432089026,805.1228784730274,1911.9305250716097,1258.6756461719294,2908.395330764231,1127.2423557016057,3227.2481256022993,1866.6200396423292,826.8618635972699,552.0375565551292,1017.7722304159918,922.6086307682252,372.98789156613384,1665.4250402804287,645.7844357728084,1649.8340742321388,1604.1880209303524,1574.1148775726874,1551.8661404654079,2248.5617532314554,1031.7373856906265,553.8076794448206,527.739608470313,1150.1658909086789,1251.488363997994,1125.7749549242887,848.1303103395812,1739.427049424164,1743.1500000747317,1340.3839083608223,2193.7026524641724,1150.59460609985,554.1176019174867,1736.1908220434884,1419.2456999844733,281.0996728316751,243.1449081202957,1127.7610407941675,260.0528124186331,2696.778085448154,1742.269524715405,1134.3485074909568,1699.4039884215174,1715.4176607976895,1979.1905277113347,1305.4844904491226,619.2469942255362,1227.93354523997,1437.105168365922,200.60042781609852,1336.0470120318014,1498.8732351000162,770.5618669593346,2187.374544371887,533.8008414541184,3004.1151619247967,373.9223195451753,1375.5503187605204,847.9602102921369,2209.7282562464047,700.0915812953066,674.7912659781166,172.3690896015172,611.5759510080795,1973.224279769283,1370.3756982839989,904.5015979426695,1656.033387725628,1458.405566230101,1217.7367616326424,1216.9430896600802,366.851914398381,521.1627608336928,1676.353301759046,4675.127316068414,4023.125637411275,829.9013805955312,1251.2582417119183,940.3840266883187,1470.4629465667665,132.6508356799055,1775.783834456487,932.7602974867509,830.6965701681919,1450.84267905592,2814.878473972106,1494.2816337929237,1016.8426159768403,1356.0287575459556,3150.8445567232307,711.1978564317594,397.63785534321346,326.8273812810589,511.1741520726356,1148.603305384301,1773.314875474033,1065.0233842402,769.7217854897025,2072.363064490712,535.5846291940697,1128.9696713718656,520.3436044198621,1076.3451446765228,1066.6773546886277,2458.762899769398,2018.3540463667853,1829.6451891623224,147.80892664983213,201.82288939369113,480.09304720356164,1557.955554627114,860.7332363527545,394.28298039266133,1010.8762787729944,1303.4885395019826,785.8127864093964,1661.4145109060787,667.9365853563355,672.2862371574001,1939.1876996158662,405.1871539109877,738.2882471854565,568.6871722717439,245.98219847843586,310.1337389910342,614.8538261272524,83.49482025198256,495.10563524533245,617.1097002870978,1692.88202140371,966.4979548271504,1001.023113842066,338.9601108806308,672.8044458098382,271.99541841891397,1436.016397461759,730.1383836003681,487.8179854415822,1057.6355511497802,1418.5940792616304,391.4392913783704,1216.9459533886275,504.8806802170299,372.3998710726173,364.51965218128066,515.7128250561558,497.76527848057987,464.18229676772495,1328.9422575334004,88.98685260063814,113.48948171960882,1337.349429415681,327.62796457021204,870.2333908063662,202.99470969804509,1058.8199365574153,659.4462109748449,1919.9257691714222,447.63106541847725,465.124759189153,119.22351917281136,3859.3817729183797,315.59200797442145,950.650935143574,912.7814642245615,266.48356881657463,1209.913686043119,761.4898661240464,899.0396709571426,369.31835848258663,1356.0891419116163,1468.2506482932765,322.79800039708397,994.2603471825121,2957.650760982527,932.643362743744,1062.0756495503558,232.6490731454557,1181.4902602457403,735.0992755593346,954.4463322391257,1231.15252958329,760.5401190092313,1477.3525298023214,73.86704809264894,382.78832399269544,154.2349518623216,214.94161074246747,182.0646661342507,908.3727544225445,254.36412308711573,387.35677769992304,62.155920825847225,344.9537399883249,392.02640538524884,292.16508030594395,484.89907936075326,191.57266986269715,1685.8010428898083,885.9503736560453,357.4928966041768,360.9251356498493,41.75825103223964,1281.870610491339,417.4113336114817,199.8012224649742,278.0151699967025,233.0146871714673,304.27122900658213,447.6045093788057,523.6230485784437,364.542084514499,271.2621484337789,593.6092576326121,38.68092794374846,211.19314902954977,263.16918381898864,220.9273064457077,114.06266380249836,64.28553404516796,60.6980227077894,256.7458358045599,186.93494503369163,24.435886286844113,57.08759686184737,263.5698746983213,192.8197884657706,92.24488735882274,52.57909877888741,21.48417205342161,50.494485057213986,61.06118108092439,61.55233350743305,294.95364695140734,1326.0362988613015,185.35993906900282,166.39774611992473,22.68124789851563,143.36360036076255,251.68693085302434,157.86728420582054,243.14838130693317,286.9215799093231,431.49014599309027,16.90162714916131,4.109743372167594,70.2667421798208,52.870815242132174,25.029737869894166,73.18072466852617,139.47452807438947,135.22243895016365,34.99501083435507,10.5422206642411,120.91534366316235,68.70754552562526,40.6760379969564,0.8936125091100335,35.44486721993081,3.2307971672552713,1.195934629254733,550.0045324173601,124.4166199380696,45.377287631301996,66.68218001844721,144.12089186836522,33.96945401444764,2.650525922170941,0.18130778133634878,13.784828537516145,9.000875192432392,19.042692194801642,32.86243016680194,8.714501328696176,24.984186525892728,32.121480073348344,0.6433320191239,31.50796604747058,0.5761494300425998,128.30501324674717,23.602955991491882,57.66469110607346,11.797390794434632,57.23674870536669,4.081234790566865,29.794724319229218,22.58051264570993,78.716141115026,16.058435969003074,15.757542414898701,65.36012339941756,76.0284326942747,53.41337053169869,20.54160703954325,63.20094007486538,74.178462604407,26.534505392771077,26.36125368787707,26.243906670041014,51.185613709719505,19.04295381374848,60.651823840618746,32.49154265493254,59.93412936218972,31.814589840529855,49.37339017035461,24.153540968609878,81.88653301326642,7.968681043856311,80.80516524207455,23.37676363719733,68.45713580957768,46.98375092696979,22.85795158328428,142.16887090743847,45.984580884197555,55.506391181509755,28.756485432909916,65.50715140439557,54.39386966438414,64.41087622902218,64.10570058037244,87.7213374261712,86.77302718277258,20.112512293303617,109.21824218684306,98.45655501643301,51.30520793006254,40.80862057996363,71.34282228385668,83.05165466626806,39.88513044840802,39.361989026318035,58.06594281266281,149.00237590104086,37.79553734455424,125.3040082725158,46.32951542627125,54.65788100115833,89.22630211680926,44.181041954625414,35.03173651636447,20.64010881747385,85.98033355179632,73.13086473656784,50.997288360228474,71.71037098730307,49.702278240205345,70.51196799911574,24.42629162664659,68.99203983879575,47.805362919465324,92.08747718347348,105.17159859005417,66.44311370528315,65.7636836802079,89.30325925663749,15.280773187338083,64.16139147116438,53.523140735464,26.79217562898587,2.918604536630328,157.3511123778411,33.201640028331774,111.59743224045177,40.79673084991056,83.03995529868808,24.10090593781347,81.43235285677437,68.74932265261069,108.18930475136824,80.75266161953958,67.08319949688828,66.42091563702199,45.78954142634709,259.3165201480201,64.64679289470179,43.67106385405235,35.152837148702204,62.922298525623546,42.490946602589936,73.17985042865106,51.03799323660508,72.33184671166936,32.65779340534133,49.93625435614997,49.45259265625224,49.08164047454099,31.673169495144418,100.15480333236685,69.07434734790222,30.627029885081914,164.3985014558285,46.53489916113243,37.25147521488872,22.00746496405794,104.03799827791707,28.129612521755277,64.39468932097834,43.753009365081724,52.935125801644475,34.42365188797181,19.814684203837395,25.931174796383626,84.82924627816328,8.736809808254701,50.031707553425015,56.68016112527541,31.53789764201954,48.49204540494593,45.51943839318174,30.547082297899756,47.49947213489817,38.0560936023442,22.726111822343775,30.117864129922083,111.83728855754057,29.08939697055369,28.719692870587732,10.987931382961477,21.178239534777777,53.83019889798464,59.177120070942465,34.76801457423801,135.75364797206308,34.18440279057968,19.737920844930027,62.13357501135347,41.68080275449616,62.28479713983848,50.59419628840512,25.074218020737977,32.06103216765072,50.048960970073416,24.218800054279964,31.13660779251718,18.54980610623017,68.83606898125147,57.89499569498783,38.362476963973116,22.899881436375512,22.656956732394445,29.613029466071044,37.29034656398773,22.006591711477746,3.603194795154736,28.5530043654251,141.7706832829968,35.84860599788866,95.5696406328017,6.143646239035291,35.02378400985805,14.582252111657914,2.9560232177702517,20.050456373981717,53.230981246117764,52.57590874999103,33.83246364286697,9.076088294311994,102.42750573307472,60.98917202162478,18.669563163139696,18.5328422410179,24.829719022701994,18.32148908798663,8.2079150194619,17.95774289924931,31.44181141396317,88.00401589077264,23.93300219327933,12.21810545471496,17.357326458603787,17.760754475288245,42.765868795955036,4.106571799652173,11.438313294859507,37.41215836975354,6.966110276638521,67.02045245516047,28.892826783989243,6.678970159087564,21.69657775742628,11.668303625323276,21.45562178790247,10.44540916794716,27.93141811726594,20.843289515018732,9.859582111420158,43.293184418222715,43.11973869305105,26.76950176676498,14.12506999852022,73.46044001794667,2.665432886400834,6.079817617270291,33.134096841551134,0.04224582398831167,13.379766951340963,18.749152557006294,8.541747182383046,24.873339997081672,32.078094154221134,31.920868749853373,8.242150156180074,18.087576235862027,17.8539287020618,12.310949762327688,13.345266272544478,30.554407279820378,7.513000024301543,11.738816077389398,0.3291103192323769,22.992227084862858,29.876732275595373,7.652598718763306,37.676688344558116,38.42610076480621,16.110666021226443,74.35641044532805,28.74041040597603,6.996725692575999,97.60724100236664,6.419781999560388,142.4998418134593,10.768040651612955,6.188681130372356,3.176302048843785,0.14792100857167742,43.846264350247516,27.0359837929435,61.64117802860903,2.9390311381065386,5.669018329048982,9.41328251014706,26.20480856993497,13.947493516657701,5.520090086457978,2.7182395565839754,0.060941291439305385,2.6033422222253444,13.606757776640267,33.17741277333375,25.55338869374095,8.765945058842782,25.338960307083983,18.682386686453196,18.606685964433307,8.398807904062652,8.834662888732964,497.118771238242,8.111052862394935,130.5070313432983,0.5645250188543913,121.97549083564455,65.73996571624427,4.540370384625075,4.556609092274428,80.0706362695272,31.42499491731097,12.321256292393464,12.258034474582347,12.221779214756673,12.124674241887876,12.095363451491025,17.270575355027947,30.639902345880003,4.237845030791826,17.02614860492996,1.7649477593902527,0.3875740456254267,29.940106435497405,22.520194950877354,3.842452608485377,29.57494412079085,7.0724454806070725,17.142023287866774,16.36176820551907,81.70209536064642,6.876827850902501,16.066523877443714,15.76652283717244,10.518817287790394,36.01202768313592,3.37383129283449,20.984774571969666,20.948215891013554,10.033922649637375,0.08857867306363738,9.9896933484163,6.017775420870257,20.251161669216852,57.60799662290591,20.218397220001982,5.765907393259311,1.0097234458854132,5.779638235374032,2.910868559907042,14.298662737157949,2.8777137198417035,9.41176255640497,19.75520898222527,14.766540771581335,5.915092765289264,5.51147290554001,198.04198991008295,5.440080861094144,2.6339841667487147,2.533143334887603,0.25174728500258214,18.878259786604065,18.764451236274414,41.213218120684324,2.32165321261322,18.403906714732106,18.316382723327408,24.494197808110943,12.699007140867119,2.168081696641026,8.149718922922917,12.526551552401882,4.5974944717074475,24.16549305612888,2.0811057211624884,46.51091382690849,7.874047429510038,12.85816696826362,56.07041442026696,17.362501979088005,3.212851924927222e-05,17.30855643302529,17.177266206286003,4.603985185265876,1.8732915588966275,7.5591778731191415,17.06734433262238,4.197196314272191,4.153713286286894,16.98303309910282,101.74633345230866,2.2399405491964917,16.714201822087837,16.663141715210582,11.363490375355683,11.298722630237906,17.129243632317163,4.166304867991912,6.936032577505254,7.325741189062165,16.064874545448095,0.5906559042418131,6.844319347686305,1.4276067123389622,6.705448896191802,15.731674849692274,10.679657187926365,15.658700250517851,0.5412252429294628,3.50008425393968,0.30060077969630344,0.047695975720981054,3.4726152655334217,10.5861322501341,6.558800447501922,0.04473466874001398,3.499205949493233,2.051986315763895,6.562124075238398,0.21317455026221285,3.751507577572542,3.3797191779334375,6.314740444649364,6.7204353441093625,1.2683056459677395,15.273091996517325,1.224544589630899,1.1897549298290042,3.4260167950535543,1.150229276964624,62.346991287797465,20.35049969883787,62.54225613237479,9.483349572748626,19.95668209534143,9.458308373773546,5.669043092481869,19.95409453358025,0.08018032576999574,2.7867245010079293,0.07588138615863456,2.739608406287171,1.1035695243817762,5.511940201514708,9.257474285498262,3.601600545934057,26.066212258584915,5.767017122492463,1.3670601638968993,2.613306568911301,5.338545340223718,9.09349485360548,0.8351365393241404,25.69473326919172,13.46608420835387,19.58323952231958,5.16395365861427,0.03725422138381158,25.633327645777833,0.028140246164078,13.125715978653012,4.965609789367087,18.659087567024216,8.542463472996788,8.516442399793819,2.317768886176164,8.361849871246855,4.716797903008449,1.7164067839039387,8.16290042581031,12.561363715475947,4.656509010508927,2.087589611715014,12.3903106306287,0.001299915160458388,2.013867372952826,17.611444816821354,7.955281828858729,0.5271710802632965,1.9719992101636756,1.9668142372265165,18.20546633254184,17.63485645099178,31.350705569995363,7.855756678841818,5.11586006791063,30.821488731715153,1.8712199549758195,1.8664180909896382,25.743673433218397,4.239163483766533,0.4115841580656575,80.6223294265832,4.283298180916126,17.460444380247324,23.24074781515168,53.17882440040983,1.9932737217542822,40.71458246324494,1.841388084963814,17.04646688018244,1.8022844682723147,7.4025042562477905,17.600224762804356,4.079181812062951,58.08961622532526,20.431330075119526,84.38809268631304,0.006640522424844663,0.007818635636608617,16.87093673705541,49.0238887317668,2.16462891087036,1.7058870032177667,27.451803985558914,7.2185236427639765,0.01104686716132655,1.619308121423081,7.139933669942843,16.40359539965336,11.230111763120062,1.8103975113173283,11.228720788373266,0.01567953753085454,3.813094488302302,3.8227988085570783,1.5672931700905803,3.7459350483884255,6.878770501598496,6.876477095465682,3.6898094385779676,0.6347418320457514,21.491004627845648,10.619498677615805,1.3703303974250816,0.8184721309655404,1.3642061460566781,4.358866218391227,15.410146756299865,0.06584278348511849,3.2687321661065996,3.2694241204782406,0.07428042239797866,1.2304439752239775,15.217429705061887,1.2890442681577796,0.19123345674844672,146.74041124458455,6.304082610146276,6.2843973835052935,40.99682277252496,10.145979716741838,15.145198977301323,0.0770801294528366,6.767720226839898,3.287842589218798,15.75754842507575,46.23438255520581,6.283962613443336,0.9593157549326371,0.9748487264574496,1.2184270392002317,10.097538044212813,1.1747273974050703,6.066604395960364,0.10238912406154355,0.13673651665860287,14.80327449851333,9.878290038879628,5.976671981944807,3.0675743078644184,0.11063931863530234,1.1221573111874306,1.0582559695813367,5.769604183458247,0.09423418413691823,0.10259776090419909,2.7984851553023042,2.8280789716500867,0.157027309894823,0.9936624099334308,3.0528968353443573,9.37450075021136,2.759175416661596,9.396711033787422,9.43577103195326,14.224618427211666,9.443219182629413,9.401997626695676,19.941470355925624,9.421885826940835,0.16938318443646216,2.787474386792906,62.11165991775476,2.7180393908030855,0.11922229557524823,26.353618601232267,9.25250986789535,147.95590571443898,13.869802155344814,9.052114847129584,5.415047346077522,0.06248116235452429,5.394987608917356,9.15041050667744,0.8562392560005254,9.004732054859211,0.039098134660882494,2.563840822910408,31.88564633177933,0.128040393480111,0.2170921483601149,5.3354634281733935,0.050321202459510675,5.3145045840520035,0.8374278580483285,2.5836131615120226,9.072455202894561,0.8289883691129601,5.297810246878316,19.30065983324637,0.826775050820188,5.308816806036865,0.22716388414876817,0.8070581602390346,2.786323403581256,5.1702637787628465,2.479895827766346,0.7353490846617788,2.3718130553614025,0.22772696147835514,0.7300863963524435,0.02371944555425716,5.0129276323826915,0.7353955387258423,39.378860978017116,18.7972242692258,3.7199879645865064,2.3866528842019874,25.134005044053925,0.284104291477959,5.114307077460925,0.2749176760888234,23.17404290446481,35.095705512652366,0.7333433670731316,5.003604013736646,27.330692002302982,8.390400079219983,0.7776027884106548,0.7775823956120691,0.016632512493280457,0.03869717017431626,0.6806718617822173,0.015071762881143801,0.033234745173282725,2.26994406545398,2.467792147077501,4.850084536591308,2.267076747925006,0.029332001554615957,4.773590140284119,8.316646354849631,8.258723422343373,0.6155963587407189,3.772605437826599,12.636112062813236,18.05583219299658,0.24562715312847763,4.699845860166716,4.07009491868025,0.38891493162004415,4.643216547133751,81.79888660785856,8.031700220578927,0.00231212754952717,12.367549836682336,0.5305544113475528,0.053797611142244676,7.875142666836321,8.287349336545203,4.449409810722243,0.0005037419106787845,1.727547007314649,0.5092904619617867,0.49705002289520517,4.39546022094242,12.209918955833901,0.6221874732571808,0.53794270874436,2.0756881944081322,0.025799467797772726,8.023680711979196,28.58843778874907,0.5392081972461271,2.03640291958339,2.025554974688284,0.5422749757320982,0.5428272090574746,12.383441291720349,0.000971221175437898,142.16442026791972,12.102116873689958,4.617082318799792,1.3512289760591713e-05,12.150254224619639,1.9878370960770577,0.5100218223256011,4.549710964333515,4.462970581357129,0.5066723411063554,4.658866665436783,28.79575903889196,17.500137496117123,4.409134235583718,0.005172391268913084,50.36560335362764,1.9655937948314781,12.284589693121346,8.22653633077159,0.000445935181637194,2.0089435402077487,1.9681904041157217,0.4802146912943261,0.4961996310787689,7.799413440790327,23.79530677094088,12.095960914847492,12.514927932989915,71.74884202746551,0.48953753627906704,1.907426150827766,1.9100758604699832,0.494413511329579,0.4923522441598757,0.4718710714823536,2.0028915007581842,4.289915700710489,0.0002504475217617548,7.675084601726152,7.7440933064095026,1.8952763929728895,4.35719204226961,2.0416375714460204,0.4318432956546838,1.8908063718224486,0.0002625883999510783,4.237639373933326,0.0011904139635468326,1.8417766226014944,4.2617260403697905,0.00046563510978527966,2.0168704040201497,0.00034260660388968405,4.3155985551167575,1.88337569237441,7.666851751095383,0.43964527652749824,4.220358231679467,0.45981322849840833,4.4709561620808,8.245404423813296,0.00036515341894022816,11.81260160162549,0.5378796854094836,4.155157216333668,1.938372596069346,1.8150565591002972,44.03538564902338,11.760382039190622,4.209771390715131,0.5297149212120632,4.508064379869822,7.6224776027335395,4.215435573958115,11.907418488728942,17.067720039968027,0.40335544422461506,4.618883517750149,7.411154841533872,0.5811281727775547,0.3840926859872853,11.748587007613425,0.398668354585095,7.3733530864840136,1.7449582489615079,0.004987749143280627,48.64691300783003,11.49414275935629,0.35869710343923644,7.22071959836554,22.703092244057046,0.0107171086085137,0.3336230262802465,0.017460547178857103,1.5991061447279473,2.3165225905238334,0.3137915591784303,11.360064432599577,3.8630000738684265,4.9300554461326405,0.018746794060259513,3.820403034943861,1.5928301350754563,3.874690626255659,1.5179730458264349,28.30113602161244,1.556849425496102,53.23296489208832,5.041633998744907,6.846908836001064,3.689442450543414,38.55621827063806,20.45154373871709,3.61234076468661,0.2470504878632105,3.59047443871974,3.528889296885746,3.6124482550666706,0.7676909604930671,0.037970720875723604,0.23894404159594138,10.726858920265025,0.2253237277725737,3.4730780777877253,0.048013728979373296,6.600195632065491,1.3946810172193043,21.76392106843414,14.04499258187041,1.4128215734993035,3.74036777448699,10.74109869718708,3.5961864899265827,6.6750028051757,0.03867665452433015,1.42148243070959,0.04451133523381638,0.23448016635113714,0.0462091198230706,6.584014958756614,89.21028000214135,0.22290201445250182,0.21871873836521535,15.556754919920424,0.20592712641187924,0.9168768764828928,1.2780104643876544,1.2718464275070605,21.170939682564825,1.2441482450844514,0.08101205613512477,15.089400388437214,21.0863055035942,6.283935391390711,0.17817593600436282,6.8877774713128135,0.19007526669942892,3.2239289579898043,6.045145296192954,0.10491332235293703,3.124290992857944,3.6313030680002574,1.1391714084729598,3.168404223261414,20.862637916789435,0.0981728267107937,3.1358170127452807,0.10198095098865945,10.046387786558794,1.0116808554824603,6.052025264754475,50.098665471344184,6.035617107602742,3.093076829146621,9.939483048499351,0.11561916294469439,6.0187729797476175,5.897681752854114,1.0391485299318661,5.674556567627553,24.22832122241935,0.1439859186536769,1.0562649081470756,0.12126160131742555,1.0833033191189785,2.9865344080502556,0.1038398312403218,1.0580870700745906,1.0361770267501393,1.0330038784419588,19.4304730849465,5.793683921603189,39.61836050440341,41.75749500322088,9.544933666834014,0.24466765534038554,9.741172465695687,2.9848756183728122,1.0466714802552852,5.832204809849687,0.10320469776083813,2.947004837054156,1.036329960753158,5.612144795663362,2.938928168920475,9.647785809229187,9.525457267969257,0.08485926676461103,0.09220568347487644,0.09079107562955725,1.002067617472604,2.875075204175838,9.578365572119495,9.474149240628698,3.2132592311746606,2.8458104321106874,0.11674896913130828,9.492371366152824,0.08129353058324174,0.1729616413639026,0.08572772570981403,0.9978582943679163,2.9029605029615135,1.1972083451109545,0.16331032627438619,0.16688263748446372,6.225804607815692,0.9652767413702347,29.71627645438236,2.7385883871881775,0.19629302756930597,0.06118561540593417,2.7123925533856075,5.525510491660256,0.1842300484957506,0.08387415018785191,5.5633977574487945,0.07285587452882364,1.0950575442024748,1.0383286973914265,5.857350019355435,19.450162507588487,5.813788957014383,2.9431274699320937,1.1503627095486124,58.86349864212264,1.0375550751145346,2.8964238381257945,0.08826219220272437,3.1875382005605917,5.763858068483531,0.09381671266671035,1.016111624859133,2.929937222921234,0.08861428308379718,2.8557789729873524,0.15074036468539218,9.58708319589622,1.163654861585386,14.52586720279235,1.040769846253899,1.0121730604296253,2.9889778103243714,7.083985889832557,2.7565512182638963,2.7512163280478568,0.921562346393582,0.06821558750797074,3.318050700634325,0.18577224493323544,0.06303503848722146,0.9012131078184056,32.83486775763366,0.19728931852373038,0.8601365944930031,5.542921312839105,1.3036477363731604,0.062300376821666975,0.11025541134642576,0.06581538075141453,3.4124104653425054,0.8521102204148608,5.310797892361404,1.3481188145145997,0.22595730760892985,6.521576934500792,0.8579277843050266,5.417474389436186,11.314355103113098,0.06088093758818973,1.3288973772457429,47.974758375657764,0.21735936988863275,0.2146632959881017,140.42171125669753,10.209521960031259,9.164388823879431,0.0640952660190313,128.95613675401265,5.578991125184187,0.9068268809267911,0.8953299151451959,5.492746104476028,2.6891628171858053,9.275040874236405,1.3447068468127297,2.6440463131900085,0.051197969902387085,1.3582292264239957,0.05096166859972828,0.18013134034610517,0.09103344771195031,0.8387017512320604,0.049727700350338355,0.05101904304568553,0.080575347945192,0.831739307925729,1.4014868921123789,0.07963871822863668,1.411833172289919,47.12451562058992,8.856631960289779,0.8624555923007451,8.863373366993848,2.4838655837370105,1.4559015088307365,2.5963207632532757,47.360479861174426,0.7665512498329266,5.13341658067005,25.070624941702924,1.2856957985899433,0.039892517337532775,8.972555960437662,19.177061547744923,0.817250842832712,9.021647281597376,0.8311132858776029,0.8431870166835923,0.835320459178919,0.21988059553070588,9.198665474060896,40.576980089253304,0.8093644303026646,0.7938237432027047,0.8188267890985778,0.03355304458487045,5.094731787893059,5.042209483672007,0.02536748740972361,0.7194846102370286,18.766718387238427,0.7155502040784987,0.7212567404824898,0.03568998774224955,2.4026662041053095,2.4122201024651333,0.8245501950982731,5.311299674214044,0.026734304924634165,75.87447195315663,2.5096783480381006,5.228004657889048,0.7875338340816876,0.18564726339559334,0.0372513003390618,2.4705611945752697,2.505973244730872,2.489320124962118,67.26057573721523,2.5010137545935365,0.7664977128944024,5.17885687145762,0.03379611616564673,0.7631301313686156,21.781387283527728,0.765805955269493,0.7477480023529145,0.2865292042676175,5.116412739407492,1.4816197238808158,28.594425394609335,2.385378031068407,5.085092377823021,12.48019777634936,0.7340836178897496,0.27588094856888634,2.4550796658379674,2.4697980314952694,13.68907383047809,0.030883455980450066,8.803510560588071,296.4374131244347,1.4320153722163216,8.781368038490177,0.033104178071810604,0.7622165350730224,5.177257487704523,0.238226333441827,6.78015787382125,2.511317118956573,8.890856813583227,1.38332004113787,13.416650519859948,0.22714124439520686,2.4716603851017216,39.95794318854904,5.068520223438031,5.044073108490385,2.46321903306565,0.2808425302868007,23.66198103575862,0.7068496934197409,0.7221230760313029,1.3422892445911776,0.7221755649640094,5.0066967071642265,2.375332793339848,6.925294399121429,0.7146166224658693,1.4046763285320234,0.7765143967521888,70.47916855597919,35.721383012372286,0.2641604734186626,8.719419903342645,0.7348176047384108,0.27355943123546445,0.2871393622486328,27.785878652066135,2.41881282361913,0.016206552880153224,0.017956582162263646,34.709074186604795,0.693422553112417,0.01758290832956565,0.7117781866818876,0.31489853074641483,4.6501620837172,12.597498936074334,4.806588593443008,8.176731385471191,0.007562515024769716,0.6200009526366325,8.184543994154636,8.195976699672276,2.2440164082755834,0.01934378630566432,0.6634105911094319,0.6946832853041285,1.5849306483423777,0.29538040663134607,13.020642755214295,0.6820110047366783,0.32998892678345454,0.6748169632289592,12.961827607223587,0.6538040583195913,1.6789211441339247,0.0070750615097723716,0.022963851990450108,0.6175434421466173,1.5970565371314969,0.3564309882186529,8.272032457959943,0.0066739363136359975,8.173135102233399,0.3869591130032394,2.1543177471771187,7.331687634400512,2.104423556768181,0.5657793598580757,0.0031154200225442822,1.8098981061105053,7.027690745143464,2.0536084895973676,0.5479835017809678,1.8059619768374569,2.0896698755654812,1.8287313589314107,0.5373562889223382,4.514135707608949,0.000376447755521849,4.457991731513571,1.8686365471735784,390.7114888920848,4.309897136555737,16.987011925784053,0.5759626340805357,2.1186779161892213,4.506688214084785,4.480758320571434,7.860764378509332,11.707773987015887,4.248217167875822,7.997181341278573,0.5355445569583183,0.5843744730326002,2.0586662133787827,2.062199913347731,2.0686535164018367,4.56469137960981,4.618370117361817,0.001002290848045555,4.422382502282884,4.39912267190901,0.552150925452459,4.4459732015891085,0.5149269806485675,4.347598540751134,4.355038015229343,1.9425500526278454,0.4103316688754958,0.45317935976773727,7.788989063640743,7.588279929526243,0.4448906678973739,4.171681308548052,0.5300347764647625,0.44353293124704346,6.128361723132126,0.47643561668533846,2.002324209082838,1.860830672117622,0.4616493790532368,7.710794303988953,0.5109321968604331,0.47184220861291015,0.43278817514792955,7.174667405741789e-05,0.44695853461643514,0.51639535637696,0.4642885344642497,4.268743239951332,0.4409612473109667,1.861466310878282,0.43871486657978376,0.000665525427788889,2.03121323904114,0.4429330518683378,0.4850064886462003,7.638494734233709,0.459800873009047,1.8850309064105955,4.270264529329749,4.287374291490316,4.353074706924113,7.751755791400957,0.4991352785743781,0.4795126027123159,0.0008850715370870078,4.239113128039229,0.0007618167978366003,1.9439610526056763,4.273749723058909,4.265704954385354,0.44949096733909893,11.804109119169444,12.47277802403948,1.796712783095351,0.4313838872404668,1.8191929974730061,2.0547425687574896,1.8070016169408312,4.234351948372429,1.9083250155717697,7.519244716362972,7.535317910877384,0.4764972135471764,0.00128148178838759,0.0004392120875207159,7.724537925100731,4.297952635728793,4.45324744909674,1.880771024974912,12.360629856528378,0.46147593273792,4.189285075038281,2.0188281499851,0.42751862199672613,0.4404586046767949,4.270918300856543,1.8569088164984502,2.002705371873739,2.0216189523250043,7.473911952944734,0.5463792885799054,4.221859148216757,1.833845568416152,4.28016774978436,7.464591083020912,2.0459134213999106,1.807615461745971,0.00234631946782561,0.002696940316615208,0.5783015097834957,0.4782470426465603,0.5649428742198691,7.360313832881542,0.5087529925184633,0.39938860362835027,2.13098251054791,1.7142495977909322,1.7244377869263534,1.7148428670280713,22.908878750609468,1.7413527163095592,0.0038913552874153693,7.401904736513181,4.656117067491745,0.3929183839228358,4.049517110772945,2.1752372662476245,0.005634904297476395,1.7676686376543036,4.144437359979118,4.1127008849770474,0.3835573824578482,0.3894013384081464,0.006277389800942795,1.73408168248014,2.1438037928518914,0.555403056711141,0.006141073768679589,63.00419290643525,4.104555958914536,0.008994373342205967,3.992977197533336,4.776709012955746,0.6199579671693312,1.680639337778875,3.980995613574243,0.00640932299213016,1.730620871555719,0.014609826197130785,0.334504777560186,159.77153867935192,0.01898976030386467,0.02192176487443335,6.928996728304731,2.3339227075870066,11.255183384761434,0.6731733799057814,11.246308812318468,3.8277738436029582,3.8039211798975443,0.02004575093509503,0.6657936918378754,0.3100479966729648,0.019567175347348965,0.33200080154102724,2.349885322583758,2.346963591236208,3.8494681391704857,99.30740984474735,0.31081933081285634,1.5258525194024812,0.7343657932596885,0.7409615953349872,0.28488461727884606,0.024605562776614482,3.7334798032053143,3.7514698878340202,3.7516190081499707,1.5461900263595638,1.5146077027536022,6.855401510603578,0.02708717003474631,6.856494593961977,16.061474840920337,0.03114200803021877,2.34487496275492,0.26695180561782167,0.030474435360381504,2.4784787601182203,5.155987785049429,0.03473720098533015,0.03119525340978145,0.7565796095236115,2.4827181415672537,0.023339936743112088,3.5373634020334372,0.24185634725237803,0.8006755306543611,1.4806959077190438,0.7837275212610157,1.4761296220621414,3.6302994031416436,0.031973795165244345,0.752560535345878,0.2708738904929847,2.480267169939133,26.95867051424946,0.03134093496610533,3.6992384248892214,3.679756374589725,10.896719159217211,0.7754583195623187,1.3894805542186224,2.581962538941204,7.65045580334344,3.5963532786244734,34.93865270820736,0.02782456577907729,1.4868631111378183,1.526397497060736,13.320565328186971,0.7693885397181994,0.25863845821251974,0.027737510177066008,0.03801368872574804,3.5795860379553894,1.4349732134195479,0.028100798722673966,0.2466895721855492,1.4191383400320936,0.8396719081632485,0.8462260555740455,0.22115188039194622,6.507170304433135,28.33561075153283,0.057781873114586615,0.2286143435102737,2.587775262997357,10.4391711496394,0.04251063326043306,0.051171563707946344,0.22855478872210816,3.5937590955948613,3.4730405905923805,0.8460660995510998,0.23148102921612704,0.22940010695055735,3.580593924679733,2.5549573920889608,10.708907864628753,0.7945878887688007,2.597509963454792,3.4831892887727127,6.529695470362064,0.8372126816212762,3.4497076792661283,3.497145515527524,6.589240863607805,5.318960652580766,5.2660667764320195,1.4439736743505487,0.8276816904429947,0.24308954408911226,8.859284894086196,32.711294122441636,0.24169156541878475,6.801276250670955,0.7546614386161223,6.760001538560358,14.36769558741339,15.834650348736796,6.699981142330419,0.2573836235695763,0.8244581947771065,2.600629038496638,5.188032175745735,5.459731051309346,3.371065159815635,40.41080089253762,3.2155671842729485,0.07886542373067323,0.9933613012158711,9.501925556263608,6.109479528571656,0.0868416478109201,11.076030633216847,0.17003731444053902,1.215369206829872,1.2308655445725523,9.654520014961564,6.162899456904209,0.1656176431252554,2.784766987300701,1.2663335300218377,33.91872851138165,0.21726431691163384,0.05844762677488111,0.0622442378250068,0.07208753514649385,0.26992617665956886,0.20523897515498102,1.283834340848314,1.2561343538814085,0.061256210181530296,2.6799768038242053,3.366848178258109,2.7550089804919753,0.07334622180090979,1.2402200125283283,0.18173595591298533,0.05068489804553668,3.313007433242308,5.559594234003176,0.21047850838581011,0.17029815701202206,6.238835385396882,0.07265414965242545,6.357453496203339,0.19501185291643802,0.06459863100571318,3.322966712709727,0.07756639347934116,2.7591091513717627,36.350782989426214,21.12149836370369,16.499868756977317,5.554842148277035,0.9188667704153389,6.332477157704337,0.18014678690762456,0.9487174199847364,16.45278597465994,6.409013077039247,0.0680815314544227,9.282715739506203,10.175272267244777,5.511245722093694,4.379684262971372,1.221260604268995,3.227465820830578,0.09235735034317599,0.1537214049357559,0.1691099848251296,0.9674003940588732,0.9751373900694627,6.150358687206096,1.223965795716124,0.07160273876225544,3.286241755271773,5.6321987156235025,0.9918155038036859,6.143536252688331,3.245928725104285,0.9835699504605442,0.09762747443004591,0.1433828428726874,5.745283241044624,6.140975025120614,0.09842878841127628,2.921561260662106,3.1223906442231226,14.95554495360908,1.0157459334365102,15.857674469373611,3.132322284990751,0.10796938662004617,3.069844378542554,0.1304166288142063,2.8716126588451254,6.029226242636071,0.11572165773798078,0.12277690144727119,1.1453452345182884,5.8186260949571755,1.1570465701861405,1.095470219742776,1.0931015258944825,0.12665164821205038,1.130595223442381,5.828686552143565,3.1444140500188946,0.1464328598527731,0.15683274785921766,0.09084880253508149,0.08113259459275005,0.18251282976395813,0.9766276100377425,6.330201520567536,0.17907944444147103,5.666602322557791,1.231286152927697,1.216010955466549,1.1753728317808567,70.46460009673348,5.666174121665325,169.98388346573873,70.15264959181063,0.0010519548517015807,1.1636181768660552,1.1812023466054815,27.536654929382397,30.82823170425149,0.14805562960983723,0.13568154332461455,0.13632803906446223,1.0450085422022315,18.84954289930018,26.90369822080326,1.0814536360496512,1.0857103863931907,3.043763030105639,58.574491858853314,0.12170440881898552,3.039475041531985,3.0865563563571046,116.16958091077527,0.1323210057296109,9.860110683534497,1.0932363321487935,3.0360679181369132,1.1047764287615398,0.11397977039983949,0.1293976171120487,1.0731165572850734,1.0735937245460059,1.0877436807029486,1.074099212272121,5.907619541470297,6.0114307592424865,0.15601621304609672,2.859494977122954,0.14996402517916402,9.446901241944524,1.1926916193463144,26.894622232779653,5.720763224679434,1.0052107667084385,0.08938427918194014,1.0556143851901039,23.409060038734946,94.08354511886269,14.809821303850557,0.10988396979386589,2.983220068472003,9.907492631535309,0.11533968899723579,1.0836078702796863,0.11658905264334962,0.13095240864631685,3.0290206631980165,3.02773672436141,16.328959766568317,1.0682818323879884,1.0471177107222598,27.140824876226276,3.158605357924372,1.0314936657895286,2.90549123967259,0.10474344357187086,5.950572982952577,0.11846044361492719,1.0415015619178978,1.0564102608867518,0.13143273296757454,1.052551128724382,0.12906945521923638,1.0836632090522915,0.11122302428930762,2.938018073789695,0.12390819053153686,1.1084761906100773,0.13071251494675268,1.1209595798043492,1.0693754539758988,1.06914160532115,0.1316365758519938,0.12906263496771103,6.032271341224494,2.979221994061213,42.02997780456081,0.10369866088111747,0.10656081463842505,1.0584030534377655,10.004515123237919,1.0143274308222385,5.726426820999325,0.14685330961773324,0.9720383158674699,0.1484057244455847,2.7667969076446397,0.08417176455098083,5.600310956316693,71.30906351268663,0.16503800420272968,0.1635028522419815,52.240672370300224,5.652282228086661,2.843208917762788,28.804084462200514,2.8805404041785856,5.778166598922483,3.062276321575863,0.12077169228409448,9.82241838687775,6.024959870126561,3.080036804555871,1.0269011327570254,1.1506935598017822,1.0990728058620178,1.0187683915366272,0.15162803411953557,1.0039545021753777,0.09795459549210193,2.9329732539366447,0.14305056121327825,5.852341503430625,0.15228674801454312,0.08634925208290978,3.228341496656588,5.642422755238818,6.270968624482156,0.9637339198957843,0.09347775745586466,30.45809477048687,1.2525938725627312,34.02533539996038,0.07529079531884249,0.938186068046423,0.07528943214491293,9.42090066254083,0.9759473123373482,0.9791876405443339,3.2214101306698133,2.87042379565066,14.146882006143159,3.304182465299406,47.2280646458962,0.08466979432308416,0.9649395079052466,3.0483040056511084,17.162951669767235,1.1456414285000962,40.43745100423022,1.0218878912235843,2.9013166830594845,1.165237688893294,1.2258080228457124,1.2297144142430119,0.1911590239046373,1.2736331259547373,2.69459743813435,10.094515767271698,0.18750101510316874,0.9213806237807777,6.28546939994436,9.295522250595685,6.32957106591283,9.938768272196045,14.170306720488565,29.98672505502695,5.67054817620614,1.2212157213717443,15.232005973087132,0.17403562674936665,44.53984700146417,9.672587428709697,0.10257855441557578,1.0334169068299677,1.0815660364289121,3.085306292054012,1.038058747068026,0.09195170019400793,2.896206257576981,1.1597523550246924,1.131133063143093,1.1707274669251853,1.1581662501715908,1.112345755604764,1.1622501137357406,1.0363958528068717,2.8409469434840307,3.1632664146097946,30.76280390729424,0.0896579819391978,1.1989889702426098,3.220472407423425,14.131628905115539,0.08668751385356958,0.08207801562181635,5.642152693167079,2.883499442420923,0.9813751966208472,0.1524923859797464,0.9845717635811574,0.151200828127335,5.811783877366579,0.9934031017984447,0.15094746991877325,0.14375103549716192,2.83883808472776,9.981283911768552,1.0361196488727364,6.1140151726883145,0.1313620831320852,0.1041695602319193,1.164510519205617,0.15122571845566096,3.204345612593785,3.217796517409242,0.08702141282853842,0.08603609992690359,1.193341347902299,6.1758404540088705,2.890737942276855,3.2008171218747057,0.1413231753414025,0.08747167075355582,0.9734028520838564,3.247018461074398,1.1823474546476704,0.9892133202069516,0.1580278777204912,1.0522293107688467,0.09290933878004252,0.15649789754164603,0.16476486418432096,0.08989875069885846,2.8138952880010195,9.435521225348442,1.2547010279619344,1.2866982290786235,0.18286749836328345,3.169167105443988,25.740871855230157,2.858488748770556,0.9915869785556305,5.716714224228892,8.105810114161958,6.213871994232929,0.7559455959114361,3.2189715549875135,5.742706526932141,6.172771597431606,1.192310658988419,0.16062726909981712,1.0145435726074608,26.6501677994023,2.962208370831749,0.1477926168515801,0.15241397278555088,0.7630389972131508,5.805571313440492,129.99688889731547,1.087570753809684,5.891285843788083,0.10564021790748959,3.103811437573681,3.04822189408997,1.0410695117393098,50.07258918790637,26.305058054514085,3.153228817261192,12.96018931542575,1.015821300264282,0.08016435547295825,6.242299555428418,0.15898959594644405,2.733464978312111,0.073403638739378,1.2767635137063473,0.068666058334916,0.06653864240041828,3.322462309773379,0.07072311521300757,0.19571178379307078,1.2533325814146299,3.288907369514884,0.9086258152646322,1.274165756822383,1.2737319173857529,41.2757215700723,1.2748164896326877,0.06239918984692125,0.18335161083948204,0.0650127362078847,3.365056064687354,2.69309311544543,1.2957191722513486,0.2024190899378156,3.361995608948133,0.1996710346311918,2.6657601655715935,0.8972151595054004,0.1979342127798137,10.167112690290006,0.20026260021573358,0.8287775873162535,1.3330272562453354,0.058073075033838045,0.2162323412859433,0.2089821709762406,0.8646601198323435,0.056727504358621894,67.71658908210466,0.937600364534001,0.9345935316949218,0.06747565227414909,0.1973612137291543,2.676749111946531,0.8310171333729581,2.5611592606958107,0.8468367430527254,0.8907452728479488,0.9114935728006678,0.9317348031224699,0.07908884891224814,1.2869887199337176,0.1871195148258365,0.9386469088641478,5.585070138757546,1.2570976181045,2.826581595626778,0.17695202438183147,0.07732643422962908,19.92116629026701,20.352727770991436,9.34699744096817,1.2351598642974047,1.2274685162177814,1.3225638096782237,0.8929099249737061,0.8808396251402432,0.057084794597046296,2.6871460572553616,0.9002529526043949,1.2874400945295963,0.904244606171298,0.19491494939396567,2.7688596755239137,0.17617290808975633,5.362512305140148,0.059146651471060005,2.695218066505384,3.369626519665176,26.728739824869567,3.379778199779844,1.2965388950177434,0.9292057221275245,0.17992606620366206,1.2908604494647986,0.9301420914953038,0.19456336127506735,0.19589522620748961,0.1945436066340331,3.4398668527528073,5.36563590850706,0.8660360341269856,9.513456503582134,0.8605252726841232,0.8947064657070142,0.20854551821384779,2.6648969527035247,1.3258025455211158,2.700759055804469,0.20592897003243785,9.234751157333662,0.05947075525972244,0.20995137475406883,0.8476456949657264,0.8469615744364558,1.3550587216135772,0.21109537591774483,0.21866834255900527,32.397965264667974,5.35774547657321,6.535108751178798,0.049451256021393865,3.421862725173324,0.048965728094559444,0.23418854215346344,0.223181876266795,30.841967090794185,0.227698521545129,1.680582251231025,0.054426715679808536,3.374106400888586,0.05305044931406725,5.339757104289596,2.602072793603662,10.625534856035667,0.22942516193357673,10.474915122374435,0.8513002018541633,0.1999173771063183,0.05947037407877573,1.2782823453817969,12.273546545491902,0.07434486013772304,1.2946402716549834,2.704106437709326,3.3497261079836154,1.2465756134669548,6.425209492574031,10.35726285691615,15.197573324483885,9.24152865050992,1.2510036665062656,0.17773140210478738,1.2645687211706547,1.2703778889522384,3.2537573066198675,0.07980609931650556,0.9319945665618575,1.188626659874869,0.16125586558485286,1.1941885756609711,1.2166442298856854,22.994078000100004,1.2069660288198694,3.25114654614343,3.258432934398006,0.0896181778615047,0.1491401273185407,0.08258993643677347,0.08682125214838957,0.08849450660451115,0.14514051753142912,48.864156898250926,2.7576587014486633,5.522551668655655,0.9048376963756979,0.06678548318504555,10.168122281988456,0.18938533613629388,0.19219100714300835,1.2479194807068004,10.256238488394196,0.17346566319573467,0.18341191501693382,0.06865774324405016,0.8669982622534127,5.475737422775436,9.296912332510427,0.9388540766269688,2.7715701403812534,0.9119896523702071,0.07162501325420485,0.19090646442466258,6.386535608886192,0.06329683268136037,0.19236837263448497,5.56713121094958,2.7280204843040967,0.1985368179771011,0.8813378934129403,0.06041876869522392,6.406848500446313,6.401310022068324,0.07047492439755611,1.2673538275179501,0.07248159040320205,5.5627098692952535,3.3711009431161463,2.7433347361886646,2.731086392348479,14.009479491407294,6.167188559714034,0.21260189700521284,0.20628803938514276,13.128875590222503,9.138415846297004,1.3376697865121843,3.430396864458726,3.4954227479046387,0.21410511848281852,0.8491306575375428,0.04838755587107041,0.23097106090291503,0.8349177852378401,0.8227566285287808,0.8280202537959183,0.7953177827590951,13.678435268508668,1.3962873927773896,2.6037804841656085,2.5979600305242254,0.22941211962447314,2.5830161349471927,0.04367225406611369,3.5024722411039075,3.518187458505368,0.8290305690519577,0.042265516279731144,1.4339556758823193,0.25987049487790426,1.4298805583402758,2.462743378149069,5.075350663448541,14.049053609377754,1.4312545301914825,6.642821861681701,2.5707477869259194,6.655759082249453,7.299571093088684,3.5724237903421754,3.5448225404545473,0.04228273265523563,0.24601107600217276,1.4398773219021488,10.82122333021973,0.03146223710598411,0.27142366197829204,6.818132919976026,0.031476309095854166,0.26040716837515093,2.5349843993197516,0.7785272949023656,3.572549711840436,3.5933249498410507,8.844594426389001,0.2412172611972597,0.8057420296531053,2.5202884871916718,10.733071889591296,1.3828263027255667,15.81580759753719,0.8529953995134713,1.3703458238614665,0.04523977208426909,1.3668446508664827,6.608073787401563,6.660523190880772,0.0458875022707906,10.634072339797466,0.8295172975645587,2.5286381542799603,1.4417798743993933,0.2722721927129419,5.105652291186717,0.02925962734700276,12.811966357547465,0.26559421487241985,0.2628493172691451,2.5202189376999096,2.498644261469308,0.03642464521468096,2.5506672249682465,0.03761374842622636,0.24979005852531325,3.5780709352981157,1.3735204525665428,0.23337662278085383,5.361781237529824,2.6282642624310695,0.8640780435224477,5.406199676644433,0.21333583805124495,6.498646547064019,0.8686870893992299,2.6616562884831736,1.351925772392554,0.04547612997961285,2.5964625160550874,1.4321948929880313,0.04040260424699842,0.03920154423134867,1.4291705875159577,5.135598298264148,1.463061731362492,5.090647817850742,3.626911806767116,2.4829027803776613,0.03383218047756928,0.27476307175035725,0.7536280705554173,0.7897050852257804,3.543658439942404,0.7777249017106223,0.027565856138692117,5.06472059122737,0.7088758767701724,3.7041238409737383,0.2897252329402212,11.057706091203249,6.895167146199019,1.5293657892082837,2.3887759554468038,1.5200246316054022,0.2930799611152749,0.28121117094543074,0.032444449760231364,19.243250920178347,0.7586005874364088,0.2615102269373508,1.4744227947506703,0.2571322449070917,0.03755656894533811,0.2857682670138646,2.4379519395237743,0.7511440625796499,1.4873958648458205,2.4569731832057053,0.243738907002882,3.5542681777063465,0.7391849643819947,1.4938904257478764,2.4402801189980514,0.031119455650807263,1.4584479638743366,0.03640850392913572,0.04372835290133367,0.03922416833217905,0.03746957329568106,0.04468487937160622,0.24715987875918452,1.4145728877999428,0.2562296434909381,0.03230505603850101,1.4881691005644488,5.047413075281994,8.820128789262574,0.037997444088139196,5.248701805934234,0.043780965537445524,0.7914133358246114,1.431345254461438,3.6440118264772323,18.8984479619158,5.166559195363633,2.488150058767627,8.86654005044894,0.261465203227496,0.7778639947052493,0.7942730296589025,2.492022434923516,0.03818402438167413,1.4319365453727817,2.5925596412897813,55.76282705005563,0.2271847107792865,0.23215694380689453,5.275901601333083,0.04260869107488424,2.614627132339171,38.62031280284081,0.2077494833022788,0.06410460187963425,0.05790281373018226,0.2081807933178794,3.455577925939215,3.513078067446089,1.37965643695321,5.289139741792462,0.8065652250236264,0.2569336565959266,1.4437767848999803,0.8263364988479056,0.8071453568079078,0.0328727251587825,3.6745690698874456,1.4630038388119828,1.4937648830908705,3.6577984861390447,2.4429260750144683,0.030305432447866716,0.028162027634075,1.4915476158889929,0.7279605480502904,2.379192696503034,0.026182366240717583,6.917006768517402,8.623643786693126,9.183210627009665,36.28014100884606,2.331816436114167,0.293080618700848,1.5184477608660483,1.4930553525919925,5.046685104393541,3.628022341266841,0.02925288452523171,1.453781210195675,2.499436595462854,6.758987964096563,5.243222752724847,0.7822135517875207,2.5176629349551787,5.130543977791882,5.265086332886144,0.23892493043305277,0.8017559240809513,0.04306233917348841,0.24489056550236848,1.441880198292923,0.2635969287503959,0.7806568423254955,1.4508194622526693,8.770328311336069,0.26583684880098285,5.1343066973164335,3.730510431208832,2.410504667919201,0.2874749289520742,0.7355853332151536,0.7120459690643387,3.783596804825076,0.020461737750914203,4.930346541061881,7.051919707379212,0.6746341627103399,0.3196945774330177,1.6107570645103728,2.2422873449503826,0.012079646512287882,0.6670036488544225,0.3343431266050466,20.863490902805268,108.38404814656803,6.97103252242797,3.7520158806840684,0.02498180702747892,0.023673028865703938,0.2904258158149306,0.027548659171883733,1.47141001789722,2.475453694386286,8.753741091900437,2.4686219046558375,1.4642707573702243,0.029570218577140192,22.861868597055118,0.028827829760257696,0.7573193051863527,0.7256997913788736,0.7459029180003879,2.4211372951549075,0.2802346995065562,1.5370591242312497,2.4190820141575964,1.5493285519109383,2.383736925896484,0.2913260514366993,2.4156533227654777,1.5229985489970574,0.028397513773397134,0.303863662512704,1.5388185024575796,5.014513767974631,0.29610827313737653,1.5050844609184877,0.7417622703549169,1.53192085925114,0.030177870629803635,1.5539368135733,0.730588035638183,0.28912121486975834,0.7099467285213759,2.351074825967916,0.018494785891078367,2.299025599738641,3.8929962234829794,1.6370919213029471,0.010334176283592646,4.793022806714158,141.2793362282518,1.6546363971334535,7.214781747915616,1.6854223157421062,1.6610389646805142,2.2317079654295284,0.6430403669966542,0.35328493073727224,0.013777039809818713,1.6171691009279954,0.6716055893030386,8.366674749280854,4.167690660967372,7.065618575553955,2.3132383091931383,0.014051585591476254,3.9217027938935503,0.009137175558531043,0.3624791072494174,1.642869654412087,4.03763526175636,0.6600003005796787,11.2683995274034,0.6545012023840425,0.3476563256534853,0.011363651815563822,0.33486017652095257,11.297641939570688,11.412612606345355,3.957755308009477,4.759461697869404,0.012099977221478738,3.8812786097685286,4.352968895407222,0.013948803903608854,2.3319145739953564,3.8425815427339005,0.7181859029239995,0.023061260692565075,1.546150000862288,86.56933059818371,0.2956505467093248,2.410226935749376,3.737418391837527,0.7282278516046666,0.022512439231333992,0.025654117197978846,44.760562986056115,0.30241018002016207,7.672883541986655,0.01431788997547043,0.6884805672196065,0.7219743513037492,12.651127329670144,0.6784150979474147,0.6656765033469543,0.3283536596331281,0.3344554999736333,11.267077574813106,0.6776035010354853,1.5647046205924915,3.789776865647426,0.3007801061675756,7.005572497764228,11.162750263998923,37.09660076768216,0.015560502601471637,4.933476471785598,0.6706874570810705,2.336701486536933,0.6900719012326729,54.68980952901161,2.36452212889851,5.014460285877082,1.4828429227356115,2.4102489103583284,0.7524852304670014,13.17944753525237,0.020257893328457215,2.3187051429480308,0.32252010882514054,0.6705428264046448,0.3406022067266037,2.2298477033148076,29.20177045085536,1.5843054378125003,1.6266902550175426,2.2852259559798473,0.6557723953536642,2.2258470469843865,7.084536954219989,0.3411470938764512,0.012560417449560329,3.919289586546461,28.844937278170075,0.015514936247834404,0.020273979096747906,18.33336509446852,0.6743148544945674,6.9840050121009,2.3303375683212506,0.682098108766271,0.697343362928921,0.019264927688765338,1.551970774006708,6.839761421793603,6.976575083020568,5.053663802439595,1.5703841093027087,0.30407387371710015,0.3056218431457588,0.31331683623408274,1.6000123025501305,0.014646334157863596,0.32488787052455476,2.323398883239247,0.31306956414714143,0.01837882564271552,8.487230283163948,1.5973932442314756,1.625288816196898,0.011583371109172019,0.06829377395357018,3.910388273824902,0.010815619545374964,7.120633360455363,76.68282197403062,2.3404746500462794,0.31595717117297206,1.601453215588137,0.657262344123423,3.9467003308794375,3.9264030746347918,1.657289987813724,0.6279593145106889,4.733134333069201,1.6659734833387794,1.630793101795385,0.01501619358640228,12.898855684182719,1.631546422506464,0.3492154385796395,0.3305392443673566,0.6573456392316515,4.827326166795453,18.925614971347343,0.01157800458693353,11.314310069848592,2.2619409748396087,11.366080346584154,0.012141178513523065,0.6459324177202945,1.6352899375745733,4.891662605442082,0.015234597289826339,0.316082376240056,0.3170772525197206,0.31140393135668054,37.33311357198917,16.3318288933493,3.7886512075415646,5.0103559018946076,13.145072868888162,0.7198146169943646,16.311680780193093,1.5348261164713013,0.2992040037455085,5.05401625806273,0.6886852816818335,1.5817993030239783,3.7612922190182623,2.3818755872672166,0.019535743631105544,0.018683561108963725,0.3048133841112863,0.013281242560354444,4.866557689206447,2.2314905169455894,3.957046902231735,0.00797865539189093,0.36143847827821707,7.206951895697459,0.619029964910961,1.6841684884900894,1.6614143912244863,18.14915358801714,4.685303190064922,0.6255389393615214,0.6062840480802993,1.6985968760523167,0.36089368823799683,2.2139709065380755,0.6295778693744137,2.226699728842967,0.0038945454446677767,4.0835412611047515,4.089883916717022,0.5637233149454385,4.101102634448394,2.126188760033344,43.88230247669084,4.041183317580983,0.00424194188275615,0.594797614808729,11.426630602128077,2.192823241946807,0.35697786206012166,11.42971278870314,0.3733460901459986,33.31861008662797,2.192071184773765,0.38369088860409484,0.38143597702049753,2.124744847887812,0.00502898476808419,4.731977195637524,0.00519597735500086,0.005429402578441922,0.3702683521894651,0.00629957601960371,0.36597117898417225,0.35953486277540503,0.009283396468968207,0.3639729801303737,0.3620472687068864,11.642559708007074,2.131642312717853,1.7461227068213603,1.7185100073725028,0.6027365101537553,0.0009147856296633362,1.76625480631441,1.7409609229430418,8.193746189123237,1.7263915496435496,12.627090779682131,4.691985902506632,4.013256669066554,8.191581179863562,18.31001394953504,0.007603025089964135,0.6128685029284457,1.7146360064859762,54.97472324068156,4.0184008826750555,22.67473248556693,0.006533951679298383,2.145466443514087,0.009237399008126347,2.2356098271250695,8.471154206268809,9.675852970919301,0.378778180761465,0.5793848557453117,1.7571704349686728,0.6246561063791114,9.619366228888348,11.27209761531682,16.51559400255687,1.632600773239286,0.34215206241856244,2.2715500364398955,0.33561138140345464,1.670787378051121,0.35939406282623615,1.6781890218583124,12.64031098371715,0.6588883277690079,0.3110229919950639,2.3757222087865375,2.3468467557737585,17.276352196730077,0.32388293194024786,7.0946453803061065,1.626816266486876,0.011569037135233794,2.2791880178884276,0.011924536659615445,3.924979320703092,1.6637092266982227,0.008222769808592186,2.2246540648369435,128.9832177989175,3.925140668860217,27.487443824493305,2.205901288126031,14.710594228116644,4.78648597580334,4.737980900548075,0.6134216609464171,0.010574382639484502,18.271371775990932,8.279765134194802,0.37604892532345535,0.008723505916120785,0.010395931862596287,8.774387997338827,2.1942976832276275,13.399989429968132,8.239608885679345,7.344795100966261,0.37648202548215204,0.007544141700718643,1.7200458673611052,27.478173362209084,0.6321363370864633,0.3486957891562888,7.257639948024913,0.5962032308065983,4.013132127197519,29.96892484723953,3.9674066221732516,3.9465264523113577,7.1618273968643225,2.2855770841539473,8.411222170208424,2.2110058622226694,7.223079063887538,16.77341276525871,1.6791450397926286,0.6334980240642891,0.3527077710597357,11.451552076417839,2.236072510346819,6.883291643693918,4.067535322663531,16.71687923367854,4.018256310626626,7.282077644974616,0.0036587487997661898,0.38683211968723535,0.004578753464281469,8.101428181181898,2.135498998632097,11.589609976031827,0.3960469840538432,0.003863384075757164,1.7439312392064223,0.0063828454473368115,0.38570706169629626,0.3825002532940202,3.856903220203299,117.92526434763444,20.551312320896727,0.3929929650846421,0.3738353201170609,0.3790141029234502,0.36205738898294443,2.2124482948042683,2.1887662062296926,4.704042502505456,2.130300065335812,4.0775209237651175,1.7080170074998746,1.7014602968853194,11.59296183472264,11.622956128950268,4.51914018137776,4.142806617517084,7.42694315057591,0.5885130481493461,2.036535504652856,0.001341314798885033,0.5555049813928072,40.62045032141055,1.7494991334904932,4.022064745094662,12.61081723519372,0.391709626743056,16.587081902277223,4.0506348792184905,0.587642977968899,46.70293483155148,4.637486264967136,0.005759589881049516,0.6155407369797237,0.36570405570186915,0.34526846612696777,18.496727336665085,3.8786162931483847,8.38825824534928,0.6736908049510257,13.08594032793422,2.292220351063723,0.3272512351828189,7.11361588656775,2.3287021830248893,1.5706622411572468,0.6937629298102714,3.851150527291802,7.028688107687263,8.486015318492102,16.260457083772373,0.3162840318621285,0.6852619761281336,7.041308895678865,0.31698825119380714,0.018661883459768144,0.3298819117545073,2.305845718511635,0.010222294362703775,0.33967756267478355,2.2246406933285727,0.012509239308379782,1.63513334748777,0.6323656295298199,0.6291810157611458,0.007965727955816475,3.9735504500333194,0.3652120132956222,1.6920339801237096,0.009876935385335918,2.263722237299066,0.6682998060044839,2.3028725639241356,0.338347677610722,4.87444682056289,3.9008051126872494,0.6661138026357749,0.6661183098470765,1.6381319247978545,1.6270909528153417,2.284630103296556,0.011207111980853486,0.34225127173319686,0.6271844147331029,0.629823396299294,2.1547705095589453,0.6098343291649637,0.005873658644501589,4.067189703286183,2.165210793458686,1.7203691815062623,0.5961791449912611,0.004218788688505683,4.592503755104229,4.039768964639558,4.605433151319016,0.39882993665365724,4.105357291153865,2.146295166319905,0.004168728191746847,1.7777132190038356,0.5829746971135793,0.0042013728173810605,0.002579646389097075,1.782322870231734,2.022901267912773,0.5489374016384377,4.4367652596803415,0.5335358354938468,7.4708079394494025,1.8110746672182059,0.4294932165588992,7.852563688357958,0.43921265375255264,0.5170730043708596,8.658989637101995e-05,0.0010563643522869663,0.46235504686152573,7.893697487393753,0.001632677952042277,1.8607687494595917,0.0007873124178924886,16.15334591003467,2.052944313174804,0.556014978834865,0.44684310483940226,0.0014734148257501804,0.43380280129291293,20.00666985260406,2.02801880461255,0.4297521468503961,1.8560902614269081,4.259474409873941,0.0002893332302111489,2.0599859161661964,2.0674216341576,4.1991285717177576,0.001998228737720697,0.002712708106765869,0.4088773118948296,34.58921103667172,17.958650846749546,0.5202436883323124,0.5298936367338872,4.511831283599552,24.356261389067146,0.003924120975207188,7.498059472941518,4.581349894219789,4.549424825039489,7.064171929199803,0.5770355693212896,0.5374345371424295,0.43190844613755114,0.5510488093446381,0.43186861394379183,7.562544398545836,0.5522746655848507,1.5046921266804003,1.7916692842070534,13.475522610282061,1.8286923957309078,0.0021460416405497083,4.606054673869855,0.0018462511999333567,4.17045088027964,4.583638237447212,0.5599963780267937,1.8177414598668855,1.8162239926571104,0.0019581851237736076,0.41642270988889324,0.42460289964489417,17.151609577392946,2.064959341603211,0.40603281717237366,0.4197500696345886,1.7940712602710238,0.5546210222016861,0.0009886880680182405,7.593067390226689,0.00041400488731211635,7.593694026466529,0.5360891274052626,0.5383697062207885,0.4324772039541462,2.1215870017604344,142.24068845650987,1.787217765572523,126.38365621168423,1.7712151408266912,0.4030259709458643,4.643626708076289,4.019401243899719,4.560111060913751,0.5342329521656056,0.5729253944224273,0.003983644565309317,0.5843018137910077,0.43161490284192866,2.054708510736704,1.7969667369046327,7.988262160572868,0.4260497712000166,1.8317316590542805,0.001402965243466415,1.8582590689000376,4.1650594409675135,0.4181456513666495,2.093573284009996,4.6010844026688265,1.851908497881965,0.0012203705720860462,1.8476483527979746,0.0006544189753711904,44.22702306593868,1.9811483868733049,1.8825910276452602,35.23782712677989,0.4900273786138366,4.340758478523975,4.308990023026518,4.576856313887463e-05,36.913952926287706,4.324048587107415,4.376802421281711,1.9493005601266924,0.00025056360404141463,0.0003730063304097867,4.274714104802391,0.0005069501736685264,4.295597456938705,9.287755456192647e-09,7.735192133123034,14.754531595831892,0.47951558095914926,0.503738818716019,1.9039760259717664,0.0003255211261201248,4.212052805263078,0.000487568585818681,4.291130772728974,1.9705076119275666,7.848885274918267,0.0009069649808708844,7.719262827685817,0.4930137774337417,0.49639525039717985,17.545876148434274,4.1171221108662715e-06,0.0007529236609028211,4.429040936163852,1.994509432950457,4.306888202111547,0.000701122890270388,1.883727694645337,1.9645354265223616,0.49704454596474673,0.4890275861157681,1.1201961415117834e-06,4.435663653325417,31.408241444776568,0.4883032185593731,0.47303418158160326,0.4784797523230976,0.5068026078790332,0.5175766572747191,0.5104879771501778,0.4982219118166083,12.094559568612016,0.000297996418160944,0.00012457395511202102,0.03146338086337291,2.040319649767032,0.000367487204167342,4.4420956278947505,7.749045019404261,7.779836041378965,9.148765897092375e-05,0.0004543441876875278,0.5166553752651125,1.9789867481696748,0.5208305301122664,0.0006897625050717032,2.015558434762096,0.5237152851233952,4.182373930982755,0.0009323929912027234,4.546881806760357,0.002849208580790472,2.0408759036449062,9.357582862409164e-05,2.0465167095098016,7.910447438292734,0.0007937297307293752,12.253961834279602,11.875930407311195,0.0016910722275277426,0.4490329165929722,4.227872668640507,1.6338386472909399,0.0011678473488412955,2.0538626558697137,0.45589825893321356,2.0257317363814282,0.43003236010193513,8.010911219352117,2.0672206045972357,51.37086488405432,15.443319950508704,0.0024188287388737925,0.002615684383613393,0.5715415808745776,7.995478128118322,4.190999646783561,0.4148011135122262,14.49355183901206,0.00423020177097818,0.004229149844150677,0.0026905311285227336,0.006177019499430332,3.9625580877444446,4.759049266567284,60.618016466306784,0.5963960235469359,0.004198822657346828,17.932657436251965,11.648404488614164,0.0025507375022440397,0.0018681249007450893,40.20100305039009,0.6429829613574498,0.0016855244142822093,7.945223929259928,0.41474358530425154,2.085817306700716,8.076753632480678,2.0558021742654335,2.051676421288149,0.5228028974531064,4.264852755500688,6.515453741293416,7.859454887603247,0.00042662637949219943,0.503685718893659,0.45597207926386274,2.0182944894978823,1.818819383548013,0.4388824849324766,0.4266730179248307,2.03354583868413,0.4413914949915432,4.2766491232440185,0.45984114078368127,14.476443139204438,0.0015485970386111853,2.0740566044387734,4.561244721700932,0.5606097474353161,7.5611818908985615,0.5611210003109863,2.134649782751644,0.5709489117543128,8.118620147067537,12.610393295824116,2.166861327458255,2.1746486046810287,2.1383708125769627,29.202329882762328,0.40611350530166296,0.5580691654213978,0.5808565531506656,24.185990924508385,0.003946642118300881,0.0020689409624218393,0.40951455969041417,1.8028179043682802,4.548631783217567,0.5444793598168671,0.545210134591402,1.86003860363704,0.4555414733286442,1.903320186820632,4.393560012918468,0.4948091716879894,0.48385445517429443,4.347945380720681,0.4796392646777281,0.5049149513764037,0.474815891830887,4.729384511392234e-05,1.951637190634294,0.00019953296057852692,0.4909055635615419,0.00034135338736096066,1.9821378053440866,0.5092057433943171,0.0009224059095315281,1.9729014196363432,7.850474884169909,52.88342077435917,0.42419893425714983,0.43190661447242623,1.8090101617101213,4.161694483540008,1.860057172825825,0.0001590966774238469,0.5044736185101092,1.964703155536913,5.8699529459498096e-05,0.4992946446612559,1.9965388776491495,4.454095965098494,7.983358683763971,0.5603459914423289,0.42850612853973785,0.5543270149962025,8.034162958177687,0.40310780840124616,4.58029605490734,0.5791621458351252,4.626588940530063,0.3963002199686275,0.41996705863821715,4.574715062179461,0.0011993593495961204,2.150632395924848,56.26555872258315,0.5074522515147598,0.0011278492617078886,0.4426917160343485,0.5394150803249169,0.5493979222695574,0.001618239356701765,7.958230826584203,0.5550595436977566,1.7831446300538814,0.4024835676182509,11.697632691776706,0.5474039581027337,2.0560541129265424,2.0812275195230234,0.0030238851788614795,0.003625630211961247,0.5750437128675527,0.004518246816601809,0.0033290709183530507,0.5566576922007389,2.4895223049387747,0.45201837919611637,0.43488916367355346,0.4491892231733905,4.526891190071914,11.803715166584096,7.964212613936388,0.4251084999155715,0.536152388582223,2.0106223751723165,4.2757108130749995,12.27659016235542,0.539912922412308,4.595758941896138,4.576990718834239,0.3937493109144459,0.5750845864228323,0.4013783079571126,20.84280823526609,117.84543164935702,0.5718955524774652,8.028690111019884,4.599306921984116,0.42924302167157957,20.02488409341502,2.086627393896883,4.628805556231591,0.0038929847023886823,12.599398860450702,0.5989622610469655,0.004793547973065704,0.006709559042283411,2.159531170987491,2.213298174593737,0.35374734296514054,0.008975260249249085,0.6340435031400011,0.6286232421935645,0.006652335369193777,11.583711007196518,26.516084339628264,0.0034982054586850625,0.005338204716168007,18.252395682035925,7.09429962521985,4.798957699111337,1.734349821014553,12.665944931614968,20.849826140686034,4.658092684947066,0.365671629636881,0.6328185762013394,2.2286090446449873,0.008253002484351228,8.231939362327077,0.007081295049290386,1.7515164304748516,1.7567096371715654,2.1682373054924593,8.157164228041722,0.0070094658897207765,20.82840610893724,0.38936717255497644,0.590088517634466,0.006139761727266367,0.005058170378900436,10.752117529860655,0.59601012711947,11.476280718360869,0.6062427425091942,4.613544369052331,136.10509682976897,8.19464661776409,0.3816082912440272,15.764306813157456,0.008110459723909875,0.6034510627471361,7.21705742965036,4.010662219936529,0.008646259082220926,2.2448478625698716,2.3031997836891698,32.251481288335,0.6878332927313228,0.016455336202747944,0.019194750169652247,0.6732193330502311,4.84554317581063,0.35428131146651964,11.452678094495893,2.231829923580008,7.1929937280428495,8.331500202772764,0.012481395890804615,1.6138969710634816,60.424613576007786,0.6885411966577577,0.3280962402021351,8.418839117354395,0.33682447221545997,0.6529476124162713,1.648197530072335,0.006729041006668872,4.6502039048788895,0.612011532549283,7.377038240379666,0.0050382433888667855,1.7360303042450655,12.549979099287151,2.1711766424971835,1.7316678223861284,0.3825101001119752,8.20888500541227,0.37167164546383896,2.1539491870026,1.7619180661203164,4.11733085774382,0.6152637138192341,0.36113934677822024,7.226929973180309,0.009432893686255807,0.00986208847918886,1.6602705759878424,0.013446776597496497,2.2290743079618687,0.649210328192991,0.3387406270814089,4.925352105905961,0.30642250723839587,0.024845491843617114,0.03226235886566567,1.4241808360860488,0.7684277864529151,5.1468214495201305,0.04034018524940019,0.25998651245775073,1.50580110653441,1.5230254439829403,0.025931832705747594,29.13426769473859,13.156491073881496,6.93488725648073,0.018735879892189795,0.6965090366745241,0.2932929543546155,12.995725526748089,0.017303588520835033,0.31272696604933925,0.6753986101239156,2.341641402701863,0.3097632349254478,1.5481186022144513,0.2991097812593908,0.6895317174690772,0.31789057648191166,0.3428552145881607,25.968423850968176,1.6271233757923211,0.014390078280336555,0.3348948029605618,3.818076601547686,8.42413416577493,4.882673442096385,0.010539202820289435,0.6387492019621558,0.3731343598658211,4.085350542040389,2.115622068768948,4.640399002994433,7.465035807615628,0.41163343849631756,0.0035914845495842273,0.395940557226775,2.144781319455642,0.5885173839200131,2.113251140076907,7.458291474147456,4.582890105152308,1.8342315633696684,0.5773827465780985,25.282456477695312,41.367110499239814,20.717044889019363,0.37264992204301145,2.182080922236055,0.6127079573049021,4.736041303662425,0.37487373498802995,0.5824220697368515,0.5673862396378426,0.003127911012225849,4.600981786525032,0.5620824266050747,130.8435286157728,0.005105523669844558,2.2075821295025393,3.9058936456263083,1.6383869795758685,0.6320380184303989,4.823428545123507,8.386848663307513,0.31976804555407334,1.579087543170436,0.014104921975188948,0.6450175264176528,0.011750092857101282,2.2342094696607764,0.32267420928771784,0.6821273568984983,0.6487648175614682,4.80576633067768,2.2364985295455533,8.299598333625173,0.01377367761697141,1.601349659827327,0.011649488301180908,0.010242615513883871,1.6047514501444347,1.6339646907299745,4.844802427659926,1.6539499153151813,3.912515573465273,0.6363542817833114,0.3614964047967421,0.36821933258953504,2.212551944006051,18.226493886278178,0.008775799674843068,0.006496053287140721,4.632182938834433,0.414561643634689,0.002769237780315411,0.5809012276233411,2.1585772090892785,0.0052541874834851005,8.182823343071238,0.005787302128163513,1.7633487226058102,2.131859668464394,0.0030018313114599463,66.43565330917465,0.00359474719901294,0.41145877013294535,9.231495464048242,0.6144454855732334,26.23910677760845,0.013130872945647472,4.822749963990724,0.012539424607292765,0.661575052773533,0.01085555132415694,2.2321780799935658,7.023777886911026,0.652768045855255,9.637887170666655,108.10947846229853,1.6047223583378123,0.0130901908377317,0.012555495242330779,0.011459726090090773,2.2053196333520098,0.36011263200793187,0.3762569338131596,0.3826065523366217,0.38050043557103397,8.214039631632904,0.6128011221310554,0.6086059245148935,4.709602697637725,0.009701389715507028,0.3828315137495494,0.5785473525639795,4.675647574483745,8.148130995773752,2.183087712509169,0.6047765916245812,0.006086393370926946,2.170578831115669,2.1570141133229925,0.004000447463757952,1.7510647452222388,0.3964491538032299,2.1445377261447858,2.116260269461582,0.5882335969054365,0.5857729585968953,0.40400452311101526,4.069840145698907,7.463676944469889,0.0027308015403464843,0.003289475997915517,0.003316786291071172,2.1119176523652032,11.584769331620235,0.5712347416847096,12.450064319533608,0.0024383817366579004,4.113201248953687,0.0025447396441644725,0.0020674923318970946,27.575596655315515,35.43184628059312,59.52187758183196,1.8017175883917476,1.7631916391152949,1.7558719167539563,0.0051509320653455115,0.5751624904078405,16.7566162595025,4.631028861200817,17.9028835045237,0.5861495060581171,2.162381219597988,0.005957116596344449,0.006717727547080804,0.003653810240550582,11.30282144522761,0.41726813411530184,0.005886097617395641,4.6677602956244,0.0056310071502672105,1.7549538683017436,97.06312643602925,0.41992322196956544,1.7698939143401553,0.554854364314227,9.262503331809157,0.6076896235535252,4.67080386582067,0.351527931124968,0.3479530728399726,0.35371780234704286,0.007801037968240684,0.5964957061507999,0.006495993620983247,0.5990662557476573,0.6172151404186651,4.776780028557889,0.6273962026713142,0.36829197748297654,2.2075802346396025,1.6862056740728424,0.009522257961078546,4.698892873917047,3.396635876737657,0.006518435376722986,1.7029144647170105,0.004210967656356888,0.5665882479591541,8.101057146694298,0.5646478850227984,1.7800570132133668,0.41478975737446444,0.5809555100695176,7.420953862553178,0.3845403651411621,1.7187697412919445,0.005582331510898096,2.1551562564437923,4.669193681574599,0.004207867273843889,0.5967842157960965,1.6490965740726846,1.6639650638309809,0.007878919979499646,8.211423066234055,0.36094906776530705,1.6530088253521726,2.212559648186391,7.331905445494651,0.007153588305454083,4.768849559425026,7.310887263379656,8.215528328546329,2.1703971039218004,4.631289925867024,1.7448341598207253,4.67269513390555,1.7423764090156244,0.5718884477765409,0.5760764607759383,0.38490748858400453,17.09971532742469,0.3992467185725186,1.7468669521108504,0.5942322991502992,0.6164978289636606,0.3391124342527338,2.268414168401187,2.242342401300224,2.220066878522548,2.2293909760860067,4.823153494633961,2.264104807275243,0.016134486629124208,0.3288421399700298,0.3341938318889931,0.3409240455795186,0.34729268895658566,4.7880699513234,8.298635281659541,0.6225320903755875,0.010724472830051054,16.00498816055632,0.33964320047994634,4.830669474859515,0.6361616926498621,0.35745573303621464,0.6042093072308757,0.38153186638781694,0.004560962242421318,4.618874429061589,35.38897990779161,0.5495665737115114,0.5500908023025728,0.0022691903909698775,4.586586530864434,1.7689212753841799,4.627974144184616,2.1963144531942453,4.764296470569221,0.008485804272612599,0.008128725950232937,4.059855883534459,0.3849774845925686,7.228328060492063,0.3563912015520207,3.9200161375720857,2.2007566389705246,0.6666233760371053,0.33334066736484275,0.6741571227999963,2.30842388140897,2.2760701441820883,18.458177346702445,4.913231361497526,0.3230051023219666,1.6249711123654453,0.013479680057089579,0.018626518890613866,0.3093778250503189,1.532438494665039,0.6895132332080258,2.3110223308498097,1.58091368809246,0.4191365148700914,0.013019952075938165,0.010340038728206047,0.6350338817047454,16.59079636569844,0.0074782108741874055,2.236357143201681,8.267060572230445,0.5855289800266306,12.638186803651715,27.220213803651536,0.0029765150663734977,0.003485986607770029,0.5850754525304047,0.6028766289650669,8.269594838707592,0.008630591568648946,0.008573649839971154,0.35205489318612054,4.822433442670316,0.010824134195475718,0.010561460625447177,0.010644249865061453,0.3531121237148159,1.654221309631264,11.339343519383672,0.3414900929511849,0.10866352554508388,8.354943448042178,0.00825227538938523,0.008156265695529972,2.210364414814874,0.34959241517019424,2.259528827630221,0.010262026796721838,1.6406000249686714,0.6705421691290511,0.6511923187621071,0.3252894660370123,2.3130757637565846,1.6195311788957345,0.018821433673094086,8.44871932247868,0.010899228630846686,8.321692452304983,0.32321615631299233,0.3430176898618369,1.6201032846064902,0.6578523950470759,0.6647918783787569,2.30784305414787,0.011215078675946134,0.011280549220821284,11.381929911631035,0.33236304251851356,3.859289358266496,0.018612153037830034,7.012810864364802,4.9365525515388375,27.574974172628885,0.7059410155236159,4.872535402095438,0.32874520280273284,2.3351128506599466,0.6928998448488098,0.016390551134410576,3.5690596325255513,1.6608375149721435,1.6186396772415415,0.01612354691686139,8.451030213712937,0.014938182827329909,0.6614892722646691,0.6494135156391283,1.6801866442070281,4.797642318152385,1.6757682184897438,0.36702108419528645,0.5942621968243598,4.058412135952251,0.002650538779554415,29.581495762522792,0.00244771696066633,4.165436527176827,60.64819117132386,7.3971845322346566,4.6676512397697945,8.114602249219129,0.3856068719861956,0.005657316485116249,2.187437214621461,4.745901291397579,0.37269323442988417,25.901909158718386,0.6282631886650821,0.008142612802289536,1.6356597605412717,0.3586629460976463,0.6442546651840861,11.345202129663129,1.5921600936458213,8.439359967657804,0.33129850667065547,0.013205671363356179,1.6455759296429262,12.921304037585097,7.197080836263852,0.3561040718191228,2.2584036585678886,0.6331582959681421,0.013448910240985868,0.344730118032353,0.7672799668019772,3.9555478406201163,0.3401898106068222,2.285524582532942,32.03951324726538,16.40261703782223,4.897330521617282,40.452380206562964,13.533454662341152,11.182837454505878,0.6716625327486294,2.2943057128670583,3.899294506552816,0.011120011575827059,0.6362090019009863,0.009446599025435829,0.012723459767863751,0.3491505018326524,0.6496615489396258,22.77149810393678,0.016874261064467065,0.32436532506003996,0.012536096364882123,0.3570711562633784,20.02748491152677,1.6589230833496442,0.33120887024776424,0.64955528931383,2.258218918586432,0.6436316757322683,0.6495825638969168,15.913472644428566,2.1950508751781763,1.6912407766520217,1.6871718277447674,0.3513852630149128,1.6836483941264349,1.6681174778443713,0.6485381512311168,25.561488724187694,4.845605853130309,0.6532218780489717,2.283795514430071,2.2942305147641218,0.31882846506533913,0.7027974298869164,59.800611128475204,0.6612037713958114,0.3139764248077197,0.30441041058401525,0.02361854395639724,0.7131021923803011,0.01899484923633287,8.461343726287392,0.6765793788496398,0.6904769647900066,0.30293254651147117,0.7222887330925921,0.2863565976797312,0.2855396975435682,0.02560868705929498,0.7328072651299145,0.7496769149521412,0.028650708817826543,0.2846292137204313,0.7287552961427256,27.23961183932565,0.2950481797650215,0.27921030917677037,0.7672607627313474,5.101051413083854,0.20682438376512013,3.6207187206189455,2.463341827817697,0.2565423996815834,0.26589134884659543,2.4331004997494654,2.441484373277868,8.784914161932898,1.4594509620855605,0.02799157336125072,0.02174132828164535,0.27975089696739885,1.49383742142987,0.5305529573404303,0.026405292363216076,2.6381705706915572,0.03531515160245537,19.304474150008193,0.037122829484664055,1.468156629990726,0.029791053237759497,0.26017173496279566,0.034446644598656165,0.03885075717344165,5.237271451092953,31.007950596048627,0.8176328061194726,3.5626385525450006,0.033211826979357706,10.932600886053393,0.2610070416127607,0.031962126537910134,0.27481265169936214,8.682865737685376,0.7172626318984378,0.2990124408330633,1.5154331484010595,0.2777587043008881,8.793633104549807,0.2543087679089348,2.500253374567642,0.8066006250611895,0.037369002198687246,3.5666643606262807,0.03795540940785039,1.4284093797873343,5.120410624835377,2.42408272558423,1.4450625280021647,0.26445749514445654,0.03601089035332008,0.2700460266262322,2.4504028649787624,0.038778841209211976,19.031529343235643,1.4330571873046487,0.74901017917931,0.27759564232646783,0.02660507813913512,5.007855010758505,1.5251350664501857,0.022829913790014728,8.614909520060783,3.7255086567371145,11.035736525833475,2.4149006885844058,0.027044985622566374,5.0549130550200125,0.024683198829223024,13.321701085055087,6.776024110673255,0.8140682161796373,0.8090150857533001,0.22448079739946958,1.3660129712369689,0.24951214752858447,19.9291762269238,0.03380217637366483,0.03231648448228215,296.5702236140673,32.283397296632415,8.795298577080437,25.46899547622859,1.503358899447374,107.47465902196681,0.022789537812242234,13.1393247848657,0.024388364118834313,0.023438124585543493,2.39592769812378,0.027759204244300582,6.869768065464108,0.2895107237770816,0.026052487606476618,0.02497885251392644,5.067340743094745,5.084089998848371,4.991279877402494,0.7265882136953791,3.7182347870767787,8.720026516048383,1.9016023950121823,0.30302698613829826,0.02165662828538699,4.992231785957465,3.8716003581518725,0.016405787840715783,0.7427852815208872,2.4089082363200918,5.089804109467642,2.419554995170422,0.7485465468186181,2.4823047288250817,0.03771452831679342,0.04075775135765163,1.4260848327211881,0.7781834089024091,25.274709898654073,0.7206118184275798,1.5415853349485258,0.023965756469267695,11.18528619480465,0.019445340725368864,1.6008379150236323,0.6794332290213352,0.014691585883110533,0.016841070508826723,0.33288962955347373,0.32846026090084623,0.34757203914649265,0.3461063821240571,0.014369456731840856,2.2920862004150275,8.437956657344522,2.316504539301537,12.978793124340886,0.6676522802265136,0.682474187703782,0.3185312123696724,0.31241859481527035,11.093963148555764,0.020255563049430075,4.969145115878049,0.7009913623793324,18.644755633898065,3.787491327526237,19.721088503603774,0.01658482920825616,4.915275345571964,0.6974037072490027,0.890608595385849,3.871358368163442,2.3312583149847934,0.33053238537323343,2.3178297198011797,3.8944001836552737,0.01601373190309848,0.6712418520453797,0.01824210994111392,0.02012112371534343,20.338371002855844,1.5808315515480713,0.6744346823771158,0.014615172722704644,2.3357204219902283,65.48232472482965,0.6769785701805192,0.3050444211339687,0.019327603208790928,8.558566650585862,0.017620395413891498,0.020880079544496694,0.7063214590515087,18.638118054029384,1.526908964160869,0.2827233375050019,6.8835178267344705,0.019494303668222624,8.542115410246568,0.6978179320136575,3.7962288168456393,0.6786353180122245,0.7073815898610203,8.619818945436169,0.6766034478076828,3.8858873268310927,1.6000952886911788,0.6616395819759181,38.763368836162144,2.3710644092809496,2.3748730799764757,0.31478754516587837,3.8282539409242515,1.5518890962341725,2.3308768607210046,1.5585732984560772,4.906297880016123,3.84310579708235,0.6853704223248959,2.30053041106848,16.433897468955937,4.9334583789517685,0.7191510235282995,0.724666979377417,0.024719432659418335,8.62005532883879,3.7014204087278992,5.0322041246985805,6.921829568968563,1.5585911363316323,6.910918189289114,0.022770837300629516,1.5582764076776232,0.017852705478039545,21.14334122183513,2.3464767028177724,5.090863276893421,0.7357722260547964,0.2801550182368474,0.024838866158432428,8.61120293138865,8.610494973894747,0.02375174249621161,0.01825279057853818,0.6796595154218025,0.016410193189640078,0.018350910085661653,0.6894616029679359,0.01731000974722144,1.5744866823888204,0.699886251002115,0.716756494453965,4.989534624674823,13.150992019668625,0.4645310477456204,0.028234844309199078,0.7489425547453281,0.022465109983885664,0.7297041769470491,1.529353548981872,2.365767536689375,2.399018731641344,4.669029060142496,0.7251443538487377,0.711957283867244,6.90172715602171,0.28398986673158017,0.2901796840468146,3.6835503032180568,19.147976852094104,5.0150653562112915,1.5686943608388013,0.30916305108135156,0.016006821349476424,0.012678207742292679,2.289017316240268,0.3481431664195201,1.6394173082629317,2.277709821172522,2.292392618735369,0.32547583220964293,1.5988879675839527,3.80087126202017,4.3201620059700385,1.5800623686502788,0.3037229288073136,2.326365181088926,33.740781511271535,0.6809374762687158,1.5977689897158525,0.6752569270720016,13.086908260877298,0.6677712334831374,0.009754276717536215,1.6502678614996538,18.21176105087318,0.6725879523957146,11.286205283641326,3.8979280590530214,0.6608248467804625,0.32289239778243556,1.6150693698026297,0.6689367409401473,4.899033861068337,0.01913964624433922,0.3089163563652115,0.6965452441037269,1.531072677833385,0.0228085149720809,0.023799301198746837,1.5636132136483258,1.5779526362891827,0.31502563671431527,2.3417212634083406,0.31160608792810085,0.016928435447355176,17.383074765157424,3.8776688741522625,2.3798243473545844,0.3064081120910299,0.020093814606386536,50.43451282842577,39.86452934098292,0.31428211945879253,49.332241413159416,0.016968631466822724,0.711444476959662,0.2898025620583006,24.09954680319083,0.7482630752305971,0.28369676975600217,0.024834020321242375,5.072356864520774,2.4220512944155472,1.502253660491132,0.025875991774447077,6.84251423972994,0.03315973024263969,0.03862581330015462,2.523166908960789,0.8146212660819776,0.7900236496534885,0.7580940603292196,2.3848224111967617,0.022908082499591562,1.5047195007996956,0.29282786121915827,0.7283320838841111,0.7343137915304067,19.276495570611548,1.5627728216362122,0.6864403293250689,8.597874109635756,0.027016050926308557,0.7307220350652496,5.071408036581712,8.696612822829685,0.28397453474651907,0.28414484093330766,13.691658487949098,0.020685036193425106,0.7264349789698592,27.66785796436874,2.372755695080892,2.3878247767847713,0.2840736627462221,1.4706469473774892,5.1784423107603486,1.8062931383224117,42.82361831608782,0.03347000578143354,13.307521783011127,3.657910138728558,12.802596393847377,47.432945084532136,0.2811969215207834,0.28648093884393655,2.8278671597880316,0.27052432899829437,3.610634962607543,41.491872778767835,25.56755131075829,1.4545244997129538,0.7657323486070242,2.4347332989423207,1.527038430188209,6.910135528047351,0.7464365807354764,6.699923564462135,5.150310670563663,0.2901064066541595,1.538798337434981,0.2905269291740449,18.361830331081347,15.35066900069006,1.443269801458569,1.398229837810377,0.03710747535376668,8.872679958766163,25.49692734244185,0.7668664037381298,5.096786748616742,0.7554663749699503,5.200236638858903,0.26018038414117084,0.2690302735217542,13.438111220543906,0.770411416936262,2.485027362202854,0.24470818080586318,0.25331422635706075,0.035031603663494476,0.04471799563814078,10.692363812902192,0.03441458362538533,0.2758524313091967,0.7425361445682541,8.749472277545413,5.150277830668267,3.3883617110847672,50.092828453137706,13.402790035007031,0.032507277500597974,0.7811400845847138,2.5243550952676816,2.5492068092786018,5.169738651207985,0.03746257588057264,39.20945234007357,5.180853137597416,0.7606297841534587,3.685743549439763,0.25326186792980193,0.03514265764287862,0.2575870253249163,0.03517411145365985,0.0322176336636656,1.4710321356595448,2.4750074958415764,1.4589571519270395,0.03554755926128935,5.181492154422569,1.4587821090306128,0.25492411549915384,0.035317376120254505,0.8186118943846779,0.7957286541590698,5.202453810550528,8.984470061487333,0.23236577253983237,2.560188075002211,6.705674318415936,0.8357304906369762,0.8208576647163106,19.218682825761423,3.5535990926890895,2.569905818953256,0.235451955095929,0.24476963107069105,5.244168696634111,5.241326853478608,0.8274935262365471,0.0496908632721412,0.8490026122448611,2.57239635688649,0.04531063235799379,0.04729337170835035,0.8217362475367875,0.8236453041583488,2.5949204488894866,1.4097683227751885,9.000365904896228,5.240227320096569,0.24211429938603865,0.8041142764555488,1.4121845926695311,2.552606422718101,0.23616313262994557,0.8485096666228578,0.06008989923661713,0.9019389504489004,0.20137978341532742,3.312369094034308,3.317758486858686,0.9038345763292952,2.624776213889131,0.05092391083867735,0.20566082975502514,2.661399360791069,3.472219911936138,0.234973586583908,2.575633569539963,3.497165007096955,0.24172499360404143,2.513466905461236,31.76281294218205,0.03770500424618175,1.0549025714654265,1.452979644327572,5.152251737987935,2.4995282993371224,5.141981348043261,8.860250214607577,0.24491057105196967,58.33124392958984,0.03846439116315092,0.2527113149533548,0.038811799120256237,0.796727772499387,25.231924566889955,0.035288770530727195,5.200363432066604,16.41612618523518,1.421888416663368,0.25667366712804823,0.23866229363356217,10.743411271120141,24.445971150072968,0.8388831343310569,2.552756770182212,2.5106007615282193,0.03631842286231337,2.5628797748609276,8.536795403354501,0.8469770104452565,0.2281213666534998,0.046672036394082045,5.322226061988059,2.591714013631956,5.2887357928679934,0.22020987248762602,0.04642325889217929,1.4028958842294603,5.209891861365822,13.465651886307281,0.0390121544916476,0.0404137740333041,0.04694461187870037,0.2346118414414068,0.8275128486136276,0.23271377893056902,19.24235951577318,0.046614909958968526,2.5970351149511512,5.307327349707781,2.5739629336890455,5.182566542289426,3.5985673291012716,2.5686949724569597,1.3991543399981308,38.72257571433247,17.79550905902255,5.3768288422265185,0.8522182408874857,2.576279893368271,0.8364216416144077,0.04309070651244535,0.2527169607972603,0.7849421464984244,1.452906993315872,3.622175801595099,0.8112292335843039,0.03945181354610623,8.943232658847007,0.7988586122086607,5.306090357928792,1.354198797456182,5.288717411352425,0.8770828685896023,0.19671729579502953,14.840262681879222,0.06979422738826448,1.3094835640418898,8.62950740349834,1.2877399502387585,6.315870091034939,0.18274865467400703,2.7463701069394264,0.06303376349758488,1.3338167773076164,0.20337177042383703,13.81513625059945,0.20429383083963795,22.2318881993268,19.505688134014775,0.2064922449659054,1.7965259023273972,0.059086159075227,0.20495089106413816,0.8682369645746757,0.057638576369323485,0.06095593524291327,5.39734527342868,0.060674171573123124,0.905960377176367,0.07033108907486842,0.19776319296788475,13.393610204914282,0.0653659903584073,0.19161628524998947,0.06337829384691489,16.85907321547049,8.368572843922577,0.056665821608177,6.038240972152179,0.1928988329559775,5.476819292019388,0.6497320876908247,3.34163452932505,0.199490110942316,2.753202414164866,2.6857271028106586,0.173055615445596,0.08145806643605019,2.8248476327398935,1.2339546985100014,0.9274840916699286,6.378308099836432,0.06614088288658408,0.9478656899666148,0.1749735651133581,1.2401968707616147,0.947279872986413,1.259627779759609,3.3365262310533113,2.754909650650052,0.06788621670717408,0.057706810753642576,0.20061136746883707,1.3342439932511405,0.8845021653494791,5.443760918002668,2.6233035093051313,13.8942811153287,0.062493752324876334,13.812448974729822,2.6804291750117533,0.8644385735900153,0.21442554054527715,0.21794498876263127,2.6145368605407633,1.3233628224360703,0.8990052040656964,0.19703053351265531,0.183943655001788,14.103663981265012,1.0690752993919999,2.7289852596159543,3.4520077684540755,0.05763473910186977,2.651269124324786,19.440386202574153,0.05141196503039522,0.8790689658216808,5.458725385588419,9.108780727566863,0.05351399796906124,2.658920764904772,0.06099295963255383,0.9017259565292196,0.1791665396795847,2.7274733296744174,0.9719367622393723,0.07676494470248829,0.1641118300260482,2.749455273003798,5.58135490189042,1.1894778983013032,5.578204827905803,2.776817422698255,2.785063958513953,0.16978081786749594,1.256813087461272,1.307506401804763,2.689013476932067,2.679889921171902,13.810530020189336,2.5965338453260123,6.548866575869485,0.20445343753625556,5.408515630535551,0.8898744810566519,0.06707372211367384,3.322149202283331,2.7550388167982875,8.628433773411341,1.2579654678267393,0.06947495491786201,0.1821987939216575,0.9125230248829308,5.466713894903825,0.21200294108936713,0.05449708514601299,0.055945116616610904,2.663510826825323,0.8947471736276218,13.960731894752698,3.2956311025078233,0.9538537572299003,0.1686096223877896,0.17035237872625855,1.1978413568288993,0.07650304167143263,9.37992590424225,6.225097613948822,0.08499756179916337,114.06293337678007,0.9159119627987578,0.06710607328244764,1.2905331750648241,58.66688361234195,0.20266002051334644,3.2910525864333193,12.076025422347842,0.06364293816638684,2.721606673925689,0.1904358390111226,0.053431422689321904,0.8590208863242864,0.8923211947565004,3.392716442258778,3.3529299613671726,2.742842419641336,0.06657597278270459,3.3066372806324567,0.19507740960662354,5.399569744690012,1.2775380190642354,5.586079695229483,2.764847027968175,14.021918460263914,14.059343678324966,72.44839076419649,0.08460690416374618,2.81246004025215,0.9377916227119696,6.154055175694455,0.08601003691058426,1.1697536984642654,0.15631201025517488,0.16193407141909708,0.08547363372894237,9.383392051882684,0.9556324749163019,6.28815946966282,0.16302763661751857,14.012243190708814,5.635203248290932,0.16350020607635157,0.9856709077179591,5.71157204515428,1.0008360372942071,0.9744882398452481,14.124779646020771,1.193185093049477,9.507917572438815,9.423527074937802,14.23210883124832,3.2136746995779966,34.10367232591124,0.16270550756275948,0.9701147557610534,0.9511440139983149,0.9311961361322076,0.07009735958540955,6.767393422612317,0.06725244747042768,0.9259390708066494,2.7247752238022827,1.2335070370994552,0.9097497102633285,0.963594304097796,6.177522292862255,0.19010206076456881,0.05470670548484087,5.444418460342022,5.402562924425231,0.04818500478133435,2.594737290586012,0.8669296904737795,0.8475834822479178,0.04928167877701866,5.321384005699189,0.8345116538762442,3.4234003802751785,0.05419134715473567,0.8622084718229567,0.22022161585281957,1.360742291773526,0.8354036767024513,6.6073064016550465,2.596527385864797,0.8168825811860467,2.5672756117386806,1.4394720221675572,0.0393289345460655,0.8165445801667139,0.8395519374479299,0.2392852615792668,1.404850700756797,5.3230425333324,5.3711889709831135,1.3515634200613833,0.05543390492206624,1.3434438474845485,5.35532016982167,0.8473524041008582,1.3741505481570295,0.045806674890520545,0.8149537439595202,0.8524105611008453,8.374034602695806,3.4998011791859467,0.06072707928047584,0.05592293555753103,13.810494392246145,2.598190371571322,9.160541559402136,9.165697168931354,0.060208063053091836,0.2055619986372815,0.04990001168764747,1.3716868043456352,2.5826425830265074,3.5522758859378323,0.042425893682357115,24.269711456225608,2.5731158828121496,8.959185180243967,8.995957763174177,0.810023866272436,2.576624256262973,2.5776618891406637,0.04754912467421624,17.71506773659239,2.6463976504556967,0.8655245340146864,32.0479184604125,5.405345548658667,0.20517441926206698,5.363752657832328,0.6007790539817865,0.06521950151463254,7.5360296869216,0.041658126311925774,13.57357239893481,1.4437936689873843,0.030850916345729895,0.7735695772434003,0.2336083060090031,9.028500188317963,0.8544122116700774,2.61171096246076,0.0544078378404134,5.42860500659404,1.3364263338126816,0.05635884047971378,0.03189964240696436,2.595353453710026,3.528614408129929,24.925241936977397,24.04090782002743,1.377102867925544,2.6379539399392655,2.634277944576235,0.8301310881894628,1.3443302055710067,0.052146203728906035,2.596324931841967,2.5651603662625195,0.8070917301528041,2.58666308168351,15.667572009348216,3.45973255906268,5.395731166469554,0.875516433570163,5.379979916987831,2.621916723324677,19.3610647307566,0.054272575545886007,1.403503272349576,0.24508082281844693,8.9968708751152,0.044978301651967825,5.217022136938761,6.739024406802181,3.4396907516319697,0.2405939604146028,13.644633737599296,68.61847087988355,2.6332888524090077,0.21720155783629233,0.2018317314246822,0.19679212330939877
critic_expected_return_losses,1015.9406887465454,1019.1426431015498,1009.8924072237985,1008.3917362094376,959.2001129828595,1074.9341453490367,918.9019022796006,1092.5572212763477,887.8268842985997,943.0599338595146,1127.201739532804,1049.5564531820464,1026.8222931972466,1017.119784621568,904.2464472543835,963.4455292181011,1055.6710926544802,900.6905933059859,882.5857666506254,1007.9555215374118,1011.4950601735836,1086.869976199055,952.2951050660648,854.8618184729949,769.8985441843191,963.563365320274,847.1338763997455,962.3533950168822,847.3508587180454,998.6401813576958,958.6476170703892,873.6505165496087,869.6122690878861,868.0535041707964,1055.6129629396144,871.7888401619425,931.5484617136525,849.2866710346816,808.1972538899718,1118.22271049123,837.0534560004985,1124.996167725482,996.5425817789393,989.9522511886519,733.624700621641,716.3728694798905,1026.2396329871906,914.6852534925243,1186.361525386539,867.4347298845004,861.1662230437664,938.6474224411376,825.2624859276895,859.288829476374,975.2265504534137,803.3076678114707,814.8714805775313,822.3993415094288,772.1334514737272,896.9107301045856,821.3050801397374,779.0963385996135,788.9343714641693,753.7397526951988,812.304973696961,809.0363136275015,736.129776979978,682.0372296804495,798.1442797284038,777.7211840578078,802.2506475532348,789.6707450177751,719.116734807963,781.9619557019729,702.4320638537542,712.411373389285,528.5178778228659,902.6654821273322,1000.8778084076682,1062.738844795102,507.2147191960752,930.5595969731615,910.2580360979366,950.5030040521597,899.989009880779,852.4439083085841,809.5512162243265,938.1511536903043,923.6299864665255,349.88176635361486,396.01889187977855,837.5347089770288,998.6544837455742,861.5996877204727,919.9398526497502,948.4329369854945,831.3235844974256,790.9822994407658,869.4636951597049,858.2019791726013,808.3229950351052,853.7450510093789,728.8797206477786,893.6741938974482,806.0502347369221,837.6431787546857,668.727482305786,619.8453051647195,670.862768574504,532.4612304489107,568.5927940353286,766.7208428783281,575.6333543287114,820.1335825279158,553.4905707270577,557.3944462396115,583.0709893655174,920.2075031611374,509.4607691395957,518.47877926554,913.7777470054737,569.6574163388836,758.286302854398,774.8416037190158,758.5467747783312,787.517461201599,746.7858976288019,794.5910230022026,699.0350143945695,778.2825182648189,692.1053397878147,684.2005877361244,632.466135592433,769.9472870124241,690.4416759438768,781.256158944882,642.4098203913546,682.152600022709,676.7883385099317,689.7020689003534,635.8183988184178,680.8143154442715,553.7482977497829,686.5696501789977,580.1404714264679,569.130969521603,584.08475902414,556.6118594908019,533.265301907266,725.1203291018614,672.3423673834943,635.6920635413076,682.086433516734,485.3584079606418,600.5589623861679,627.4737475390149,713.1984872741987,699.90838108482,543.7006557719553,694.6981837371293,571.4253094152582,535.845331185218,666.4589555435855,698.4796185117224,532.0674739826227,738.1257454299721,600.4146481381484,507.182935573974,635.7261697383515,672.6348030822865,666.2767784261744,642.1545543883889,476.5761565178995,535.3465271004726,544.2998161250413,466.70517905565043,629.6093931036726,661.2353425887954,675.183833483478,685.7262706810238,640.3068565220398,698.3990695421232,578.097987977997,628.3117758379198,567.397673761422,561.3792742284977,540.1150962384264,535.2080957826286,608.4291190139705,561.3302057114762,533.6325612399814,616.1085613673313,547.7259838333903,526.9665929380631,530.1445495078675,687.2942303522813,676.3649988684131,665.4677982880266,765.5489878035021,483.8785714013562,558.2312889443326,598.6940876258792,572.6603818045517,575.9605087495888,470.4790615828891,379.35712170644007,314.3397752264977,535.1935617521107,280.4851094288402,422.3052838569896,252.24528449841398,221.0745836143259,232.31663118023556,284.9114560091167,233.16212910877417,217.5524705988975,169.66968589391615,220.22910219985084,242.4710162110302,237.2614690873459,205.10939876395358,148.1302397514524,221.6987537382358,166.92400409129218,198.47624609243786,213.49045413000266,267.69101268561377,163.16257158433297,203.17118893598288,225.17541690010566,202.42735941117093,245.93586529156403,148.0909096662689,140.8655212754807,220.75165199418612,126.64037223941597,229.24575590182923,194.0541099230988,123.9251010441468,154.7106290269146,172.8248971871714,182.4156633566744,230.46850262792813,171.0870864310649,203.1376480192669,165.87633936395338,148.53438956734664,165.47496349667108,209.6908725950343,143.07728219898203,176.8198247486566,139.24283875900647,133.4560104191828,137.48332767752694,127.9404957608482,198.29070318584002,135.34015631116435,157.2157120305146,211.5170434606884,194.65890832412435,164.2742661256018,124.30298121143126,193.7704429081448,179.60176397907446,118.23235626903204,159.39405673507136,88.16409463779446,204.35120648447213,211.4872276980669,103.38112738660195,176.74665694247045,72.1432807231413,100.69924041155973,99.67319220551293,194.81680799308836,231.39487497885648,168.8283042076843,68.7039648760842,88.70441915517392,83.19723827106836,110.24953711728547,89.68240440142971,135.120091983045,53.274306615778144,90.77660195903817,105.40112474148411,76.00887486762925,141.8534647548975,42.48439847912663,59.18997166190853,75.74949722433217,132.6122485085574,81.37863103477116,44.1647234044841,78.6473356301506,19.400576168603795,71.82733770634782,16.519286156741664,95.64179071848311,88.36432050767333,108.8201261677663,18.757774738213186,84.56524023449187,84.76124839302516,13.503241999589658,23.476653134718212,5.677954611960043,18.246659495192098,31.24635856323552,22.843567356813235,13.420775256774355,7.699876572721746,20.665394726264946,5.024537142295975,0.22678822105982327,0.7984913076826231,0.03675728173675249,5.577154172787306,0.06507222078219832,0.5832345188394101,1.2282241216206395,2.1123323756759023,6.25129799774877,0.18632495486448372,0.04079502959699432,1.4555858020001278,0.00199588888203431,0.7729278713595066,0.008284144640210834,1.2260938570840603,2.867574829743194,0.012799775125627693,11.936613667582419,17.15686352051816,28.49021319639451,36.508354740794374,23.6144014384425,38.08572815890149,37.57290619193961,28.79496701433306,25.928684858878658,1.5015236126911817,2.050467270998136,0.48611725998077143,53.429001116521896,37.79784700048307,37.415749308012366,34.329620023997194,32.98366741659492,66.9115529856402,71.85993498002314,40.550844638569735,90.28201515619764,150.1508812500419,140.07299575067304,71.30359410343294,35.312980075795856,69.44063716182409,111.71367173589145,116.16497403331101,113.5567058366415,147.4373256453939,156.12084965767377,168.31158274485568,138.80243461162846,142.28661826931298,174.93390407765176,141.1376219547296,141.71931202618282,174.3909732869135,167.0825792858401,99.44976636322453,241.8713128739804,133.2901350534105,76.286430103577,104.27932709980644,132.2928638231546,327.7357000530435,282.9800104299797,279.317410531669,333.5599496197762,280.77891656621466,233.330480364328,336.21276038588223,334.8858472969857,332.83128674023686,339.60721113605507,334.537597373899,315.39640374981366,304.5346585777711,307.78873640602495,341.71656496689656,332.9206438856018,322.74427422378335,343.62174733548716,315.8565905732166,346.52274790280944,278.7332042389192,257.7344210670187,352.7797161731193,355.614207227837,355.49238716939544,353.14095612555354,357.97229527654287,348.55302984098586,342.361114008649,338.5239088275273,357.9190962648875,348.9314978039593,273.7854213606448,363.62272713204834,342.69684785536134,334.4401251760577,342.23162387596494,328.72733722016113,365.8423336181627,285.61197014072934,210.12619900842031,372.30095800811415,301.67611106221636,372.61668490396784,371.60812761523937,334.3218841476204,275.6811331235605,297.77257103746985,297.3553189464322,375.8259120043214,317.0922113820322,365.84197675635744,382.2621605540691,383.0068541535583,385.15675892119486,387.15182098134835,319.7698118253626,298.008186782905,325.9755529502925,372.89362167604537,390.547913115791,373.85118967093183,394.71952474734945,330.99561292799837,357.48013142187676,246.53469445629503,320.0972695120544,362.264637314849,290.1781156111053,402.54318359979175,306.4729679906606,407.24269116788304,322.0985998398496,261.13789849233933,408.2662183748283,382.92909472496444,417.78213049966257,380.0976149954913,404.3814024925774,404.5422838823355,424.1226208030335,398.3874467535429,375.7502595005317,364.7905186249093,433.02986166938825,435.03021163831465,434.31032995328616,394.34830009990884,439.13513526588974,305.0619570915181,409.10823065814094,384.56380347884806,440.4472442158924,382.6328339333331,383.7240467080407,387.6637444457501,451.8105882714286,390.89796538710306,452.0194708914319,384.7750297932753,439.2825006235812,404.768602325015,369.1831710474518,369.3617644133445,404.4995322024657,452.44862059796594,411.77550773873253,418.84698836199914,437.31274952289226,461.3130397822932,468.6437690690049,463.66172274533074,432.1893881375349,477.4692326158736,458.61825170019466,453.9069604703766,477.9673628097277,418.385719254876,392.05201293719676,430.49303854213366,428.6642408238215,434.20084046123003,426.2896579549715,450.6049589039019,444.58174431769856,491.496871937798,460.7729089520018,491.9012198684647,498.4953781606069,496.1056283919415,500.9074342527974,500.71993714652484,502.78338875989465,502.52655030148645,430.071143526558,484.38814365889186,506.73129079334734,450.8125701051162,493.7039601548316,413.92529451569357,513.8568115596679,461.34552002021394,431.23103734804175,460.70047436077806,499.7489751776546,472.85644263940753,519.9902248668467,478.89184382220276,473.6134028371981,523.9892981410518,525.5645886980194,522.037776795113,480.60542164733283,528.0426505521256,392.9955273302728,517.2803894646164,468.59779409484014,535.6741342411906,476.3738399994353,529.3933312021959,532.1702635584484,539.1974988664515,482.67777809710344,490.6795284451282,465.41969479737486,544.3384803128357,531.1494249176365,527.0286724287841,541.5029472022401,511.71711703355726,538.4878557843899,507.81964217255745,532.8690130410614,462.74466295422224,463.831790979831,532.8829012168334,452.58512521770353,554.9622049976517,480.7975300764528,472.09766119860944,562.21693985924,472.50868964545845,442.95874575050993,486.6265766269254,564.465987488853,563.4231026652119,566.7493304452928,518.1519651313405,452.7900778663236,564.5565947877793,569.1756775660713,532.2831694498958,516.189402717501,574.2465648138701,431.29075724158287,497.7239821721764,475.12550374241755,576.2453917347159,533.880403204956,548.7479706926827,494.86707525384764,580.7734291593252,547.517051312228,468.4810764971281,559.5408869755396,455.88388694485127,515.0043515423116,545.2291532643593,589.957642801857,587.1277287329532,489.0287714890684,551.2313011382089,571.6465312974999,577.2027831982314,583.767189965575,569.1751162687669,592.6901576635518,570.0590986021833,596.6261964713451,597.1751463703868,601.8652785943056,602.5128026047197,581.719866780227,572.6739450571483,535.6306213880931,601.7373623067284,595.5712772182583,607.5913992744456,602.3686393458821,591.2819743210564,608.1821278471589,545.3346261876337,572.5081011888861,602.8164680054682,609.453899716914,610.3987866226875,611.9898647603333,592.5110171531431,613.8291137181984,597.6106077832962,617.3439299002209,616.8357991177982,602.098687054321,605.9135816403444,618.6105661726691,621.9851620528358,608.3114103151605,623.7288682563568,592.0049272010699,605.3611477315418,572.389256664788,627.2311502901024,621.6062203235966,539.8667234901454,627.1736663373972,529.4070047929314,625.1401061019836,559.4226414713419,627.0810784842116,510.51250218396837,544.9662226258109,606.6517625500766,494.3286365037157,603.0316524705629,595.061788302482,586.7667841834099,584.4741533485577,637.9031026795751,556.2659264226266,555.9674693439094,569.9281481653485,637.8943326685071,602.7131819130474,639.1950562569365,632.3614431020408,557.4094842424157,595.7031033892657,643.9501132383982,627.8706363179584,640.3410439568293,619.6618018403212,572.2545815692034,598.4418641365894,558.9345033785859,645.7495215008166,565.6842899184822,490.92037546450206,557.7884424521816,610.721613310996,556.2331149440644,619.4806517915126,579.5564437347948,538.9758448318097,612.8359794403667,650.7258015327342,650.9406785966312,588.5494366410642,638.921879733789,543.6631121605927,653.9378945449018,652.3704862856944,633.8098934242316,523.2121216018523,658.4380040098138,638.3035864281861,574.7400024420947,652.1760273348126,626.8017354648765,658.1029114924495,530.7236184345406,658.5331420301437,659.9852431357159,661.9184942900922,662.9649321336907,666.6105847470029,662.5664041573943,623.3230595138879,571.4687499568068,584.1881048191489,660.9233817825872,667.2266336845124,625.6228548162732,595.7185626731098,562.591374778787,655.7041328085169,669.9318039492796,593.6867970708669,669.7838943563949,669.3105914124022,657.0219540010585,662.4453183204062,672.0288074577404,608.0524604981565,668.5202793736365,602.7018261623973,672.708184927689,525.7376174584819,632.014214130483,653.4987039134479,675.2503316646746,618.7987949186829,679.1590237517123,626.4296700633943,651.395150698719,613.9647179056562,682.0253007864588,682.5588500545019,653.628209061546,617.2710495356127,598.2908388701469,683.1222135986812,672.1064344943823,653.5599786479,603.7222868210926,594.8541037383459,496.0268416498287,673.2381139980163,606.9493674367569,563.8854781762108,630.941573691087,654.8624783527733,688.8124266418217,610.7609053222765,617.3217478585523,686.8845313216034,688.6416254849754,690.340277036844,596.9812472358738,630.3694429611967,632.296071334243,559.8762512464396,680.193595077966,692.5998049379153,622.032453725863,692.7754487056128,664.855046249574,669.5971530116293,688.7012643683926,694.7306249274399,690.8889963597297,663.8250897349803,687.718396751303,695.6518618986709,674.4652161731798,690.0797282187766,661.5277462324874,656.7408133757287,673.6472648777534,647.5514315988817,668.9082992746058,692.8364691657674,662.9376380866407,562.2884941689995,688.3505952439089,698.5640628151485,695.6119620997707,697.6811591031337,683.5447564405571,698.5297668565115,650.8588369967275,672.0360105808876,689.4128222506877,645.2151414661423,679.9779190341458,698.0034764532408,690.4928283345031,700.6912369481702,701.5296809892176,613.9190275205965,702.4979050578236,515.8870264431223,707.6422261586727,584.699539066535,708.5700988426357,709.9777744905341,708.7867124901412,643.2133510419632,667.0185996680865,651.639951182184,708.3541114733819,662.1206402673398,649.545377317205,703.6634410021791,676.1179198909762,632.2087431626713,635.4357967772914,713.6536707227604,699.8509047894669,685.552927631996,636.1662779959466,711.8676924138049,711.979425491313,601.9465218489755,703.7397049305089,714.8123717084436,712.2174765262248,669.4242170565171,649.4460604743772,715.930011453346,713.0132064737031,631.2030961024641,672.7992055258466,688.3372057223824,644.3268652578494,717.1785966001169,686.5488275698863,688.906376529946,719.2887448333512,679.0122641583783,680.7839217053482,721.5342818444728,674.3077840570529,684.7586452052732,685.0596461901177,720.0637357269582,664.8217039416918,724.4763948316992,626.7119494616801,704.4821683960218,674.3677687106323,722.6333058115629,720.7029886800686,713.0173565549629,661.8036932814002,642.7366807120973,714.4689136745022,726.3803093060998,724.4896726977478,723.1080396942343,564.0757131648179,681.1501883194893,699.1461572311694,635.0276166034071,683.060618899634,707.1054150473553,586.0327718388123,578.035797303762,710.9085077019159,629.3658444062206,725.0791455963275,728.1341865974633,701.917321988715,697.7210907062482,724.5483711367891,643.7863592093579,450.82094203420445,578.7610405442886,679.3705620605168,650.6956636463136,715.9458092906069,725.4330942690486,613.7796975343554,666.370398001347,727.8219346840784,576.0536083677163,729.6348421096219,647.3169072006029,629.2335630650352,728.7871592833442,651.7719518805194,718.623280539892,679.8173843925274,705.320032958902,728.7449071595621,652.8871593881577,730.4365719981311,630.5831196833702,713.8607384964012,639.3943166155326,712.311426311003,668.4393974208486,667.9628995493683,738.9680076551099,736.9506158785667,735.150565434385,732.6574274910456,735.2925808642357,644.6503165176507,714.0734440428051,735.8554750739062,726.7614302527899,738.9276199913626,736.7208452034434,738.4815737007981,721.9432269088369,727.7070235981282,669.6299495346735,575.3784991103881,696.9164655738006,694.3692609712198,532.5903500315642,680.0794715302779,740.9836610731355,621.7409636583376,709.0822900777512,738.6511373671433,736.7489908771776,514.43720966599,739.3886299121525,736.7097453824543,697.9796676640668,724.9319814476273,741.3601304661277,719.5691207721012,741.7690298810418,739.2983127773504,740.2418233352922,701.861893023453,703.3599788101134,742.7675167874418,721.9346755833491,742.2649366259449,670.9813803135402,737.4275332934695,745.0980808887213,743.6631861319783,739.316032441157,746.3010259508142,701.8445717430336,665.00358217987,744.6046589448341,699.9862891550122,747.6839967649607,687.4517684572081,698.2868751082334,702.4887808640642,697.936781818771,697.4858875434923,707.2760140402269,712.0790826390593,738.175043948683,731.5346757668832,733.9150100809233,628.1655883750561,714.5893728639477,680.4159192930147,750.3947679617935,711.5486707974907,592.4411526368543,698.5761148854128,708.7607347314282,714.6086614709186,671.922258596014,749.4329773152846,720.989530356088,748.511558349516,702.3608773167169,727.3431956169195,662.2154000980056,615.6083637652428,681.1689811856677,644.0936125036026,720.4805597882023,748.1778882209545,750.3854274216923,746.0146501206245,742.7705012586086,750.406029948963,749.3240101518428,749.0640058746324,720.1033565290656,724.1137527151902,716.3253424588914,730.1176124614116,603.6305893940252,746.4998611124107,752.1121629055634,697.1095859262603,752.2264110328173,703.2257430886169,740.271534934052,752.3950425013913,747.7597161680065,745.1848743642914,732.5995010001859,603.2891889604222,669.7204084852859,720.8359685194661,753.3102776690423,612.7692882617534,714.6394256596498,693.7121807641121,706.2190373777191,693.8835662056944,478.54222292381394,625.3594207541262,695.4680261584334,644.589708138542,655.2938849553178,750.3196885609558,690.7192919401954,675.1735337111949,704.6312323398702,754.010017723415,753.7439342894252,750.4783804539801,755.4111897928782,751.8814748514784,756.0406879127473,747.6724358461654,751.0832773368206,664.3028809543231,652.4428594700194,757.999577121425,734.1269623330377,750.6593755076724,708.1016940146562,681.5290522879432,748.8796508490525,757.9323958012789,750.7128204929573,695.273002254102,758.6538889518695,670.4222784722061,699.3860469839859,713.5053915894853,761.5362153170711,759.3264998012468,728.2868947352623,749.7807052997493,757.7255949567145,761.1596743483625,759.262609201861,755.0027148081097,752.1213843622755,760.615223669722,717.0751306228548,762.7776163948095,738.6946320822628,759.0479840683462,759.0384886387602,705.3189796672975,706.297955934972,655.2297143479158,759.000476497932,688.2018438143683,760.0033408447825,758.8855837684036,649.8829526090284,663.4094499533978,758.7821184596853,588.6841318692763,763.6318035858686,758.9884553547614,612.4178635853062,763.249852293855,760.7375568701899,758.3267538165705,694.5740745353844,686.7630347067058,738.463068284233,688.1354530922846,545.3298347213685,763.7755014098332,761.6877423930479,681.7162367280455,709.138254337349,578.8644684262523,762.1884382099605,645.6252480157654,759.3357421863509,760.3258054754049,761.1229008131563,741.7793164975815,760.6485043470092,762.4694075406472,754.9681576629949,763.6807103840924,699.7652405533695,624.7052218703958,746.3821542853544,708.6133207367369,762.2747213476204,714.9258901850264,760.2006176661297,719.6967481897485,728.2686487814357,665.600177503156,715.984408458951,760.7074292066515,620.3715424536805,661.7517044755291,762.3726223364905,759.6924642792428,699.4945293045147,762.6606927254273,738.276347844232,763.9658449516841,757.2057577245537,721.9605992352848,728.850393348001,655.6290313630218,722.127773444518,757.03851668399,762.9242224283715,731.9172859494172,746.0337903854715,746.1820766709072,594.3630454164236,697.9343499117284,760.1218659218847,685.6796464866563,730.2291877485641,724.6437881337316,761.9510314429458,765.0791700874847,714.6977853396622,684.0163550769264,548.500170294177,652.7051584707169,650.8340832845125,761.6425861078233,760.6047936209648,764.2298864174503,760.6285338613021,765.1854485174229,749.0379816880048,764.4765211623293,762.0361859795107,766.3622176537879,763.5481656905379,765.3256187437388,766.4634987021269,764.681183355326,766.7471597862753,691.1446702113843,761.0523100448416,654.396516531197,711.7205489224323,766.4790464115334,740.1736797383937,723.8217570528508,766.2204845633389,714.4845316342681,714.6252807462507,768.776566236625,766.4572085045355,768.6257340394917,769.6312645909337,765.0171605364014,765.9729840899704,768.0704186308994,769.7239693804946,768.9143161154284,715.8749361961579,683.6629736383071,701.8286341491655,769.7095774070026,653.3060460554085,725.6855319037987,745.4502821923061,737.2955614332204,659.8144076471425,538.3517305699645,771.8571718632882,772.1301238926204,652.359817943122,773.9496733137426,751.6824142713668,769.8536920001225,605.1371889577557,739.337421367945,640.3533857023436,773.3732115413497,774.7797202895487,765.0660773339622,709.4968587873358,731.9744551120751,776.2614218670053,670.9416395138776,735.5968004933709,672.3923831374422,773.2601572566547,772.9580671143751,774.0630669965309,771.3855371709601,772.7909976063888,772.1808115110315,772.8422087686806,772.4023527804651,763.6641175081958,671.7729454691554,704.5011326568925,773.7630962212387,739.7874932905281,706.6187692996901,706.4654115283827,716.4706188760606,703.5929745795481,779.8460046427083,776.4859562352098,775.6962561544843,764.9010012016395,705.303802234422,740.2216110230955,776.3000898482552,696.1640656298156,775.5275357900322,750.2199170927776,716.507177060001,714.0554260496787,780.136202988538,771.2493242098363,779.7530318028546,779.4417278370897,777.7110609034124,777.8794267989847,749.702367683567,768.026294366175,780.8165383480023,752.6317457844864,704.0576093708294,723.51245285526,780.8096789100044,780.6307627956671,781.7618126479426,766.5890925891698,781.1602300893866,681.9881593650717,731.0144603844179,784.8812532630536,652.3094089595832,777.5282350178394,738.8896360236735,709.5715129147748,741.7387345042027,742.8157804067354,713.1649877274037,653.105422347838,730.4365362612714,782.6011870107951,649.4514985078279,693.856943848386,635.3700335641686,692.6896984541899,703.4265455535447,392.9357859785925,727.7847370715117,583.1229797084478,731.0117800235495,656.9773913626241,778.3218020064777,782.9811621978298,773.2360214929544,774.2217601269438,777.1428039296939,760.539148702591,741.6724855495983,753.6970771759242,782.9149478371362,748.93868961259,775.6339878266141,779.6168227659567,775.0443190669905,785.9437186043606,781.5104008451717,784.6459142021919,655.0991813943663,754.2375633444768,731.0877923322195,720.3222360738432,740.4457610516381,670.7206318886149,720.9313802031552,719.2971691579747,778.2463669817583,754.637632619171,711.4580204915734,757.2865414804229,653.523176374878,764.7555521374745,694.3885280765654,717.7562775791365,765.5106021872973,756.8559138518177,767.8200717036834,753.5422572949515,756.413317734592,724.7143452421942,752.5303087254094,731.9254384867905,706.6124117621482,714.104103665002,711.7793851892632,672.6864325740722,742.1435712915184,598.2972911235458,617.1989732270675,618.3832306867054,681.6139499222903,679.5862101312747,776.064433354684,743.0976378231946,697.5006012405149,650.8534773725598,675.4025798490792,694.5857563844316,782.0645720949705,784.9184917376356,708.3994770060044,750.4365415155182,665.1537276289756,709.9607270635796,702.438201390047,608.8937495493873,786.1405652016194,786.2307047309554,785.7592536575221,733.1186155816965,731.0305030033783,674.1409997388334,785.8604957176789,728.2949204130236,623.784859792429,741.911925272143,787.5848706194606,784.7244219450782,781.8228761118007,783.1006150331325,681.7111474788078,749.6579844319152,750.8091069107678,702.6651424859507,759.9987993640552,758.352102650303,711.5842340492472,752.3227741237503,755.3732852334251,750.5866072730464,633.4243573976245,747.6613974862537,746.858000730018,640.6271999863584,786.4313089537472,580.5923671473572,629.7786745523874,780.8655487249845,657.0390362945436,735.378647306791,653.847796118107,786.4436570985905,786.1913220505273,786.5309591931716,776.7342290024051,666.6174505877168,764.2775595339248,773.0220260221597,752.4353222338852,745.9377864387646,733.9434645511221,735.1921351795407,751.8377945853573,783.0233144238283,740.8368643492239,766.540451118775,759.0401846388985,776.7527962315497,748.1333531505096,781.8370281433613,702.333396250985,787.2661533203683,640.219428703857,713.5266062217821,751.7362874317683,716.035606251902,772.6110687855617,720.6423171447589,728.2892671283544,673.8640189831057,688.9902229674292,791.7748919805558,639.8525921775256,754.7729678351425,788.7413945870768,776.3693503927353,792.2958152887879,729.2104588896948,790.1210901011945,780.8750022945958,713.3292459695087,759.0221101885861,713.3750828611784,760.5076087465394,746.6697083601919,789.1453613757291,741.6910520426603,762.2807774653684,784.2452109764635,718.2783374309382,784.5433806412998,765.4698669238006,666.1275143835772,783.986695863161,766.60333889956,791.9783368280512,789.3488775174498,744.2417097453724,792.1608649823532,788.6734556583235,743.1040397171796,782.2029005972803,556.70163459627,790.4132107635511,790.684266126182,789.8318368688026,612.2524051222346,768.7943773959012,791.1102918373077,790.4789898441638,720.8633205376652,598.6850815838567,745.3097515011955,667.5710738793058,786.5169312042731,766.8221043161994,767.7844540225168,784.0883235907156,790.5248991677865,791.1086536356763,766.117403492544,734.901274167836,744.9226313085336,633.2427736709008,735.4639052302404,741.2644570463355,552.6129378387982,667.7276391377246,662.522081644529,755.1027065235563,682.3257918053599,651.2240242933095,613.5966042821574,668.4790763697374,460.61182807805676,771.2401968095581,788.2105421305438,789.7407103928635,790.6403636361964,791.3099991151714,732.4361460325654,748.225399750141,790.3841329707054,782.0867804816418,785.7510601031946,672.0505431728826,787.0133289757918,788.882085236886,620.5649120237566,792.6620273669126,782.1726995184612,791.2417797143358,790.0096464252882,595.8839768104892,752.5453772393838,791.9496380400882,577.331893658496,766.0932835650354,790.5707325098105,792.832041969255,740.1619375959959,792.1988937906004,746.5955158330703,790.1820782820356,651.938168320838,685.3620035221323,753.8601257522723,682.3609608722664,768.2153307782312,735.2469659801095,705.1321657198964,648.3212880104768,707.4648313690569,792.8147505045181,787.4476995402313,624.9604821179882,764.6648288957555,755.9220183615199,710.6060671084283,791.7652027381463,798.0155008168111,762.4708636182562,764.8452268830785,784.0128721041963,778.2396907081669,727.6916217284145,776.7841538365923,789.8034666708445,686.8878168841803,718.0951334271267,644.9491478508145,718.7765946857473,749.3555524596403,790.77115724348,733.8542078637419,710.1679567955831,734.9461017567638,577.9280512459387,708.7629677391526,706.3279491051903,793.3117026788304,712.6984438928417,754.8595904706385,724.4432309753867,780.7749054367356,793.7845810449884,797.3046899699493,786.2051282690395,798.2788431312774,795.1962817783642,796.9738554173588,793.1857203950207,729.5244691403286,797.4521323231467,796.8456886081801,796.1077938600475,634.9162469654876,798.935274675433,798.1257219934726,751.6013635355032,734.4916688365422,796.5018086612854,703.8395492398687,647.8014588173121,713.2978580645032,800.5615220637801,797.3303432264858,539.0050732676145,792.5639423260349,773.6728809430593,797.0715722192735,781.1140723668005,799.9108594058482,763.0319955409892,801.399078975702,793.5714249519999,796.5981991133727,800.0281893187332,784.7581612948765,796.7598104217574,798.8355801345448,667.8864548210387,596.9777424788974,791.9628347999006,798.4327446874623,798.2101000842086,801.0397390613448,801.3532264591357,797.9669862933988,800.7226956757181,776.5926484475167,797.9517909651332,801.9498348897542,801.1577894642742,796.240615232969,798.0823001736715,681.2480172323513,771.3047687842536,763.7041079346,773.8734413248623,718.2451146575505,782.923073564828,605.2256036918715,799.7948685863258,763.0981305050336,802.8360775948576,794.33072224893,802.9213399236789,799.0932861571247,801.1430397491289,802.7878822918279,784.508059301861,751.603985465268,800.650656723264,801.455579964469,756.7683377692972,786.4467724363151,802.8228758444926,743.5400796912666,720.7122622270628,795.1081859463322,688.5182406868971,799.395808855451,803.6610205960404,780.6517596202966,802.335113445897,746.7624903489053,785.4355641036049,801.9764800718009,754.7855314440816,779.5267652026396,711.9453681568962,800.1569452440199,795.2397761194401,800.0353651848885,782.9232335864219,753.1653557071286,803.168822344517,730.5471771157606,771.799191375573,734.3980915937296,704.4527117158974,766.53111876057,803.7060673869667,753.5531811393248,803.9627676074192,734.8706069795329,800.4084282891714,799.238346381116,773.0098714347492,759.4233654917268,795.3361197855697,801.1859680730041,802.7811632442821,772.0952328363376,799.3751271452279,797.5806130880862,789.1704974446612,799.9497142866223,650.4709778683176,795.304241911328,803.015546803678,744.5586787663228,774.2496466991713,731.0445914093609,776.3533152134899,735.6680403449665,776.2267597360925,730.6883301863988,803.7721287359203,803.3987340475624,794.7112762993979,803.2485859974855,800.9133184836429,737.1432747913364,802.7424598749691,802.94041867887,803.0210385778552,716.6868301637012,802.5204156537799,777.4040757262496,782.8137837849594,740.4559147188272,802.5801857599268,805.9461804369431,787.5005993665708,805.9333178442115,809.2714456808862,805.3609190409329,797.0283261179553,806.1087414375215,802.065144743725,804.5474701579266,723.4774823583922,803.4348437813139,765.017177563507,804.7971997670418,804.8456919818341,789.9192814720502,804.9736712809497,776.1569623370202,804.488201905343,805.5174582844458,752.1612528549124,754.4892919872553,772.1729543672595,706.8855548532817,805.4029003853551,800.3625991099889,806.9774239688281,792.2099375201582,804.547047855039,806.6787199871297,751.9000015414272,804.5351876985385,805.59208726074,806.8521125743368,807.2993730176081,680.32900661371,807.8143238116686,808.397460410131,808.1463527834393,788.4235267311307,810.2522730807475,806.425724928668,709.2226140183681,809.352534093293,799.8206507609784,743.912064790377,762.7427083212996,808.5241166206927,764.7284828795204,807.4226204603714,757.8681966955434,793.1219412973943,800.7534971343374,745.3360754395542,759.569093233564,756.1177472257389,794.5871596476294,808.7173259570785,773.4701712008167,752.4794130401589,741.862802577227,753.9937037112829,810.4658512255414,799.6250365296545,804.8333518968043,811.9317548258542,809.3372399137435,807.3181939543101,758.1327047807017,779.9989163586472,776.6853189371291,810.8087814594983,790.1220685462023,759.7420966779882,790.0569285007996,761.3180994787116,808.7996189468364,735.9101099090445,788.7276058545012,808.6655501620245,743.6777152769137,742.3031285008468,810.6530307353512,768.3402769428947,808.8301989878778,811.3111429135812,782.3216777483415,808.8663235105448,782.8479961778661,755.711794652528,777.7623580453139,639.5485058287533,720.3346187010033,786.8997814537187,760.0793092110773,687.9459016764989,667.3181911357443,813.374572175479,784.6975675001776,707.7590458020179,812.773699717612,647.8874514843787,669.4886533734656,811.05998235479,809.1823618049922,786.3154315816375,769.1217080660878,770.7033319711805,792.2890616616122,746.8452630503136,786.8553921597736,772.592773891416,797.3365453864519,811.9478989432752,812.6609581512141,785.1605347905622,788.2752963700786,786.7085757002297,769.4213859621705,734.3498115008175,813.6556491311326,813.0049525564818,811.0371532800564,758.6914203093642,811.7058732030079,802.2919818904664,720.8541315473758,796.3649338572661,806.8327363510975,739.3185522553705,809.3617223670162,809.4850514121803,731.6497122282342,729.0239335978617,768.1046861666232,803.1932939351478,811.2093381075221,799.6055090494287,815.5234664689739,811.8030523901996,815.0027334040509,781.8853301756653,773.8656276685296,810.4975182623158,809.843087200287,792.3399444475237,803.9096673269431,812.1552066699132,774.8450038606886,738.8980688321783,630.2735623430677,630.525445725615,809.1679173942516,812.9739515920161,708.8810145443363,786.9090139396382,775.8413392302301,811.34099801213,766.766351133759,811.2644430739883,752.1577108892378,755.1440956010331,778.0985454716616,674.8330170096023,781.1605120864186,802.6772204397082,779.3520789108687,779.5292258329677,820.3047177861944,816.7569728109105,737.9607714582406,759.4982099514783,803.9855977048596,817.3332658822786,600.5242530003429,819.6871838989788,780.2231486206663,723.741725135815,776.080080888067,762.0743846741359,797.7203657968215,787.6986881190252,786.0280489314896,800.2116426611465,810.6453215165238,782.3727480543432,815.9832581582267,770.9068180919827,814.0619659272244,766.9919278441413,816.2845710765674,776.8676158785942,815.3935260432949,805.0362561151079,803.915332006423,812.7861343893559,817.126506503228,813.4377487537588,802.913254088889,816.7424398350807,814.4136328640468,778.8022650857653,813.0653153881303,815.089741897201,768.5838566711429,815.2052368986905,774.5771965767086,814.02448446096,692.7565199603845,650.2180070907183,667.7123362406942,756.0120236441776,780.1159984774522,788.0454071478603,777.7808653828564,802.5757686927368,673.30122637708,796.1190208552075,801.4222372656659,765.3306080285366,751.186166201624,812.8517552744906,692.5962481823672,810.4658132084113,788.7874516628947,817.2837366172363,698.0545880612622,816.8248702405581,739.4929994378315,765.1699984742703,819.831893049221,762.7631938194565,764.4622002115825,797.8605433028982,769.7228643243365,708.8473280552004,817.8483892079859,818.1856967728322,816.182928166997,817.7726923449234,734.1682055396799,815.666914206282,819.9402769162372,817.8458827724644,816.7772574410959,820.1672809363218,821.3767973542269,770.410343986838,747.0213004680377,791.2861890299222,741.0551798321985,821.0227444093254,737.5641201539449,815.9387162624226,815.7938146903562,801.8911504579461,820.3058887867353,803.3960756879767,804.093789491579,786.7902378517241,820.9278022945864,820.9926813714726,755.5549295815226,741.5582456379182,798.1936206922119,801.3114111507592,818.1185382796409,817.6944352619108,772.4306770123363,816.1939940008359,815.9113979241641,771.4665904261399,817.7717770023146,784.1890087549082,717.8830401075975,754.8985459162565,815.0134443414025,768.0704033891592,763.7544600801477,740.2572435581943,617.8346781230542,620.276536081564,446.0200614784347,786.1045488605795,785.6492858387243,591.3247629455198,661.7688409261503,818.3374521696343,815.0282747978889,819.2275712480987,817.9268849332836,775.5323781164168,508.135203733238,818.9380745342776,821.1955961257523,810.6977206938748,774.298484622548,820.393747951247,821.5207092329013,732.0721298837889,663.4042194701104,747.9090162886104,750.7616777242723,727.5865077236109,805.2117000021233,773.4179468063026,821.0384851895659,800.5917034555208,775.328224725123,816.8611137098053,816.624396314978,821.5158177150109,816.2593923604413,792.5804074499446,756.5138671642392,728.8121434435568,777.07517699654,792.5669326888507,730.689592533221,721.7226251308073,701.2807116858294,814.7500703282764,780.3437596446377,822.0293286473977,690.5141589453265,689.6627544084399,817.7935796519939,821.389324497006,737.819350932355,818.1579868614737,713.3056669313248,798.20776525243,761.1662899092586,727.8638255350959,714.1625251881159,714.14280846316,694.4261211283241,803.9911882018145,763.9422830219287,714.2352667261101,813.7642006789879,822.7064602807557,804.5818357388163,796.010921830072,725.0295529246704,820.6619073486191,779.4665440761021,822.0071236114225,820.6395956320729,747.7450855634703,820.452018471087,813.7765897120869,775.0693048980864,758.1195929007711,820.0363718678598,790.1168536404448,784.9481259364832,820.0158141627625,791.0221254081634,807.6307686011314,800.4700310665033,819.7985902744704,819.0482584100428,822.5165479902118,501.62168666405614,821.9319312597399,783.1863180585176,812.3482858415385,819.0377514424298,823.1933680943083,815.2012650552286,805.1106351600654,789.402247852254,821.9405675774117,826.1153512211401,714.4033138453744,821.1189259566747,776.6393632477029,823.1459347110055,823.0372678937549,765.6826946174774,825.7143331171451,784.2207977918193,734.7167458975372,715.779726656887,822.693408475046,711.0583657872701,820.470475678103,790.6573758445069,818.9630388202826,746.4451127919041,808.7142719933688,820.8149548069181,685.9113309741138,823.0669970637333,822.1791042668275,823.4896580375886,813.927383092868,823.2881937733611,819.4473467815471,766.8378635646988,822.2275578368718,823.5479753419135,662.352811040619,783.2174962852813,791.5455712839927,815.0009718988515,822.8657531271876,730.275201726381,766.4930028085043,715.7756362381714,748.7320391450704,817.0064513383732,780.6532510721503,772.9646204755588,748.6886237552594,772.4230379351558,717.2470176470838,656.9539001216475,827.4642208917973,820.0657943439762,662.8120604288324,804.9212011176492,823.9479821404142,818.8752828993595,799.0799729123163,515.7078120938066,761.8078984015066,800.5921669463822,792.5342791941945,821.2022266085003,778.5126534602506,805.7689547072275,807.7798992344535,760.5190377594346,827.3716475407243,777.6054227386064,812.044452325724,825.6610182181586,821.9708924356142,716.0926983511583,822.4744174461238,811.0542387291323,751.4254193611504,618.2995081747515,793.6042087490492,747.2954160286891,820.9117529292923,700.3226382146219,662.3713921171476,747.7763699758946,733.7401393208669,707.4050505950713,777.6493534096154,760.2378007973147,822.5213564273282,768.0841136693778,823.9062514768367,821.0564413535296,674.2315345608386,815.944760060811,789.3044982447465,745.3754058724397,656.4164349938294,822.5681846282085,698.8304083688312,682.3492570825279,682.7591129669029,823.2279145418471,822.0920717486372,821.6607353303274,824.3125783591205,758.4630534774076,788.469822418245,817.7064546708614,824.1208201334248,782.9666467957003,822.2426629406674,779.1663788087847,822.1476244012329,780.133373649481,823.7926755459237,773.9312476555172,821.5914388733719,824.878976493355,749.4636476041356,822.575966479839,762.8488975899938,797.6744781222435,821.8900555951062,801.3806390445199,776.3067426581919,821.4028389956549,821.6179850145169,823.4824609119111,801.5763433457837,796.2617554536203,780.174206517307,818.5642593449659,821.346331047248,821.4071210934184,775.4236882709129,804.462276087338,750.6612258397549,722.7909212344028,817.4820224971903,701.9100085254175,822.1238696710043,732.4280689225717,822.5349087466897,686.4032263666987,687.4211452434762,783.214539059864,806.6214645864172,769.2094534872496,804.5447458695041,692.309253465364,778.9103635786439,745.5368338470852,773.8512230752831,743.3108729678247,824.5088514704078,736.2568225782948,782.7762259481492,566.7513993511708,820.9469764210316,771.5284387551924,731.7650008002311,761.0521028213046,741.3410824719062,703.104695125479,716.2670682880845,749.4460581610568,786.8791694155472,770.6935097936868,702.7655149731328,744.5875014769761,582.8362147052452,749.2303178996574,822.8579822741864,792.3728819071431,743.340246032222,728.20311482847,822.4366700227889,723.5348227338652,729.6211704846257,820.5813422024179,568.3056163350074,812.7952387360168,725.478808101247,784.4523232387214,798.868548479326,791.4060528465906,803.0323973165464,787.9301174819741,825.3747433218595,819.8295055926307,823.2779172401932,825.1508945381461,813.3516222273328,811.6426932187946,780.6256093896146,694.5142549257803,824.0317936609891,747.1915120536252,722.8517703685321,777.5365046364136,826.0784053944412,824.4057617858477,808.3578200402517,819.6521118525454,809.4589411586011,802.9886805983671,825.6531771886863,823.898503151291,801.2211068330474,796.822578640536,795.6032764535936,825.3651645112335,692.0578332345646,774.0508786444854,828.7554262203837,701.5606023695784,779.4882357005642,780.9779446168479,776.4734184799214,780.5059093204668,777.8835798763856,717.9730753957591,825.4236534814,762.361755886498,825.5058308899752,814.6314030573664,768.9926228857094,703.1381535539678,727.551125969294,752.8360805275945,689.5164357816765,806.8680865905303,663.4201482491533,724.0383797388457,824.3571068757944,824.6571511339855,825.3926106033747,826.5293270435992,796.2183209290075,793.5331964412952,823.9728860892985,818.8966092522365,820.2709682727018,707.7914275533743,826.7630184207253,798.9720465439684,804.9886524063578,807.3802813817799,826.7663902100721,717.8048127223446,748.8218723974654,760.7328260069817,747.2618057642193,798.545702133631,709.8595498864718,763.7923787244312,738.6336718217245,778.5415467208813,761.9676641953306,717.2842354192768,757.3700472178244,824.0178976083823,721.3057873073584,778.9760346607401,780.2094073463708,711.2952943549957,817.8578582789734,824.455024748304,825.6454032966345,825.146572420271,825.2331619273466,825.1452859047884,751.0623644163494,829.2277080833182,798.6894817611687,745.2040867617327,699.4807584820098,771.620583485354,826.0415797628456,726.2058112552701,619.957543761613,698.5721572481656,825.876392621938,828.3420362293889,783.7126529011986,800.813266797974,828.1622361981074,720.2150421359562,826.0585526386,734.1952448326936,813.746391798732,662.7609075318219,774.8383769220409,818.3418140562267,761.0030709841244,824.8318197229538,799.5847472997204,811.4820408964124,784.06946241318,763.221158965143,811.0973677477596,647.5636391149004,827.0273199254043,824.0879316016487,827.1980659643401,829.5498426185743,772.7936646221284,748.9819677974397,791.9901882046602,819.7045631257022,828.0481332117843,825.4929125880382,784.8383814398757,761.0948940608095,716.1016500437903,806.5974093432005,798.4638810540173,764.318338836993,816.1977956089014,823.3264669430762,788.7789151402878,732.625527608973,820.658850903654,769.5945092109813,823.4401692753233,739.7189507406475,687.6654911078133,739.6330959182343,822.1911138907468,667.812180831708,792.5731892407177,696.5129297269044,822.8773023937889,755.6576432765581,714.2820381677242,708.425926232749,822.3006180038415,812.1941872888644,759.9698609734543,765.8092032185434,821.9951559521625,823.9192359433047,764.457552073187,823.339769011532,783.0024688493511,765.2543345277126,826.2733932045053,796.618289909742,788.85222813366,796.6205952446096,753.7335228478771,747.404848154514,782.7186167206048,752.3429442541762,747.1670489262461,760.2836356952388,761.9225034462424,739.9926915449157,801.5225247729771,827.8664818756555,816.4501926307756,815.8533259642819,826.0329096438601,808.0622832531358,809.1823245916632,818.0038590152932,816.2264760024667,810.4442253754205,817.8546874708617,826.7477454037722,826.7878903024065,825.4040484677478,743.5380980921224,825.3340570106534,823.3528797517527,823.2900816019235,825.1777267674055,810.5202763267863,811.6150986305012,826.8016366451218,824.0409520817462,818.6141432691594,794.427072188579,828.5179658659101,649.0651392304057,826.2956628833366,745.6804831810571,710.9286317975249,779.6385102485494,825.6278844794418,824.9642410811713,825.9682095906543,826.3892150350623,828.1158413374861,805.2860056283457,827.4175007197124,828.5616283481759,819.533741166447,802.2548651759163,817.0326107720936,831.0809746494724,812.7816522096414,828.9774321854318,743.5037736373512,819.125685505478,771.824054671547,772.319736314761,809.1256789989885,776.8753799887427,718.3919753396606,828.6218349144744,827.9800998936488,829.0970961521649,767.6850169420261,680.4588964877441,832.8906233609612,605.8401431062783,827.9151637872405,632.7217562776623,780.9586077072596,802.4841922825428,743.1759641602512,823.761836948325,799.9414061714805,795.0240391100958,776.7610755562563,804.8794177907753,826.2984184104142,830.2467142503871,810.1767055087336,827.9491979633781,810.6724909942377,788.6153791198831,777.2653372912932,830.3700900312751,787.399667607353,827.4634503799246,779.8033465451736,828.0242199036625,829.4891603630069,830.4800024629893,825.526723860584,810.3725163692337,802.869025392798,827.9952906582146,826.4349800765743,828.2125144549732,815.5540250908361,762.4137701306613,822.0458541076367,828.1251877379902,816.1712605656411,828.7320402232336,830.3285663108356,781.5019143617516,829.7895724873099,792.1367334393578,770.8986007334161,593.0378519251943,713.2404403145516,812.7130663516716,830.4812649780973,641.9059227296244,684.3548439598537,829.9302914126158,829.2922848422104,637.8923365138587,827.2317420994078,826.5128986728698,799.4272821046764,805.8510674599393,799.5087505599394,820.72406924804,809.2064745779611,779.6248598238012,824.3901539448789,816.6065285028523,821.2031362879984,799.5359638832373,817.2739640312594,814.3801848281493,817.0327689151349,806.1687791938004,829.0589754268678,826.4475307130945,809.359823308498,828.6761323158042,829.466286889873,827.9720206197604,703.2485195665479,829.8687587739985,829.9267753070295,831.1900766711462,830.0063787342222,826.7073158202173,830.3963021142846,830.9007071608901,833.026875244934,832.6997357797322,829.1328899204942,830.7383827634244,792.0700801717321,828.7959227710969,757.9618196195938,827.7339633315214,801.9410775649554,750.3508888565575,796.4809885362511,680.8669544377897,739.9891620130963,722.6445868325825,705.9658426003281,711.4604400074078,828.9420269405948,829.3007783476656,830.4250365018894,831.9877214376502,796.4552573478489,818.8962191501594,831.6370548476622,828.1715834784915,800.7764918726397,734.31047912161,829.4061643461923,830.8436801013705,762.5370541937747,784.8386568438533,829.4727115535534,700.5554214268597,829.0556857792822,829.3137132760447,800.0574171375596,822.4559807179177,765.0464931532041,766.6823185325031,767.8556409544378,829.2712308911597,833.2490460337036,832.3187489093436,797.846202403803,830.6900353118295,705.5545249832317,825.7680260108722,700.7764950331381,794.9449297871423,746.7540237723658,823.7280193812818,816.4103821704524,753.6070871744081,829.1870360762109,711.8881107425103,793.2764329662401,779.9208957112833,716.0396993516032,790.9351768778605,771.7232570283438,740.5120301887731,811.9724383942358,738.9128197652047,830.3483290327006,813.343580104097,821.2805125831488,743.0284735652914,825.9914332109486,734.5835467102387,758.9082236193289,806.0141942160708,777.2890599639042,826.2392884537418,759.2730008651947,792.5208536244039,802.606519886608,828.930749257366,781.8721377565246,784.4954612737196,829.4441542598098,820.4587322165585,828.6898857651971,828.6747545103844,784.9033248463879,794.8740638740602,802.6064002152303,796.226201658504,772.9828301717189,772.6175005015008,832.0501072635886,780.8114560641517,772.1355479316442,754.3426538144857,769.7601903316202,692.2796937757857,745.140420815206,758.9595776217368,830.9175476319031,809.9339846992294,807.9769967490349,713.6569833530093,827.9887986258312,755.9792255632926,780.7666524264115,791.0301700566916,814.2390222619332,706.2941308080632,770.8488271944059,809.9770872815325,809.6393126343944,807.9853520358919,827.8895990159914,829.6172196361937,730.4056310539434,825.5311329696219,785.5512225322572,786.6581753341327,787.6260403847951,779.8112283961653,792.2819140141146,788.9939766773682,832.1377268380545,829.5270138662047,832.4962776575517,806.7455933579015,831.7930190886386,832.5912101933214,799.162135590721,796.1737816482595,831.2658488223402,827.876232912851,833.8882700222861,743.8803606095471,655.2850407886567,835.681985337838,661.0888947879959,813.854829207698,819.347675139754,735.8223325295589,650.7867315287366,811.416095793041,670.5406110610974,681.7167553285577,831.6024218247746,698.3079169695138,830.9036932916035,828.8745435352695,715.034161453247,757.8953688473555,763.8962025317545,714.1134818868227,830.5588593684749,757.159312539674,755.3612038997522,755.7269720721105,832.126600352904,831.447311371006,832.2989109554474,830.2260363822296,830.4163970554474,758.9336457292007,763.4063932062094,747.2063519948837,830.8239866724412,823.1664364005992,830.0888606683374,786.9651155542497,809.6942386295005,830.4572800788184,833.6724981746951,778.2303304939772,815.7582019335637,831.5857529477724,830.2968697996992,830.4575416190123,788.4558182187585,831.9613592673035,711.5323421857275,832.6630481410623,814.4513738093833,813.487762408052,823.9621028765436,831.9258830719455,785.9271224725343,798.4473560863196,794.0361942556661,674.1854055408376,833.1011227095645,832.2639632673857,833.7888767330221,833.2446554354125,835.8864766312621,835.0127305342421,790.5177866324063,745.9790688037463,741.8012357667427,784.6217477048783,787.3308126273781,741.8417609925044,820.5691413629335,794.9788639307127,807.4149504307909,793.107612559642,797.8165953536553,819.4818531736767,795.7345442190999,700.9409349719142,798.3110511748971,830.1709787210177,770.1557019217414,795.4357431112527,828.5249684631382,833.0694376881836,812.2783745863993,831.40532139264,794.9501627792571,763.0545904357149,821.401118242616,681.0933852545242,785.6950228768106,820.9365947155903,777.0483274972925,680.579579917251,689.7612533321427,728.2423643236363,815.1431923888689,548.3220824314806,831.0540924687222,832.5014391646886,738.7424306934684,832.0410710911267,795.9308830647018,831.2386124989212,657.7915677073884,773.5212583451649,694.7716996147379,833.5762528789272,833.4040059210314,727.1130773841475,610.6368416960629,833.7555322560862,805.6687272292481,832.7433457285201,804.5336258312065,812.8928739146479,808.9419630516935,797.1106282378314,830.4075362948656,807.1754459371565,770.7685870799404,755.0895732700446,779.785184270158,833.2826904120947,760.2997882338711,772.1421950768034,785.6733795992251,731.120954840067,653.4244287558657,765.4489077570958,770.1492583859401,829.1453932834964,695.8687526540812,742.7749929283764,824.2388565558822,832.2675591001897,767.7967068448768,813.3318789448169,834.0323367374093,770.1873120746516,764.8351579309824,535.3834448774724,831.506615553694,791.4701188775904,711.7969706830855,670.9183031826491,751.1097975720896,778.3847702715043,833.0876837843902,821.4272962585569,805.2856921838525,777.348394995136,833.2932427407944,832.2642993108176,804.2855517918501,833.8994975134032,787.6442573732368,833.9993711419612,812.8413871955913,827.8692880891457,820.619974837041,826.1430577865044,801.3117890426425,829.6860630978103,746.9867950031698,690.3930136126862,794.2317896488262,735.0062098330625,824.9614056538593,809.1636894727457,787.9330282845883,832.568355203902,832.4069211648348,831.1533106426921,832.6577419678042,835.586899520746,831.8058593653,820.254862300227,831.4844307214105,679.4763817937393,831.8318652788735,815.7543568605594,797.2199282757153,653.2913828174953,798.6474884927391,745.8431041788006,778.8159703834174,719.1875207820681,789.0741271163706,832.4132664876647,775.8621621257561,833.0742947954789,767.9999089257497,814.7174367838156,830.2967898377569,830.9277782233506,773.3934180053494,832.5812747205252,833.7780862459349,768.8339429420605,823.6336906323776,819.1575345798553,743.7303929604232,821.9702110760846,814.6977958738158,835.3034382265611,652.4157699602886,834.1231943042263,805.6734627213182,803.4702659012078,835.2671095334275,801.4071972536619,832.1195979675733,832.1706046562957,799.9560212630374,753.3502452547714,780.6690754413859,830.3908724429439,833.7261211438434,835.285054253747,832.3263034398982,759.9914803000579,798.7976474597282,793.057254609731,812.3321879949934,833.396883998167,822.4643244118573,792.5682649467827,821.576375177507,795.4638165936325,801.6824748452609,800.645391997385,833.8311006487787,813.8856978614551,775.4967609155772,789.0549743381712,823.5736301605442,834.3703068877137,759.9541831328655,835.8864105625506,824.980455444527,833.2530635358665,708.3453471092178,817.5092094212241,815.1910256202847,797.5142658170158,768.5502580398207,800.3057066980749,763.8226966383359,701.9511446952206,834.4739872309964,716.3547248574641,804.9271189817226,805.0161362786462,837.9675816082068,805.1734308449046,837.9546260434369,809.7568471980368,810.3019972512428,831.1544804557891,834.68714632678,798.2415005956279,831.0694531832424,834.1553381564944,817.4947489811541,834.9378870022888,735.8374772219354,763.2187613081015,835.4238227880862,802.4755544956215,837.983296035895,774.1875044154613,819.2845278520205,819.2838810514614,836.2330001792066,834.7920452820094,795.5175978323151,834.58742311705,834.2787264934923,821.1079585451473,834.4918726579189,834.3995451183144,833.3593256321813,822.8955145196002,799.0524744515865,742.7865143942133,781.5947343273099,646.4382031234054,835.5666444424442,835.0146040060864,738.7227881929822,732.4872530404895,739.5991516330452,763.500299946332,781.8525985136963,838.5490441972921,816.0359378905937,835.4517776372369,778.0179491941216,738.8773155389514,720.8909701816384,833.7455643520877,773.7631054628533,835.8196217969871,837.5728280627235,828.34887256877,806.8650811413893,807.1565170271588,727.3513143431791,724.8205186710454,837.3679950179018,700.4513971555083,824.9641822133506,618.7267308521805,798.2918212858503,812.4095420343741,814.285958824467,664.3274588160078,715.9463724835224,722.8443318980158,711.6840540006588,834.2719433778506,823.0612523784897,681.5364203594578,834.4452178559095,831.8589797306525,833.1451470046803,833.6876319520231,762.3080425564757,797.3419063122888,830.9687428707584,780.9859017541892,791.9282672205978,832.091782623271,834.180235010978,832.3925343700727,807.7519703889986,755.1396999213799,835.4450953767498,737.7318632701281,771.2602351942068,656.0066744705907,755.0426508208398,733.2737941220328,805.5852449486853,835.7917252895722,781.8231893188374,771.4126287114182,784.299356820373,735.3875430953432,827.0662568186553,744.0728371765656,818.7027917173998,703.854655261932,763.4312972070987,701.191415094116,720.7451429305269,833.6546995027591,797.8844866023894,794.5034706133268,675.5824387261714,815.5565541729324,835.407386499305,833.7526854505743,803.8018878209195,799.0425473005632,825.6061850741314,829.9534024917486,756.0289221633897,832.7059213282434,823.7811724671278,834.8504692243091,808.0448658791913,836.2881123092102,832.3530562270944,769.971598806477,798.5507936881429,820.1751302579164,833.9483156296944,754.9353943749021,835.8020516861111,710.7457208675198,784.5683031269757,819.0388977326613,767.9350964983056,832.9852241819427,673.7623366185433,835.5701063135305,836.5810893439062,831.2056665828445,777.9135017559856,674.2646306179593,674.4993046615696,739.1591350806174,800.1029912487318,835.8739832087638,790.3010203403754,795.307565238692,695.6671379034264,708.2429888515404,700.9751191249147,742.4980963165377,834.9610153782628,835.2049402120026,626.102222708821,772.314294843768,836.7217865379235,837.7445946312981,750.0134791153641,828.0486903693674,834.2898298094447,746.4863262411083,803.7988080930588,804.0484216662936,840.2387153926181,818.0390018964007,766.7919817527531,748.6138698759273,765.1893335124784,763.8751112214469,771.3470753466742,696.7215487959865,803.1366606201573,798.5082588086148,697.9047504770543,821.6625488936002,693.7712921258061,789.761764475273,794.8499706283363,690.6283299862782,829.8481870251128,827.3306346277046,812.1966833495529,820.126123869922,833.5846892132804,834.9519198816872,831.715490087741,569.4908878997737,833.9214481912289,835.7570227087482,834.723599973469,832.6877820186082,831.1739264960763,811.9404107560252,784.4373057013696,727.4258280629089,738.7580677030985,830.2534084672819,835.5989552525506,821.4463432522479,832.1299430788629,799.7303793685319,768.8620653784395,832.166044812106,791.6406530629974,830.9621017875335,722.0611956593,722.232225743427,802.6321533720612,775.7993014436553,787.1159833374772,832.6622603487899,829.5360008592255,828.2979667785453,835.3329510045512,833.0978413447516,798.0368238192846,833.9357958520546,813.7603319749675,829.4528662709629,832.00611936238,834.5205733869343,802.7349705026552,803.8122052660405,832.0399833902713,806.8209103610277,763.3785754838532,810.2360786540477,832.4805605080851,826.875880964529,834.3729410311051,819.1960799983607,835.5877688658725,814.4236846824379,760.5697948236295,817.6174179059743,836.0620869442741,804.155370554288,837.1836511612629,824.7740765846796,743.6382376343187,836.7381110405278,839.2426835836335,739.9765869603744,831.081604705966,772.0926082681385,834.9918663584041,816.2191582871731,810.5214409165482,763.5579861193784,739.6332811556625,836.745875227838,678.6521871017463,835.443312110598,780.5321701751138,831.4657487547729,809.4995701224509,832.0695351086317,834.9920376160693,741.2410913076751,808.5070659068087,809.9282685537815,803.2303275670009,839.8060257282809,783.9702107980701,827.3222194854266,838.9270940939015,841.5936001050246,702.663500231425,837.596787622444,757.0094211814568,658.9963909062969,835.2408299997779,800.3228910331567,838.2608343711166,773.300755146677,817.8661443241231,731.9960255262954,831.7065687193586,813.9765690914952,837.4974675129829,837.170980105703,822.6043271657873,839.2798168169796,701.284791062329,836.3221657397912,757.700823985202,837.4827582953802,818.8008708400832,703.7409605054661,840.7827387759097,776.7107164999295,816.7742865203973,817.8059990749452,648.7040710402865,761.2437497144115,812.2157581933828,819.1881637782701,781.9216979550323,683.7986512474773,828.5484918182577,787.063616687606,831.8396871810554,721.3826743525161,780.2715253225119,741.4614539441983,838.4113070710322,680.5388140901356,728.4663996435771,706.5587568304375,701.0178704216446,780.1287803411077,786.4626693290257,837.1820001490835,755.8317478440899,750.9805885212545,785.5447494045333,793.797314910946,763.3403453503468,837.936140891136,754.4158644628034,837.2855480701592,705.1208706029144,839.1794934719937,818.0988849584172,837.0694461506484,836.1694039075387,784.3337648043018,793.3825732675763,812.3239818046964,839.3206324864937,709.531305582534,839.0467520263898,768.8752078431887,790.0264202993018,802.465741965974,702.5697497195396,800.0037332792807,696.4190011142055,742.8447643630487,739.6411945215915,788.5944043525432,819.118451308811,745.4681735073274,839.1202506971333,740.2403386638772,822.8499149983644,743.1127672107407,837.5956793885002,821.4518274010246,836.2318895654563,840.6203613268774,837.3497449795625,789.9170778561939,801.6323897857507,822.1326368294012,749.9624488426424,783.773418338871,795.2735447559868,839.12674676755,837.4085914152407,838.4756622096314,832.6897199246387,714.2356332805923,721.774053232804,840.887417689716,838.0584914590037,768.8553688831187,805.9844964254968,838.3055318939927,815.8700412007014,829.766401481389,595.5953659221196,809.6608057974476,833.6569668056205,792.2171529068515,839.5824298639099,753.9285619195158,792.0308204479252,821.790943982777,831.0605555576412,833.8674165617421,837.7651067915563,800.3768861823313,794.0907785027503,840.3470008942737,838.5084770164265,821.934982449736,805.4789277687657,808.1438731620418,806.5677530542786,798.7291415912035,842.0570308243603,770.7228692629428,837.5992532741147,840.212581848952,840.3519444408296,812.5254848877073,840.3823530884962,805.8775295849124,812.3988958823492,823.1382172158219,836.038503489973,788.9814315020856,771.519591112771,826.4273778764666,840.3786511721677,736.3703933497856,825.9368876739295,841.382660384892,782.1977716590773,796.7815103303034,813.4633277785579,839.6082025654727,840.222058306923,839.7857331811829,790.2577855384699,840.572968127385,816.3210114675717,818.6396764577719,783.5878674977922,713.3615781517088,839.6777726871176,839.3888406182484,822.6327225094612,837.9092154955123,838.2291117548803,841.054691802715,841.736377140727,841.177412879871,819.0991800221665,841.3455497129708,746.5685045839143,840.8183601633484,785.8104100503208,801.922855909633,799.336661486448,772.1155906924417,843.5978515104567,807.069678175085,791.6939128582492,774.7813536222696,704.7613138225258,834.8037792373082,784.083060176223,724.1954060057523,820.2165954453681,842.6471720337146,791.6436218310697,705.0839920917372,828.3698685202498,814.9408136543084,833.8653682934702,761.7621209904686,749.3117618791929,804.1629430107753,742.3832787501669,759.0456368716332,762.2712736773375,843.3541029311762,748.9022327046715,823.0115704754656,700.8006498675287,764.2821641873335,763.6701566825382,708.724249716214,707.1927837125672,831.4688915134886,843.510275218896,821.7541255838789,818.2135534354625,763.6871956071656,782.8482240410268,690.0852390487502,825.8316654843773,715.5352348053677,752.082886920216,843.4309597735736,801.3282609023134,684.0309693150974,555.7164525125094,714.076501569441,686.8374036847866,774.294240749204,792.484688700349,823.7667004241829,787.181621810165,662.0112204256075,708.2119280492309,834.0894260136464,633.056335069652,799.7033368976357,838.4507116556385,809.4400292987652,765.2972721300779,835.5527505734213,844.3066612583008,840.3309151561529,779.0014606341068,766.74420105449,753.8023882695945,843.5941506815335,729.1207610389073,710.1959721480155,764.8744452318607,767.6781086862782,803.0267926642681,842.9156707412884,722.0229347138104,780.6018889264097,731.2606022929749,843.314796628283,821.0901836651615,815.7193213753294,804.9817045931542,844.0090266710293,770.5628777996852,771.3333536607105,844.5541855926541,799.0228852089853,817.3432341466079,822.3348526940213,844.14655707994,843.1394501260895,842.7147828108988,828.432241171071,841.1629790087387,810.1043026098525,835.4359183311076,843.4237814162659,756.8333753023509,826.8443754978362,821.8896279785969,813.1995660082068,837.7840295760394,835.9184092755163,841.3436777980604,811.1757977836231,800.80363109408,818.6160695377913,841.4978007206689,841.3192415425456,813.3956215684309,797.2233426144694,772.044403981015,840.8757559906202,840.0323606307707,839.9426769358579,797.6085064242272,750.3607071738284,843.7386222930951,843.3964543196838,821.9144747142799,823.8679711373801,843.4233860007206,841.2315160748344,840.6830198743461,839.7733507904768,825.3294616864713,840.4710704735636,772.2536145694597,822.7857485391494,837.7690090859552,821.1943763360603,815.0259008335282,840.1074780967626,812.3747362928965,783.1877017615815,823.5733336956082,836.2944553392218,823.7588352710926,805.5921900798148,843.9278408134484,841.5172098131386,773.6035387319937,705.604459455522,594.0501389115352,840.8044397921143,712.9931456608282,842.9228691687457,834.1026773780276,842.4787832178183,804.3894005783658,743.5238079639486,842.6999351495507,845.0792725429468,838.800322015063,825.2520692437141,842.4006316225104,841.6415560176533,842.149400267105,813.1307237682241,831.7758121114333,825.9464193409707,775.8059248358853,843.8488240159904,798.3294353487066,717.7010944103066,810.4791539194218,811.190265650226,842.64040150795,840.8670055722417,846.3013156604851,800.1566327311479,829.6324599017865,829.5172633535078,805.3012823880505,804.0484542324427,809.8167352423827,842.1057805510254,707.6224873973192,796.1328683759228,845.1224792908821,843.4734607392921,835.8120474580572,737.5514706549341,787.5081751617121,791.6625533012249,815.9030041114347,841.8503303043824,805.5389005963933,783.1048650575502,842.2579555630339,799.1789773513412,803.0547359233323,821.5611312140943,844.3788575938397,842.1316240833927,812.2825410308884,843.7107114347193,823.083652631284,847.0264119498023,846.0021369143402,845.6777912385139,766.4155542724028,791.6284864947107,848.1739890380479,755.446577905105,842.9020468599219,787.3993451083811,742.5497696141372,805.5449137744689,814.9691533891378,818.9750860064422,841.856809112859,751.1508161908021,788.3648031445515,827.912179898034,828.1071462192228,827.5459157269357,845.7757566192263,842.8620495136606,840.5381242320457,845.7710358162539,845.657005926423,783.8278084988435,748.395682255894,837.4605511447356,678.0673303922575,765.5694222352406,844.0444698436905,743.9153686735148,813.1930518203833,777.2900498741665,806.3014198047881,671.8576955247169,844.6514101962654,728.6453747462284,606.6287012156779,842.4843072737589,751.5826200503793,736.5408708954078,808.3822376828718,801.2186100433153,848.7519072086653,809.5064475445894,845.9001880640233,799.9249164702942,741.777912862086,758.7646664273208,730.2615769392152,782.3358356251165,774.3025117539697,781.503343518735,845.1414800956436,842.0746592243341,759.7131843002245,791.9655549999653,712.0696284971901,707.3572214768764,789.5483668194481,666.8834480815642,678.9934733636597,847.6282027772958,820.7746721930989,718.1934674372216,847.8648541488333,795.2183525455713,848.0774958154886,845.2630969687874,842.537169855715,844.8662418857901,825.0357820464409,825.6628413457681,833.7115871328967,838.6486148672774,843.9406010681472,846.2084986325577,805.7110000050931,827.5407143855903,804.4779040143785,797.4753941950273,741.502740370124,737.1317316606978,802.9630987053711,835.4507218084859,770.3383276785252,832.1522436756513,694.1017724106391,761.7855546627369,657.9816904143872,814.8648578374604,771.6684803100304,751.7189371871931,755.7291431654498,790.9559067653089,819.3147582846065,744.1234562652494,853.3526937916124,840.1623284248285,833.9261900926326,852.1860991905046,764.664243438464,795.4673636969665,850.9753866280354,849.8631060067652,855.5985027335056,845.8227437122583,851.8452294945921,763.0131563131808,847.9069836938783,850.1259563695038,844.5302469806998,848.1445353672888,849.0967558644533,847.1649194981319,847.2411268692559,816.7484448016613,797.7812397123882,849.8143547678206,847.6629443665522,820.2310936520528,723.0391404243228,802.4201743316505,814.2115600580477,842.3410989602659,818.4613334691801,850.2302786891229,835.6065059793235,845.6309824859492,805.3950305716943,773.6701727758198,846.0906589535954,803.4043736662838,800.0184652652262,842.4051273128208,799.9865271685456,752.6036151197691,843.978439834579,828.9264484370069,799.8667218606172,843.9850106586541,842.791240439597,834.5841546714435,841.6280404752564,843.9753320968213,831.5295234129056,769.1593143627891,805.2046024778182,728.2480892804899,841.9142210524259,841.1980047739181,806.7586151747805,838.5121678934547,720.4622778668161,843.7536002231985,732.4988035834373,843.7459718516149,841.8729879262826,812.8669581229726,718.8652525235067,844.6481443332898,844.6555219324453,848.9277647126121,844.1814498572257,845.6044924653169,844.8491106584529,823.3090769625579,848.7319478615235,807.889369753368,834.9120651539954,836.9858593468866,836.5988384265638,682.6181192109573,783.4506246134682,827.8508255591412,670.7199478571958,814.1175993581031,799.6412385022359,843.5454116667513,847.3187060173436,826.045275826698,822.798426266288,846.3784342754443,833.2574010220949,848.2601244649851,821.8620426745913,847.9471293250652,848.8301841832225,821.7475892018056,799.4699127544221,846.3254973852132,839.2397383107436,741.0518938603419,845.9405562174405,845.1797958672695,842.2943821542818,844.1709546126134,843.5540275712258,748.1999755640641,748.1963745470968,802.8330464222357,762.5804257204703,753.7265471611515,845.5114844952316,808.0130005420134,783.448654431586,717.1605060432753,841.3666403180218,841.2236065514779,692.9812182314744,844.9565874482067,595.9951385799296,764.8686739742287,821.5354341166731,802.8027444181755,846.672879847088,737.5732120973637,845.1353680627875,832.4833473896986,714.4824438695333,748.9963376351885,670.890870164735,825.0913296939505,816.3847126155729,765.3591048921795,755.5915510717922,844.6112554662135,756.4380535276151,845.9422829192642,845.6424933700994,828.7960066500203,842.6808376617665,844.8955696762694,844.7395356501354,833.5580737477281,846.2207496493203,796.2180054165146,812.2699581123383,842.8792197876866,811.6642225324791,843.4175893646204,827.5457316202293,845.0296308568483,843.928814132246,843.6609457014166,844.1713570395003,836.5818864690009,798.7473770876433,786.2520315828589,842.8513133304656,832.4933044119351,836.9274552252392,733.3018143951372,746.1312909429729,846.1019743613448,843.5327398409072,785.8399442605977,811.1844237625643,805.7634623049848,839.7237678493643,799.0160181741336,809.0072136535675,790.6090996664365,783.0955356058212,758.8407470557107,813.0313081848903,750.8439150558395,679.5346374403507,812.2746145547461,770.1632021955835,761.3052833083924,771.1174700251947,770.1541647374422,759.9179986086435,800.6846831919432,839.959236778712,743.4081134118958,843.8952526991048,734.7868721531881,844.9812030312819,782.4147877249754,844.0085232840913,733.4791698008576,773.0612878065235,814.9074387418241,842.773280120322,765.9576181305808,732.3025539969121,706.7499468042474,746.474957375427,830.4778413734099,842.6919397619248,769.5716664831275,823.7742202354781,841.6196577851578,847.1351888112096,787.6088203749648,806.5050796878248,845.6290401115934,826.7159211023759,793.5727869594716,774.4269828348325,845.059182348675,817.5682105066206,833.0903130358856,752.9590105018009,844.6554848678495,843.8375938430256,739.6904794032185,764.5427328476809,734.4588413029037,688.3522726516314,846.8468958490915,844.2668261832573,793.0197172862165,816.4215672982426,839.473843661683,845.1465199593968,844.1606623458505,764.3012202815045,846.5575691951432,827.9228976615534,828.8555057620252,834.6489134945641,843.6241955992816,816.3053284359788,844.2654376893751,763.8383153657908,848.0571051093855,779.1872926359533,845.6546185647525,842.6543333866251,800.6794712035829,812.116295325857,844.7528329886806,847.511804893489,766.5824585738411,738.249483589764,812.428983707842,822.1694210084138,784.170145262586,789.1898714368058,791.4229320797899,792.5104453529469,722.4304848049252,843.2529605221458,781.9504069437601,845.5344852423685,685.6122346833941,815.2604960271437,688.2569072315587,842.3807232899806,762.6895880802155,818.8161190276256,807.6840606374528,834.0286006554068,829.4086435270244,833.3556126506247,808.8760647690118,796.8281069592915,839.8356072851078,848.267792980934,847.997102532474,812.3229285078841,847.3437413457167,810.267302682343,735.6085651165374,760.6318959827482,818.3583565314368,766.3674883648388,745.3035529089659,814.0726871345983,765.9512867345861,734.2876261135416,808.8076730433597,835.6745574505914,844.4204203901356,842.1148022842456,706.8269876087851,830.8349259147736,795.4985653150344,843.2643369112191,806.9459811736294,797.6795630776596,842.2376161659691,817.2902436882822,829.3620491272881,824.9879462463705,818.711244935643,820.9240677054217,807.071852459136,770.6368126131086,831.0064960084525,848.7197625474146,772.5113296228459,816.9112734548794,848.0401070131413,761.3411827958034,846.6071437239345,692.0276367979452,802.4790741038398,846.0325504159853,848.3795378902245,848.6063077239438,840.2827871368341,768.3095153411073,841.4228359556209,805.7425984385386,847.6622962704699,846.6568924166514,849.6203433360089,592.2112949632801,805.5991406548806,817.8092007050335,792.7558189526549,850.3545070662111,737.6889714977452,780.6080153234564,800.9145185465862,843.8717015537853,841.6303971196353,680.0013910850299,834.1065825731919,757.2299350922424,843.8544809036953,821.5228576674403,798.4925246461478,819.1476430074703,845.8774292785548,825.7267393613455,844.8359402223261,846.5432978527615,846.4693894177622,818.7532238447756,847.0575093881633,799.8056849307543,802.0749357173104,738.3546960462362,739.70962069873,711.0671730099058,845.7755238517478,829.5754806199193,802.9609279622484,831.0468571205345,838.35111823005,675.7027475666023,848.2500428801251,830.8433621668056,806.9148403328093,848.448730665318,846.6961877312291,844.9414141013856,819.6287965246348,813.2655570354613,846.5642624803205,843.7680204447773,848.5547900829491,809.7802607500608,848.717635969444,829.8760934029468,846.7878231188774,846.5960198496708,840.0280708891468,843.7719430143029,830.7340862090305,843.2300426968992,849.6170364536024,778.2895119256427,654.4141738273373,702.5599180582824,754.3528744911018,848.2349979141785,845.4975000649,848.2727167278316,826.9663849201477,789.1675340781206,799.2227494022358,783.0516346560497,810.4792761899724,834.5599605546123,847.8786886389543,790.015771893981,812.0611705952155,777.100165110323,846.2358506438597,847.3555064337704,844.5074168265767,817.4164023718293,775.6609728901013,758.0135144593603,827.2554412241724,745.9727615706969,742.9377521790994,843.3711101965424,779.0304998166575,735.3833161184216,846.8116641801545,842.7718147329674,830.5293125947833,845.5017209003685,844.8668381225239,824.1131110683599,819.300704251447,846.1116710333304,783.3602107585855,845.4662181345395,836.9179630745065,848.3624651850217,846.7867235298598,846.0113776550884,796.4468745624666,849.3601066459356,844.9491214681847,848.1432723639687,809.836634965329,848.1369880189549,843.9295553964257,816.8014262637687,812.1813702850291,828.9629339374487,828.9641211890009,786.4681587436971,827.9430625250205,703.5303696776383,755.9822701910596,793.6583137279024,821.9786777319488,778.9256249702013,851.7061050375762,845.823738633654,732.7191504047445,749.9401305501601,813.0700094845255,811.1917792682489,799.9944135466931,849.0250973398063,808.2667671816181,845.7568119021632,810.9994188353518,826.8346479871996,827.0312777216012,772.670780281154,729.9142405873645,702.1154439641452,774.821920757929,742.519312290972,825.2948319968775,742.0459518200361,817.8976824246727,755.550216720888,831.9018030356622,806.1494092799363,800.2883409385694,846.2419525886075,735.9298820056504,787.562951487687,847.1076875430044,847.1988092735043,786.5919211487658,809.5527909658559,847.6270553952083,771.8849026833232,800.6463184859816,842.6401885531491,846.3731301211405,825.3143936591151,825.5125483664417,846.7631457216659,799.5616290115631,794.6978940054767,806.5109191305556,755.4690628921572,755.9420019587049,828.2265404090679,848.4826219263798,826.1705881670724,845.1689622037305,847.2067202804077,820.8411646389576,849.6112512790626,806.305345706003,739.9571459261648,828.8161359193349,835.6501672449472,848.1710360326914,849.7289187205054,809.7251930117507,794.8226519841064,846.493109625185,810.8012878989236,781.9933705122854,850.8936408420531,765.5697100428524,830.9212751111734,700.9232127602736,796.415456118089,803.6774593072205,852.1085694958932,851.6380497871108,848.9650231810302,849.1215021471869,848.3755166347206,785.617295758479,715.7656117651521,723.4470494488463,739.7111354289231,842.8452589328676,711.1784439191084,795.4160899446323,721.9849177142486,814.6091848343033,775.2130205668739,785.0522690492444,833.6948470777195,850.537664003338,832.8006891700373,851.2959344200265,851.9675972158675,816.417081197212,734.094769591692,736.4639791777694,762.8158234059605,795.722364413225,762.5540439393747,760.7399078828188,815.4269367114566,851.1373908702585,838.0078621901449,848.6259301365891,805.4122891486865,851.1550846133647,765.6436042089605,848.4611794544788,852.3009895330943,807.1352599992312,831.0076401573812,823.9576139439433,854.0501786901258,814.7277141049485,853.2492659722487,848.725286696992,805.9709292315151,841.190589363439,851.7193098793668,851.5391292377975,851.4038447388527,849.287680533813,810.5630243168886,833.25902693937,706.722368938024,801.0269859805597,850.9829087749399,849.9842090402308,765.3126090860845,828.4413188358617,849.283775648243,828.0313765103064,832.9000340509373,827.9267891228429,832.3673145769458,757.4904363382065,810.2429663595141,817.2037706383044,792.063982942572,853.6170441300314,819.7656272453172,851.6897410476591,795.6470239741572,811.4259978465426,852.0754597219321,735.5935292613545,805.5154532606247,804.0859515557089,702.7522265681459,766.7681524847538,636.2201545923365,729.2292281824238,851.441832559408,669.9731906026229,849.2759847329829,845.6850639455732,715.5096605638447,849.4003167909073,824.2313250898227,808.7455087130678,852.568806841826,790.4233184898476,805.4261819578477,849.6889791881654,848.0403958671909,848.2569083892535,789.7845826809889,798.8633110955158,846.0632676934193,799.8514644022363,741.6946307973027,794.5997769178791,830.2681203961141,821.5105121258716,806.4664530519952,847.9431317636988,798.4548078379602,848.5120556953109,775.8439878877956,833.7094893044897,849.6908487997733,849.8797787144704,793.2368306796602,852.2466349104784,795.3643580707172,797.1025498200489,845.0083014528446,826.0338192315849,837.53062179782,822.7332897660597,820.8022977003382,817.7047551768114,836.163106517061,809.4821323974915,847.5427149025076,808.0518998956853,848.0628646359143,848.2871941202565,847.3299457045586,847.4023899779739,847.4649171712971,769.1987016557928,831.3429264202997,846.7617653260504,822.1357029123174,846.8898038606629,754.3313004145652,848.7957312511462,830.7464122222245,852.4152792761269,848.7724796858047,823.5171862305267,805.7707119393307,799.077485896233,850.687671260849,775.7081761688843,847.9837259018115,839.6582107924411,837.2442177437979,761.8483701131672,849.4381128768802,832.7448577268565,749.726913736629,846.787097953097,841.6030503700702,847.8534633336528,828.9439811535176,848.3495876917697,840.50022387265,636.2097633841506,775.3529537344377,752.9662558168081,803.0038569768362,745.1667368649893,710.0242761538494,847.2208441657417,849.4996071010701,688.0013504609628,818.6075308270714,756.2453698578064,801.8741406009447,848.2481837381506,714.5942669088242,823.2753105016877,803.6245440109568,789.2216988866752,777.0349189680079,812.2104944806364,814.1487793743194,792.9317610545829,774.602103521583,708.323308279297,783.91274248499,807.6024101035226,731.6907738102591,849.1770663728978,782.6824370221645,814.859407980893,747.6814754771087,847.8711312875496,848.9895649750881,834.1985618820501,816.603208255398,817.9207378300353,825.3933036165142,764.0634575608793,849.857427759442,847.5168272802923,846.4558560662251,824.626554293922,812.523051404854,848.6908434607413,747.5544153915042,849.641008842335,837.598788080829,815.2937623771435,847.5851199423158,838.6928037934335,836.8570367290072,852.1111313794402,780.4984547258687,850.1471036095193,848.2651616458243,810.8551996043707,799.3541580313062,833.8615935323809,849.2586650023037,803.182294238307,794.1268082217222,801.2047404264467,801.1979114592364,849.459822370701,786.8144336029238,847.3155946872372,847.944133229462,791.4033523505808,833.1880996804489,834.6497590384944,808.5934773608872,801.2592163721507,848.6085176048233,839.0249084620785,779.3621441353444,779.5931631328981,827.0591456368893,849.7041892111054,799.4981001204533,843.0516976063234,833.2824693149757,830.1878657951862,848.3262683751419,730.6457561921554,792.2433001551739,793.0966611213184,852.2132258113182,815.8059794367108,797.215939969354,827.1190775778515,761.2660482131571,802.2689156683018,837.5079275458352,849.2830030530585,822.4808893268801,746.3415971087529,846.2347522342269,797.8374258641398,848.2769410699855,846.0170831730113,830.8946747717898,848.4392140726761,836.9762074948615,750.5126576588924,751.2688965328362,849.6400817350268,812.7330120977764,846.9501007191195,762.1138742844689,795.1801531262573,832.9342459512422,847.1599013446687,826.4083427510443,846.8940402495527,784.0742898087798,848.0305485082805,766.2483891279772,786.0409884014097,811.1537356665385,843.006092187376,790.9864840300208,835.5556144475214,809.3017517975505,789.0273043825512,797.8188357867617,796.7140754123419,820.0745921283819,847.9082469835234,819.3541961456016,842.7323079695096,849.4688119132741,830.003706848331,779.5082180573589,829.6673396887116,809.4349183967961,821.2739541154607,753.8819401569999,633.3544654578791,838.9620830015963,834.1382909676579,808.5620126037456,812.029080165353,712.4412560370508,772.2473906027459,849.0158239351731,829.8059337143956,825.0681773924563,848.4254081172916,814.5228451626784,772.6328571294096,791.4229418672352,816.5845595573866,849.6622284147871,818.7504222179136,819.3921567521784,738.9924898286595,742.9919518491633,745.8156547973731,721.8206292648912,718.1300033164877,813.9765944454326,839.7812846125671,851.0699965900914,850.011530418146,817.1675265649294,802.7717480175821,814.5222409549881,840.2772878898193,845.9182637079922,790.9147116897984,728.5794658873199,850.0421578911405,847.5544363803642,660.6309298469893,845.1050323821382,849.0868024408302,848.0930028436572,843.2493758402778,706.582973323753,828.9164568057914,657.1732407093405,848.8599351033334,808.0683253557482,775.0738636073954,847.8311150509211,750.0782362225038,723.7095847480526,828.9825747658908,849.4704755487268,663.7661394132305,703.8277280951797,728.8100181619363,809.8958003481343,772.2224422980613,740.8082942648674,805.00820228101,850.7841694566104,850.494897898023,688.1744739473374,800.5100734928287,835.9067372859416,702.2056067447493,744.0747856292408,815.7958922624584,793.0193346519652,848.9955181860356,748.7708508257867,695.7350414398943,807.5128702001354,799.366433009434,774.2770010863665,769.4925188786391,731.0772764428598,847.5029281488373,694.9037972013099,748.7379811180554,822.6687628106508,834.7053214792483,810.3063243353431,843.7664181925393,678.4189423656754,820.3388290229698,845.1432415835195,849.923468163774,849.74934276789,769.969042046057,851.4609338541591,786.5912438678538,690.807726394388,849.9301435897465,831.5001211689762,793.3965116311039,851.3875083493962,706.2805105743241,735.8371372901587,851.290893103501,688.3629736720322,849.487952981625,763.6575385277935,849.1092970747158,785.2957324049207,715.6315372293457,722.955814229346,787.196661705395,843.9598159283513,850.6547619173537,851.109908111423,849.3589575892496,820.0901721071255,782.8212686424242,849.5013496268667,849.672009369701,833.1306329843009,825.0885617093559,851.404807555668,669.9730591306163,848.9199088215856,825.7372413822254,848.3175048860659,781.2942110164336,852.5067716988979,851.46765139322,849.5095320388758,852.5110031147328,848.7328010196385,720.834393818231,752.8436868267911,739.4255528647783,741.057576254569,778.8272022667048,815.0243178560214,851.3103559170903,768.2469530392705,829.4859027144283,852.0726335080195,848.7112470373387,848.8020686000629,851.4874012667198,853.414027674217,852.8585950175318,836.3395480302519,850.2736476185777,807.657698568076,815.5763877099153,852.9720144130182,851.5327248530474,778.5258541924259,853.1568261022846,738.9033860406504,806.8037953889249,784.3175591250047,808.9877630105867,830.1343030253249,745.7527105988235,853.0157691937465,825.7094713156409,852.252738471243,847.6243167678957,853.3712444263795,772.4770468061065,804.2678262997371,853.601119416225,764.0887103680582,831.514512655173,857.9759706894323,829.5317372830492,827.3619315931498,818.8441356810065,819.3272320000387,777.3367424478563,855.5220776135468,766.8018071575398,795.2806566542371,827.074867120915,808.8333389610943,826.1554809892497,796.4472554272525,811.8904472605815,782.7953229894496,812.6647204772802,806.9543603228802,850.1979519466917,827.2930521892399,821.3039694258724,825.0153314714136,820.9109138873291,767.9370084371305,711.6563755868843,810.7547982430924,775.4632585920809,744.750746319757,843.9740796988006,755.5865386960489,719.0435047260672,774.3354390257043,852.1644039350564,807.4196100767375,782.3915594122453,795.6107394739406,741.2257203583241,778.1437677682054,773.3006610297049,810.0602087639932,815.5270049038327,672.1067677465093,688.0958504332617,838.2081639818609,674.546739690051,773.3719304873298,803.0313938925303,843.6845203333936,702.2568163375762,853.0394211535332,852.8055604118914,849.8727130241962,848.2890168311355,788.4707418472854,788.6682572123335,845.2351010241783,853.4646522202448,844.4686925661636,853.579368213935,812.7649105425717,816.8716314478604,851.9799964724656,819.4291112656496,828.7332437258153,837.2140401357491,853.5576731513625,820.3413930407095,797.2203894209537,818.3516720506341,777.646929133777,804.1539122829828,805.6257337066892,798.2181114787203,754.1159718656857,812.4250768896774,832.0981318324191,850.9029515722025,852.6531794270957,830.9567367692327,779.060559801123,852.0562654849575,849.9250879006709,799.2957210382793,834.3449494275776,855.0881959924866,820.3210853981407,747.5311494313964,850.3026055837657,759.985084452021,855.888024950267,856.2216238482343,656.1515224799831,855.7848774443265,789.7616421159311,856.7910717961068,854.6490936183849,828.3202756403708,791.6159149924597,854.4228904596724,837.6290866542255,854.3631936019912,795.1881544288517,830.2733543739419,855.2156671327224,740.1174976657798,854.6533284874487,844.684117995688,853.5783715369599,854.4781591756022,803.0851121491968,841.3697004912569,819.4569272590118,854.7490027035938,842.2398525787472,855.7835900128227,778.9358086660638,855.3896858595789,847.0735666334677,767.006477021233,764.5979900354322,762.1804746741523,692.0344199396784,745.3875271669132,706.6298380594518,796.20340825157,737.577041323207,768.6156206697634,855.6702400008376,764.1130369954551,832.937811655144,789.4020089708405,857.1302350411252,720.9337748543604,858.1827557817626,832.5450777523374,858.1544834678375,855.4780706126263,811.7881903718188,857.3293152377531,840.7874227951248,856.0044827946434,804.6475528267299,768.6204714149657,816.9909641006847,848.6249928853674,853.5851086389091,854.6949686600799,765.443722808335,854.0860710249078,787.1537659911262,852.4546489335526,816.3088738755014,798.719434256202,803.8638779520048,825.3574154856686,784.8635751794842,833.8148770969875,854.4887199661522,762.0190195991519,774.9912651332828,854.5349693793299,855.8318314591145,856.7093835047989,756.9010933747235,797.233318099496,783.2422811714825,784.6765096135373,824.5414594428806,799.8835133765557,850.180955749821,815.4121668670767,853.9169864459545,830.9295248561804,836.0910539193844,853.9667187295753,853.0946587495364,854.8808508599277,854.6187908511556,810.3753050512369,854.3151995548337,856.7410827048302,856.6417499770567,858.1019727660962,852.5689059010697,848.9808518080764,792.4024638105944,823.4651090007311,855.1848072812959,796.7911331424251,857.695575510309,857.5828092631898,849.4259507867073,818.2752061096915,826.2904996123477,789.986621643886,828.3814830529057,843.1784126674984,855.3472062288607,852.3876864590648,837.3566082798105,855.583792862664,857.9053880457371,854.801901574079,826.5276891977616,857.5527142035488,855.8526290284019,817.6444083459728,717.4356863348702,853.1165039006266,854.8633946371319,854.0903457937012,854.2704440890561,831.222807932344,854.4035404286468,821.1135217371274,858.332435198221,856.2017679543802,845.0855799023125,852.7027179089446,859.1424708931821,851.6648022788269,751.2902870615757,859.9433438243753,857.4894881713617,687.0856231765922,704.1416509661339,850.8560153720865,790.5511726484765,715.1270659350325,855.4634649621148,754.7244283825029,780.0925754529046,855.1912728936784,831.3708252816884,821.499132871637,853.956283472962,853.2886578890513,854.3285244957096,673.6785850004214,857.411959233478,854.5868440866853,786.3457706612521,819.1869280633366,743.1790288423858,852.2753377009462,857.0437356035166,783.3801669380591,778.3447257867316,839.0377710233728,852.9567475742876,736.572237251183,768.8574625752534,855.80842450599,810.244223533723,766.7607263817682,823.3108654001314,806.8973855087075,858.6729397613584,812.0418105142527,854.8536557180628,854.1697839822483,815.583393409042,859.2041820404283,858.1805027072735,852.5896142249353,855.2066223870002,858.1462412651113,857.1474631217977,856.1445120037395,809.1994867802149,845.5074725912393,820.2560272227769,849.7111172250231,855.3543718667228,847.6342835196017,800.0371191180379,859.6639170272011,833.9320380301174,858.2038860316075,826.1261177905607,810.8737060567682,855.5189936335864,855.9215573203236,766.0020735425322,853.2431224185734,789.132820562212,822.5741520856169,858.1945625443567,841.2345331903948,856.4928818298075,841.7332882797319,818.9002419102866,816.7722667799982,852.8377217642576,852.3129376966597,841.3348379735638,840.0065753125995,853.5373674095216,831.0238766785574,853.4211503872566,851.2897550059638,852.5107856333727,805.5680649632308,845.6223204971143,833.5488973797724,809.3630145825312,854.923974709803,848.1703001430325,855.5237163728782,754.8794465745934,836.2684822168992,707.9608255139105,845.7065930489385,762.797990697091,851.4872933199397,829.9302152095005,756.1455619310121,786.5990118120985,815.5722260941372,804.0842692494153,730.320827536466,811.8864349474045,849.6097995081902,774.8226017846208,743.201901589985,817.8991733878742,825.7637204599214,847.3206472467425,797.9736182758933,812.0362235506984,756.3296462949116,831.408900509657,854.2677028836321,789.6240598113733,852.0009187342035,852.0321387277172,819.7352212395444,854.7876290515701,855.2756022661696,853.5022681076719,813.2491323950599,843.0344663558482,845.579043270509,845.8837659394433,835.2922561277146,814.6252605497015,823.0944060308893,850.4384069462136,851.7224621507604,844.7074178377311,841.8633380842435,853.1911307831567,807.2528418054458,731.1436441912324,853.4932597013863,712.4129177654083,719.6813959600556,656.596307687495,730.3146521655015,714.863308071195,733.904495802957,781.509640670676,851.3496670411567,811.3314778969125,778.5671523065989,819.8309781403575,850.5271890152188,853.5252453502471,790.3517547366628,802.3346146326554,852.2454573652999,854.079168494483,845.3880749474156,853.0606579733845,854.3214749566916,760.6438363298753,851.9495329062597,830.8093380218238,677.7424047566825,713.0280416279335,825.8202177744155,839.6246019917184,852.6522845544249,704.5931374021199,828.4590193639872,800.9636599207631,777.2736956679876,772.4216270753676,801.1697340655536,832.5644462942448,821.6966993136771,855.7182772861541,852.227103860853,697.7528379479919,852.0290152131379,835.210223908007,687.3734521375077,730.9231961011991,853.8607721945459,850.2557095144565,806.3345541003857,850.2574874639025,849.9637529751942,854.032944471623,736.9686123849908,853.1061557069881,800.3937903056542,768.6274747353064,852.6344882244185,805.4536161836686,822.0003360632264,855.8475490405269
