n_epochs_elapsed,1,2,3,4,5,6,7,8,9,10,11,12,13,14,15,16,17,18,19,20,21,22,23,24,25,26,27,28,29,30,31,32,33,34,35,36,37,38,39,40,41,42,43,44,45,46,47,48,49,50,51,52,53,54,55,56,57,58,59,60,61,62,63,64,65,66,67,68,69,70,71,72,73,74,75,76,77,78,79,80,81,82,83,84,85,86,87,88,89,90,91,92,93,94,95,96,97,98,99,100,101,102,103,104,105,106,107,108,109,110,111,112,113,114,115,116,117,118,119,120,121,122,123,124,125,126,127,128,129,130,131,132,133,134,135,136,137,138,139,140,141,142,143,144,145,146,147,148,149,150,151,152,153,154,155,156,157,158,159,160,161,162,163,164,165,166,167,168,169,170,171,172,173,174,175,176,177,178,179,180,181,182,183,184,185,186,187,188,189,190,191,192,193,194,195,196,197,198,199,200,201,202,203,204,205,206,207,208,209,210,211,212,213,214,215,216,217,218,219,220,221,222,223,224,225,226,227,228,229,230,231,232,233,234,235,236,237,238,239,240,241,242,243,244,245,246,247,248,249,250,251,252,253,254,255,256,257,258,259,260,261,262,263,264,265,266,267,268,269,270,271,272,273,274,275,276,277,278,279,280,281,282,283,284,285,286,287,288,289,290,291,292,293,294,295,296,297,298,299,300,301,302,303,304,305,306,307,308,309,310,311,312,313,314,315,316,317,318,319,320,321,322,323,324,325,326,327,328,329,330,331,332,333,334,335,336,337,338,339,340,341,342,343,344,345,346,347,348,349,350,351,352,353,354,355,356,357,358,359,360,361,362,363,364,365,366,367,368,369,370,371,372,373,374,375,376,377,378,379,380,381,382,383,384,385,386,387,388,389,390,391,392,393,394,395,396,397,398,399,400,401,402,403,404,405,406,407,408,409,410,411,412,413,414,415,416,417,418,419,420,421,422,423,424,425,426,427,428,429,430,431,432,433,434,435,436,437,438,439,440,441,442,443,444,445,446,447,448,449,450,451,452,453,454,455,456,457,458,459,460,461,462,463,464,465,466,467,468,469,470,471,472,473,474,475,476,477,478,479,480,481,482,483,484,485,486,487,488,489,490,491,492,493,494,495,496,497,498,499,500,501,502,503,504,505,506,507,508,509,510,511,512,513,514,515,516,517,518,519,520,521,522,523,524,525,526,527,528,529,530,531,532,533,534,535,536,537,538,539,540,541,542,543,544,545,546,547,548,549,550,551,552,553,554,555,556,557,558,559,560,561,562,563,564,565,566,567,568,569,570,571,572,573,574,575,576,577,578,579,580,581,582,583,584,585,586,587,588,589,590,591,592,593,594,595,596,597,598,599,600,601,602,603,604,605,606,607,608,609,610,611,612,613,614,615,616,617,618,619,620,621,622,623,624,625,626,627,628,629,630,631,632,633,634,635,636,637,638,639,640,641,642,643,644,645,646,647,648,649,650,651,652,653,654,655,656,657,658,659,660,661,662,663,664,665,666,667,668,669,670,671,672,673,674,675,676,677,678,679,680,681,682,683,684,685,686,687,688,689,690,691,692,693,694,695,696,697,698,699,700,701,702,703,704,705,706,707,708,709,710,711,712,713,714,715,716,717,718,719,720,721,722,723,724,725,726,727,728,729,730,731,732,733,734,735,736,737,738,739,740,741,742,743,744,745,746,747,748,749,750,751,752,753,754,755,756,757,758,759,760,761,762,763,764,765,766,767,768,769,770,771,772,773,774,775,776,777,778,779,780,781,782,783,784,785,786,787,788,789,790,791,792,793,794,795,796,797,798,799,800,801,802,803,804,805,806,807,808,809,810,811,812,813,814,815,816,817,818,819,820,821,822,823,824,825,826,827,828,829,830,831,832,833,834,835,836,837,838,839,840,841,842,843,844,845,846,847,848,849,850,851,852,853,854,855,856,857,858,859,860,861,862,863,864,865,866,867,868,869,870,871,872,873,874,875,876,877,878,879,880,881,882,883,884,885,886,887,888,889,890,891,892,893,894,895,896,897,898,899,900,901,902,903,904,905,906,907,908,909,910,911,912,913,914,915,916,917,918,919,920,921,922,923,924,925,926,927,928,929,930,931,932,933,934,935,936,937,938,939,940,941,942,943,944,945,946,947,948,949,950,951,952,953,954,955,956,957,958,959,960,961,962,963,964,965,966,967,968,969,970,971,972,973,974,975,976,977,978,979,980,981,982,983,984,985,986,987,988,989,990,991,992,993,994,995,996,997,998,999,1000
n_training_episodes_elapsed,50,100,150,200,250,300,350,400,450,500,550,600,650,700,750,800,850,900,950,1000,1050,1100,1150,1200,1250,1300,1350,1400,1450,1500,1550,1600,1650,1700,1750,1800,1850,1900,1950,2000,2050,2100,2150,2200,2250,2300,2350,2400,2450,2500,2550,2600,2650,2700,2750,2800,2850,2900,2950,3000,3050,3100,3150,3200,3250,3300,3350,3400,3450,3500,3550,3600,3650,3700,3750,3800,3850,3900,3950,4000,4050,4100,4150,4200,4250,4300,4350,4400,4450,4500,4550,4600,4650,4700,4750,4800,4850,4900,4950,5000,5050,5100,5150,5200,5250,5300,5350,5400,5450,5500,5550,5600,5650,5700,5750,5800,5850,5900,5950,6000,6050,6100,6150,6200,6250,6300,6350,6400,6450,6500,6550,6600,6650,6700,6750,6800,6850,6900,6950,7000,7050,7100,7150,7200,7250,7300,7350,7400,7450,7500,7550,7600,7650,7700,7750,7800,7850,7900,7950,8000,8050,8100,8150,8200,8250,8300,8350,8400,8450,8500,8550,8600,8650,8700,8750,8800,8850,8900,8950,9000,9050,9100,9150,9200,9250,9300,9350,9400,9450,9500,9550,9600,9650,9700,9750,9800,9850,9900,9950,10000,10050,10100,10150,10200,10250,10300,10350,10400,10450,10500,10550,10600,10650,10700,10750,10800,10850,10900,10950,11000,11050,11100,11150,11200,11250,11300,11350,11400,11450,11500,11550,11600,11650,11700,11750,11800,11850,11900,11950,12000,12050,12100,12150,12200,12250,12300,12350,12400,12450,12500,12550,12600,12650,12700,12750,12800,12850,12900,12950,13000,13050,13100,13150,13200,13250,13300,13350,13400,13450,13500,13550,13600,13650,13700,13750,13800,13850,13900,13950,14000,14050,14100,14150,14200,14250,14300,14350,14400,14450,14500,14550,14600,14650,14700,14750,14800,14850,14900,14950,15000,15050,15100,15150,15200,15250,15300,15350,15400,15450,15500,15550,15600,15650,15700,15750,15800,15850,15900,15950,16000,16050,16100,16150,16200,16250,16300,16350,16400,16450,16500,16550,16600,16650,16700,16750,16800,16850,16900,16950,17000,17050,17100,17150,17200,17250,17300,17350,17400,17450,17500,17550,17600,17650,17700,17750,17800,17850,17900,17950,18000,18050,18100,18150,18200,18250,18300,18350,18400,18450,18500,18550,18600,18650,18700,18750,18800,18850,18900,18950,19000,19050,19100,19150,19200,19250,19300,19350,19400,19450,19500,19550,19600,19650,19700,19750,19800,19850,19900,19950,20000,20050,20100,20150,20200,20250,20300,20350,20400,20450,20500,20550,20600,20650,20700,20750,20800,20850,20900,20950,21000,21050,21100,21150,21200,21250,21300,21350,21400,21450,21500,21550,21600,21650,21700,21750,21800,21850,21900,21950,22000,22050,22100,22150,22200,22250,22300,22350,22400,22450,22500,22550,22600,22650,22700,22750,22800,22850,22900,22950,23000,23050,23100,23150,23200,23250,23300,23350,23400,23450,23500,23550,23600,23650,23700,23750,23800,23850,23900,23950,24000,24050,24100,24150,24200,24250,24300,24350,24400,24450,24500,24550,24600,24650,24700,24750,24800,24850,24900,24950,25000,25050,25100,25150,25200,25250,25300,25350,25400,25450,25500,25550,25600,25650,25700,25750,25800,25850,25900,25950,26000,26050,26100,26150,26200,26250,26300,26350,26400,26450,26500,26550,26600,26650,26700,26750,26800,26850,26900,26950,27000,27050,27100,27150,27200,27250,27300,27350,27400,27450,27500,27550,27600,27650,27700,27750,27800,27850,27900,27950,28000,28050,28100,28150,28200,28250,28300,28350,28400,28450,28500,28550,28600,28650,28700,28750,28800,28850,28900,28950,29000,29050,29100,29150,29200,29250,29300,29350,29400,29450,29500,29550,29600,29650,29700,29750,29800,29850,29900,29950,30000,30050,30100,30150,30200,30250,30300,30350,30400,30450,30500,30550,30600,30650,30700,30750,30800,30850,30900,30950,31000,31050,31100,31150,31200,31250,31300,31350,31400,31450,31500,31550,31600,31650,31700,31750,31800,31850,31900,31950,32000,32050,32100,32150,32200,32250,32300,32350,32400,32450,32500,32550,32600,32650,32700,32750,32800,32850,32900,32950,33000,33050,33100,33150,33200,33250,33300,33350,33400,33450,33500,33550,33600,33650,33700,33750,33800,33850,33900,33950,34000,34050,34100,34150,34200,34250,34300,34350,34400,34450,34500,34550,34600,34650,34700,34750,34800,34850,34900,34950,35000,35050,35100,35150,35200,35250,35300,35350,35400,35450,35500,35550,35600,35650,35700,35750,35800,35850,35900,35950,36000,36050,36100,36150,36200,36250,36300,36350,36400,36450,36500,36550,36600,36650,36700,36750,36800,36850,36900,36950,37000,37050,37100,37150,37200,37250,37300,37350,37400,37450,37500,37550,37600,37650,37700,37750,37800,37850,37900,37950,38000,38050,38100,38150,38200,38250,38300,38350,38400,38450,38500,38550,38600,38650,38700,38750,38800,38850,38900,38950,39000,39050,39100,39150,39200,39250,39300,39350,39400,39450,39500,39550,39600,39650,39700,39750,39800,39850,39900,39950,40000,40050,40100,40150,40200,40250,40300,40350,40400,40450,40500,40550,40600,40650,40700,40750,40800,40850,40900,40950,41000,41050,41100,41150,41200,41250,41300,41350,41400,41450,41500,41550,41600,41650,41700,41750,41800,41850,41900,41950,42000,42050,42100,42150,42200,42250,42300,42350,42400,42450,42500,42550,42600,42650,42700,42750,42800,42850,42900,42950,43000,43050,43100,43150,43200,43250,43300,43350,43400,43450,43500,43550,43600,43650,43700,43750,43800,43850,43900,43950,44000,44050,44100,44150,44200,44250,44300,44350,44400,44450,44500,44550,44600,44650,44700,44750,44800,44850,44900,44950,45000,45050,45100,45150,45200,45250,45300,45350,45400,45450,45500,45550,45600,45650,45700,45750,45800,45850,45900,45950,46000,46050,46100,46150,46200,46250,46300,46350,46400,46450,46500,46550,46600,46650,46700,46750,46800,46850,46900,46950,47000,47050,47100,47150,47200,47250,47300,47350,47400,47450,47500,47550,47600,47650,47700,47750,47800,47850,47900,47950,48000,48050,48100,48150,48200,48250,48300,48350,48400,48450,48500,48550,48600,48650,48700,48750,48800,48850,48900,48950,49000,49050,49100,49150,49200,49250,49300,49350,49400,49450,49500,49550,49600,49650,49700,49750,49800,49850,49900,49950,50000
n_training_steps_elapsed,5000,10000,15000,20000,25000,30000,35000,40000,45000,50000,55000,60000,65000,70000,75000,80000,85000,90000,95000,100000,105000,110000,115000,120000,125000,130000,135000,140000,145000,150000,155000,160000,165000,170000,175000,180000,185000,190000,195000,200000,205000,210000,215000,220000,225000,230000,235000,240000,245000,250000,255000,260000,265000,270000,275000,280000,285000,290000,295000,300000,305000,310000,315000,320000,325000,330000,335000,340000,345000,350000,355000,360000,365000,370000,375000,380000,385000,390000,395000,400000,405000,410000,415000,420000,425000,430000,435000,440000,445000,450000,455000,460000,465000,470000,475000,480000,485000,490000,495000,500000,505000,510000,515000,520000,525000,530000,535000,540000,545000,550000,555000,560000,565000,570000,575000,580000,585000,590000,595000,600000,605000,610000,615000,620000,625000,630000,635000,640000,645000,650000,655000,660000,665000,670000,675000,680000,685000,690000,695000,700000,705000,710000,715000,720000,725000,730000,735000,740000,745000,750000,755000,760000,765000,770000,775000,780000,785000,790000,795000,800000,805000,810000,815000,820000,825000,830000,835000,840000,845000,850000,855000,860000,865000,870000,875000,880000,885000,890000,895000,900000,905000,910000,915000,920000,925000,930000,935000,940000,945000,950000,955000,960000,965000,970000,975000,980000,985000,990000,995000,1000000,1005000,1010000,1015000,1020000,1025000,1030000,1035000,1040000,1045000,1050000,1055000,1060000,1065000,1070000,1075000,1080000,1085000,1090000,1095000,1100000,1105000,1110000,1115000,1120000,1125000,1130000,1135000,1140000,1145000,1150000,1155000,1160000,1165000,1170000,1175000,1180000,1185000,1190000,1195000,1200000,1205000,1210000,1215000,1220000,1225000,1230000,1235000,1240000,1245000,1250000,1255000,1260000,1265000,1270000,1275000,1280000,1285000,1290000,1295000,1300000,1305000,1310000,1315000,1320000,1325000,1330000,1335000,1340000,1345000,1350000,1355000,1360000,1365000,1370000,1375000,1380000,1385000,1390000,1395000,1400000,1405000,1410000,1415000,1420000,1425000,1430000,1435000,1440000,1445000,1450000,1455000,1460000,1465000,1470000,1475000,1480000,1485000,1490000,1495000,1500000,1505000,1510000,1515000,1520000,1525000,1530000,1535000,1540000,1545000,1550000,1555000,1560000,1565000,1570000,1575000,1580000,1585000,1590000,1595000,1600000,1605000,1610000,1615000,1620000,1625000,1630000,1635000,1640000,1645000,1650000,1655000,1660000,1665000,1670000,1675000,1680000,1685000,1690000,1695000,1700000,1705000,1710000,1715000,1720000,1725000,1730000,1735000,1740000,1745000,1750000,1755000,1760000,1765000,1770000,1775000,1780000,1785000,1790000,1795000,1800000,1805000,1810000,1815000,1820000,1825000,1830000,1835000,1840000,1845000,1850000,1855000,1860000,1865000,1870000,1875000,1880000,1885000,1890000,1895000,1900000,1905000,1910000,1915000,1920000,1925000,1930000,1935000,1940000,1945000,1950000,1955000,1960000,1965000,1970000,1975000,1980000,1985000,1990000,1995000,2000000,2005000,2010000,2015000,2020000,2025000,2030000,2035000,2040000,2045000,2050000,2055000,2060000,2065000,2070000,2075000,2080000,2085000,2090000,2095000,2100000,2105000,2110000,2115000,2120000,2125000,2130000,2135000,2140000,2145000,2150000,2155000,2160000,2165000,2170000,2175000,2180000,2185000,2190000,2195000,2200000,2205000,2210000,2215000,2220000,2225000,2230000,2235000,2240000,2245000,2250000,2255000,2260000,2265000,2270000,2275000,2280000,2285000,2290000,2295000,2300000,2305000,2310000,2315000,2320000,2325000,2330000,2335000,2340000,2345000,2350000,2355000,2360000,2365000,2370000,2375000,2380000,2385000,2390000,2395000,2400000,2405000,2410000,2415000,2420000,2425000,2430000,2435000,2440000,2445000,2450000,2455000,2460000,2465000,2470000,2475000,2480000,2485000,2490000,2495000,2500000,2505000,2510000,2515000,2520000,2525000,2530000,2535000,2540000,2545000,2550000,2555000,2560000,2565000,2570000,2575000,2580000,2585000,2590000,2595000,2600000,2605000,2610000,2615000,2620000,2625000,2630000,2635000,2640000,2645000,2650000,2655000,2660000,2665000,2670000,2675000,2680000,2685000,2690000,2695000,2700000,2705000,2710000,2715000,2720000,2725000,2730000,2735000,2740000,2745000,2750000,2755000,2760000,2765000,2770000,2775000,2780000,2785000,2790000,2795000,2800000,2805000,2810000,2815000,2820000,2825000,2830000,2835000,2840000,2845000,2850000,2855000,2860000,2865000,2870000,2875000,2880000,2885000,2890000,2895000,2900000,2905000,2910000,2915000,2920000,2925000,2930000,2935000,2940000,2945000,2950000,2955000,2960000,2965000,2970000,2975000,2980000,2985000,2990000,2995000,3000000,3005000,3010000,3015000,3020000,3025000,3030000,3035000,3040000,3045000,3050000,3055000,3060000,3065000,3070000,3075000,3080000,3085000,3090000,3095000,3100000,3105000,3110000,3115000,3120000,3125000,3130000,3135000,3140000,3145000,3150000,3155000,3160000,3165000,3170000,3175000,3180000,3185000,3190000,3195000,3200000,3205000,3210000,3215000,3220000,3225000,3230000,3235000,3240000,3245000,3250000,3255000,3260000,3265000,3270000,3275000,3280000,3285000,3290000,3295000,3300000,3305000,3310000,3315000,3320000,3325000,3330000,3335000,3340000,3345000,3350000,3355000,3360000,3365000,3370000,3375000,3380000,3385000,3390000,3395000,3400000,3405000,3410000,3415000,3420000,3425000,3430000,3435000,3440000,3445000,3450000,3455000,3460000,3465000,3470000,3475000,3480000,3485000,3490000,3495000,3500000,3505000,3510000,3515000,3520000,3525000,3530000,3535000,3540000,3545000,3550000,3555000,3560000,3565000,3570000,3575000,3580000,3585000,3590000,3595000,3600000,3605000,3610000,3615000,3620000,3625000,3630000,3635000,3640000,3645000,3650000,3655000,3660000,3665000,3670000,3675000,3680000,3685000,3690000,3695000,3700000,3705000,3710000,3715000,3720000,3725000,3730000,3735000,3740000,3745000,3750000,3755000,3760000,3765000,3770000,3775000,3780000,3785000,3790000,3795000,3800000,3805000,3810000,3815000,3820000,3825000,3830000,3835000,3840000,3845000,3850000,3855000,3860000,3865000,3870000,3875000,3880000,3885000,3890000,3895000,3900000,3905000,3910000,3915000,3920000,3925000,3930000,3935000,3940000,3945000,3950000,3955000,3960000,3965000,3970000,3975000,3980000,3985000,3990000,3995000,4000000,4005000,4010000,4015000,4020000,4025000,4030000,4035000,4040000,4045000,4050000,4055000,4060000,4065000,4070000,4075000,4080000,4085000,4090000,4095000,4100000,4105000,4110000,4115000,4120000,4125000,4130000,4135000,4140000,4145000,4150000,4155000,4160000,4165000,4170000,4175000,4180000,4185000,4190000,4195000,4200000,4205000,4210000,4215000,4220000,4225000,4230000,4235000,4240000,4245000,4250000,4255000,4260000,4265000,4270000,4275000,4280000,4285000,4290000,4295000,4300000,4305000,4310000,4315000,4320000,4325000,4330000,4335000,4340000,4345000,4350000,4355000,4360000,4365000,4370000,4375000,4380000,4385000,4390000,4395000,4400000,4405000,4410000,4415000,4420000,4425000,4430000,4435000,4440000,4445000,4450000,4455000,4460000,4465000,4470000,4475000,4480000,4485000,4490000,4495000,4500000,4505000,4510000,4515000,4520000,4525000,4530000,4535000,4540000,4545000,4550000,4555000,4560000,4565000,4570000,4575000,4580000,4585000,4590000,4595000,4600000,4605000,4610000,4615000,4620000,4625000,4630000,4635000,4640000,4645000,4650000,4655000,4660000,4665000,4670000,4675000,4680000,4685000,4690000,4695000,4700000,4705000,4710000,4715000,4720000,4725000,4730000,4735000,4740000,4745000,4750000,4755000,4760000,4765000,4770000,4775000,4780000,4785000,4790000,4795000,4800000,4805000,4810000,4815000,4820000,4825000,4830000,4835000,4840000,4845000,4850000,4855000,4860000,4865000,4870000,4875000,4880000,4885000,4890000,4895000,4900000,4905000,4910000,4915000,4920000,4925000,4930000,4935000,4940000,4945000,4950000,4955000,4960000,4965000,4970000,4975000,4980000,4985000,4990000,4995000,5000000
max_expected_returns,173.61111111111154,173.61111111111154,173.61111111111154,173.61111111111154,173.61111111111154,173.61111111111154,173.61111111111154,173.61111111111154,173.61111111111154,173.61111111111154,173.61111111111154,173.61111111111154,173.61111111111154,173.61111111111154,173.61111111111154,173.61111111111154,173.61111111111154,173.61111111111154,173.61111111111154,173.61111111111154,173.61111111111154,173.61111111111154,173.61111111111154,173.61111111111154,173.61111111111154,173.61111111111154,173.61111111111154,173.61111111111154,173.61111111111154,173.61111111111154,173.61111111111154,173.61111111111154,173.61111111111154,173.61111111111154,173.61111111111154,173.61111111111154,173.61111111111154,173.61111111111154,173.61111111111154,173.61111111111154,173.61111111111154,173.61111111111154,173.61111111111154,173.61111111111154,173.61111111111154,173.61111111111154,173.61111111111154,173.61111111111154,173.61111111111154,173.61111111111154,173.61111111111154,173.61111111111154,173.61111111111154,173.61111111111154,173.61111111111154,173.61111111111154,173.61111111111154,173.61111111111154,173.61111111111154,173.61111111111154,173.61111111111154,173.61111111111154,173.61111111111154,173.61111111111154,173.61111111111154,173.61111111111154,173.61111111111154,173.61111111111154,173.61111111111154,173.61111111111154,173.61111111111154,173.61111111111154,173.61111111111154,173.61111111111154,173.61111111111154,173.61111111111154,173.61111111111154,173.61111111111154,173.61111111111154,173.61111111111154,173.61111111111154,173.61111111111154,173.61111111111154,173.61111111111154,173.61111111111154,173.61111111111154,173.61111111111154,173.61111111111154,173.61111111111154,173.61111111111154,173.61111111111154,173.61111111111154,173.61111111111154,173.61111111111154,173.61111111111154,173.61111111111154,173.61111111111154,173.61111111111154,173.61111111111154,173.61111111111154,173.61111111111154,173.61111111111154,173.61111111111154,173.61111111111154,173.61111111111154,173.61111111111154,173.61111111111154,173.61111111111154,173.61111111111154,173.61111111111154,173.61111111111154,173.61111111111154,173.61111111111154,173.61111111111154,173.61111111111154,173.61111111111154,173.61111111111154,173.61111111111154,173.61111111111154,173.61111111111154,173.61111111111154,173.61111111111154,173.61111111111154,173.61111111111154,173.61111111111154,173.61111111111154,173.61111111111154,173.61111111111154,173.61111111111154,173.61111111111154,173.61111111111154,173.61111111111154,173.61111111111154,173.61111111111154,173.61111111111154,173.61111111111154,173.61111111111154,173.61111111111154,173.61111111111154,173.61111111111154,173.61111111111154,173.61111111111154,173.61111111111154,173.61111111111154,173.61111111111154,173.61111111111154,173.61111111111154,173.61111111111154,173.61111111111154,173.61111111111154,173.61111111111154,173.61111111111154,173.61111111111154,173.61111111111154,173.61111111111154,173.61111111111154,173.61111111111154,173.61111111111154,173.61111111111154,173.61111111111154,173.61111111111154,173.61111111111154,173.61111111111154,173.61111111111154,173.61111111111154,173.61111111111154,173.61111111111154,173.61111111111154,173.61111111111154,173.61111111111154,173.61111111111154,173.61111111111154,173.61111111111154,173.61111111111154,173.61111111111154,173.61111111111154,173.61111111111154,173.61111111111154,173.61111111111154,173.61111111111154,173.61111111111154,173.61111111111154,173.61111111111154,173.61111111111154,173.61111111111154,173.61111111111154,173.61111111111154,173.61111111111154,173.61111111111154,173.61111111111154,173.61111111111154,173.61111111111154,173.61111111111154,173.61111111111154,173.61111111111154,173.61111111111154,173.61111111111154,173.61111111111154,173.61111111111154,173.61111111111154,173.61111111111154,173.61111111111154,173.61111111111154,173.61111111111154,173.61111111111154,173.61111111111154,173.61111111111154,173.61111111111154,173.61111111111154,173.61111111111154,173.61111111111154,173.61111111111154,173.61111111111154,173.61111111111154,173.61111111111154,173.61111111111154,173.61111111111154,173.61111111111154,173.61111111111154,173.61111111111154,173.61111111111154,173.61111111111154,173.61111111111154,173.61111111111154,173.61111111111154,173.61111111111154,173.61111111111154,173.61111111111154,173.61111111111154,173.61111111111154,173.61111111111154,173.61111111111154,173.61111111111154,173.61111111111154,173.61111111111154,173.61111111111154,173.61111111111154,173.61111111111154,173.61111111111154,173.61111111111154,173.61111111111154,173.61111111111154,173.61111111111154,173.61111111111154,173.61111111111154,173.61111111111154,173.61111111111154,173.61111111111154,173.61111111111154,173.61111111111154,173.61111111111154,173.61111111111154,173.61111111111154,173.61111111111154,173.61111111111154,173.61111111111154,173.61111111111154,173.61111111111154,173.61111111111154,173.61111111111154,173.61111111111154,173.61111111111154,173.61111111111154,173.61111111111154,173.61111111111154,173.61111111111154,173.61111111111154,173.61111111111154,173.61111111111154,173.61111111111154,173.61111111111154,173.61111111111154,173.61111111111154,173.61111111111154,173.61111111111154,173.61111111111154,173.61111111111154,173.61111111111154,173.61111111111154,173.61111111111154,173.61111111111154,173.61111111111154,173.61111111111154,173.61111111111154,173.61111111111154,173.61111111111154,173.61111111111154,173.61111111111154,173.61111111111154,173.61111111111154,173.61111111111154,173.61111111111154,173.61111111111154,173.61111111111154,173.61111111111154,173.61111111111154,173.61111111111154,173.61111111111154,173.61111111111154,173.61111111111154,173.61111111111154,173.61111111111154,173.61111111111154,173.61111111111154,173.61111111111154,173.61111111111154,173.61111111111154,173.61111111111154,173.61111111111154,173.61111111111154,173.61111111111154,173.61111111111154,173.61111111111154,173.61111111111154,173.61111111111154,173.61111111111154,173.61111111111154,173.61111111111154,173.61111111111154,173.61111111111154,173.61111111111154,173.61111111111154,173.61111111111154,173.61111111111154,173.61111111111154,173.61111111111154,173.61111111111154,173.61111111111154,173.61111111111154,173.61111111111154,173.61111111111154,173.61111111111154,173.61111111111154,173.61111111111154,173.61111111111154,173.61111111111154,173.61111111111154,173.61111111111154,173.61111111111154,173.61111111111154,173.61111111111154,173.61111111111154,173.61111111111154,173.61111111111154,173.61111111111154,173.61111111111154,173.61111111111154,173.61111111111154,173.61111111111154,173.61111111111154,173.61111111111154,173.61111111111154,173.61111111111154,173.61111111111154,173.61111111111154,173.61111111111154,173.61111111111154,173.61111111111154,173.61111111111154,173.61111111111154,173.61111111111154,173.61111111111154,173.61111111111154,173.61111111111154,173.61111111111154,173.61111111111154,173.61111111111154,173.61111111111154,173.61111111111154,173.61111111111154,173.61111111111154,173.61111111111154,173.61111111111154,173.61111111111154,173.61111111111154,173.61111111111154,173.61111111111154,173.61111111111154,173.61111111111154,173.61111111111154,173.61111111111154,173.61111111111154,173.61111111111154,173.61111111111154,173.61111111111154,173.61111111111154,173.61111111111154,173.61111111111154,173.61111111111154,173.61111111111154,173.61111111111154,173.61111111111154,173.61111111111154,173.61111111111154,173.61111111111154,173.61111111111154,173.61111111111154,173.61111111111154,173.61111111111154,173.61111111111154,173.61111111111154,173.61111111111154,173.61111111111154,173.61111111111154,173.61111111111154,173.61111111111154,173.61111111111154,173.61111111111154,173.61111111111154,173.61111111111154,173.61111111111154,173.61111111111154,173.61111111111154,173.61111111111154,173.61111111111154,173.61111111111154,173.61111111111154,173.61111111111154,173.61111111111154,173.61111111111154,173.61111111111154,173.61111111111154,173.61111111111154,173.61111111111154,173.61111111111154,173.61111111111154,173.61111111111154,173.61111111111154,173.61111111111154,173.61111111111154,173.61111111111154,173.61111111111154,173.61111111111154,173.61111111111154,173.61111111111154,173.61111111111154,173.61111111111154,173.61111111111154,173.61111111111154,173.61111111111154,173.61111111111154,173.61111111111154,173.61111111111154,173.61111111111154,173.61111111111154,173.61111111111154,173.61111111111154,173.61111111111154,173.61111111111154,173.61111111111154,173.61111111111154,173.61111111111154,173.61111111111154,173.61111111111154,173.61111111111154,173.61111111111154,173.61111111111154,173.61111111111154,173.61111111111154,173.61111111111154,173.61111111111154,173.61111111111154,173.61111111111154,173.61111111111154,173.61111111111154,173.61111111111154,173.61111111111154,173.61111111111154,173.61111111111154,173.61111111111154,173.61111111111154,173.61111111111154,173.61111111111154,173.61111111111154,173.61111111111154,173.61111111111154,173.61111111111154,173.61111111111154,173.61111111111154,173.61111111111154,173.61111111111154,173.61111111111154,173.61111111111154,173.61111111111154,173.61111111111154,173.61111111111154,173.61111111111154,173.61111111111154,173.61111111111154,173.61111111111154,173.61111111111154,173.61111111111154,173.61111111111154,173.61111111111154,173.61111111111154,173.61111111111154,173.61111111111154,173.61111111111154,173.61111111111154,173.61111111111154,173.61111111111154,173.61111111111154,173.61111111111154,173.61111111111154,173.61111111111154,173.61111111111154,173.61111111111154,173.61111111111154,173.61111111111154,173.61111111111154,173.61111111111154,173.61111111111154,173.61111111111154,173.61111111111154,173.61111111111154,173.61111111111154,173.61111111111154,173.61111111111154,173.61111111111154,173.61111111111154,173.61111111111154,173.61111111111154,173.61111111111154,173.61111111111154,173.61111111111154,173.61111111111154,173.61111111111154,173.61111111111154,173.61111111111154,173.61111111111154,173.61111111111154,173.61111111111154,173.61111111111154,173.61111111111154,173.61111111111154,173.61111111111154,173.61111111111154,173.61111111111154,173.61111111111154,173.61111111111154,173.61111111111154,173.61111111111154,173.61111111111154,173.61111111111154,173.61111111111154,173.61111111111154,173.61111111111154,173.61111111111154,173.61111111111154,173.61111111111154,173.61111111111154,173.61111111111154,173.61111111111154,173.61111111111154,173.61111111111154,173.61111111111154,173.61111111111154,173.61111111111154,173.61111111111154,173.61111111111154,173.61111111111154,173.61111111111154,173.61111111111154,173.61111111111154,173.61111111111154,173.61111111111154,173.61111111111154,173.61111111111154,173.61111111111154,173.61111111111154,173.61111111111154,173.61111111111154,173.61111111111154,173.61111111111154,173.61111111111154,173.61111111111154,173.61111111111154,173.61111111111154,173.61111111111154,173.61111111111154,173.61111111111154,173.61111111111154,173.61111111111154,173.61111111111154,173.61111111111154,173.61111111111154,173.61111111111154,173.61111111111154,173.61111111111154,173.61111111111154,173.61111111111154,173.61111111111154,173.61111111111154,173.61111111111154,173.61111111111154,173.61111111111154,173.61111111111154,173.61111111111154,173.61111111111154,173.61111111111154,173.61111111111154,173.61111111111154,173.61111111111154,173.61111111111154,173.61111111111154,173.61111111111154,173.61111111111154,173.61111111111154,173.61111111111154,173.61111111111154,173.61111111111154,173.61111111111154,173.61111111111154,173.61111111111154,173.61111111111154,173.61111111111154,173.61111111111154,173.61111111111154,173.61111111111154,173.61111111111154,173.61111111111154,173.61111111111154,173.61111111111154,173.61111111111154,173.61111111111154,173.61111111111154,173.61111111111154,173.61111111111154,173.61111111111154,173.61111111111154,173.61111111111154,173.61111111111154,173.61111111111154,173.61111111111154,173.61111111111154,173.61111111111154,173.61111111111154,173.61111111111154,173.61111111111154,173.61111111111154,173.61111111111154,173.61111111111154,173.61111111111154,173.61111111111154,173.61111111111154,173.61111111111154,173.61111111111154,173.61111111111154,173.61111111111154,173.61111111111154,173.61111111111154,173.61111111111154,173.61111111111154,173.61111111111154,173.61111111111154,173.61111111111154,173.61111111111154,173.61111111111154,173.61111111111154,173.61111111111154,173.61111111111154,173.61111111111154,173.61111111111154,173.61111111111154,173.61111111111154,173.61111111111154,173.61111111111154,173.61111111111154,173.61111111111154,173.61111111111154,173.61111111111154,173.61111111111154,173.61111111111154,173.61111111111154,173.61111111111154,173.61111111111154,173.61111111111154,173.61111111111154,173.61111111111154,173.61111111111154,173.61111111111154,173.61111111111154,173.61111111111154,173.61111111111154,173.61111111111154,173.61111111111154,173.61111111111154,173.61111111111154,173.61111111111154,173.61111111111154,173.61111111111154,173.61111111111154,173.61111111111154,173.61111111111154,173.61111111111154,173.61111111111154,173.61111111111154,173.61111111111154,173.61111111111154,173.61111111111154,173.61111111111154,173.61111111111154,173.61111111111154,173.61111111111154,173.61111111111154,173.61111111111154,173.61111111111154,173.61111111111154,173.61111111111154,173.61111111111154,173.61111111111154,173.61111111111154,173.61111111111154,173.61111111111154,173.61111111111154,173.61111111111154,173.61111111111154,173.61111111111154,173.61111111111154,173.61111111111154,173.61111111111154,173.61111111111154,173.61111111111154,173.61111111111154,173.61111111111154,173.61111111111154,173.61111111111154,173.61111111111154,173.61111111111154,173.61111111111154,173.61111111111154,173.61111111111154,173.61111111111154,173.61111111111154,173.61111111111154,173.61111111111154,173.61111111111154,173.61111111111154,173.61111111111154,173.61111111111154,173.61111111111154,173.61111111111154,173.61111111111154,173.61111111111154,173.61111111111154,173.61111111111154,173.61111111111154,173.61111111111154,173.61111111111154,173.61111111111154,173.61111111111154,173.61111111111154,173.61111111111154,173.61111111111154,173.61111111111154,173.61111111111154,173.61111111111154,173.61111111111154,173.61111111111154,173.61111111111154,173.61111111111154,173.61111111111154,173.61111111111154,173.61111111111154,173.61111111111154,173.61111111111154,173.61111111111154,173.61111111111154,173.61111111111154,173.61111111111154,173.61111111111154,173.61111111111154,173.61111111111154,173.61111111111154,173.61111111111154,173.61111111111154,173.61111111111154,173.61111111111154,173.61111111111154,173.61111111111154,173.61111111111154,173.61111111111154,173.61111111111154,173.61111111111154,173.61111111111154,173.61111111111154,173.61111111111154,173.61111111111154,173.61111111111154,173.61111111111154,173.61111111111154,173.61111111111154,173.61111111111154,173.61111111111154,173.61111111111154,173.61111111111154,173.61111111111154,173.61111111111154,173.61111111111154,173.61111111111154,173.61111111111154,173.61111111111154,173.61111111111154,173.61111111111154,173.61111111111154,173.61111111111154,173.61111111111154,173.61111111111154,173.61111111111154,173.61111111111154,173.61111111111154,173.61111111111154,173.61111111111154,173.61111111111154,173.61111111111154,173.61111111111154,173.61111111111154,173.61111111111154,173.61111111111154,173.61111111111154,173.61111111111154,173.61111111111154,173.61111111111154,173.61111111111154,173.61111111111154,173.61111111111154,173.61111111111154,173.61111111111154,173.61111111111154,173.61111111111154,173.61111111111154,173.61111111111154,173.61111111111154,173.61111111111154,173.61111111111154,173.61111111111154,173.61111111111154,173.61111111111154,173.61111111111154,173.61111111111154,173.61111111111154,173.61111111111154,173.61111111111154,173.61111111111154,173.61111111111154,173.61111111111154,173.61111111111154,173.61111111111154,173.61111111111154,173.61111111111154,173.61111111111154,173.61111111111154,173.61111111111154,173.61111111111154,173.61111111111154,173.61111111111154,173.61111111111154,173.61111111111154,173.61111111111154,173.61111111111154,173.61111111111154,173.61111111111154,173.61111111111154,173.61111111111154,173.61111111111154,173.61111111111154,173.61111111111154,173.61111111111154,173.61111111111154,173.61111111111154,173.61111111111154,173.61111111111154,173.61111111111154,173.61111111111154,173.61111111111154,173.61111111111154,173.61111111111154,173.61111111111154,173.61111111111154,173.61111111111154,173.61111111111154,173.61111111111154,173.61111111111154,173.61111111111154,173.61111111111154,173.61111111111154,173.61111111111154,173.61111111111154,173.61111111111154,173.61111111111154,173.61111111111154,173.61111111111154,173.61111111111154,173.61111111111154,173.61111111111154,173.61111111111154,173.61111111111154,173.61111111111154,173.61111111111154,173.61111111111154,173.61111111111154,173.61111111111154,173.61111111111154,173.61111111111154,173.61111111111154,173.61111111111154,173.61111111111154,173.61111111111154,173.61111111111154,173.61111111111154,173.61111111111154,173.61111111111154,173.61111111111154,173.61111111111154,173.61111111111154,173.61111111111154,173.61111111111154,173.61111111111154,173.61111111111154,173.61111111111154,173.61111111111154,173.61111111111154,173.61111111111154,173.61111111111154,173.61111111111154,173.61111111111154,173.61111111111154,173.61111111111154,173.61111111111154,173.61111111111154,173.61111111111154,173.61111111111154,173.61111111111154,173.61111111111154,173.61111111111154,173.61111111111154,173.61111111111154,173.61111111111154,173.61111111111154,173.61111111111154,173.61111111111154,173.61111111111154,173.61111111111154,173.61111111111154,173.61111111111154,173.61111111111154,173.61111111111154,173.61111111111154,173.61111111111154,173.61111111111154,173.61111111111154,173.61111111111154,173.61111111111154,173.61111111111154,173.61111111111154,173.61111111111154,173.61111111111154,173.61111111111154,173.61111111111154,173.61111111111154,173.61111111111154,173.61111111111154,173.61111111111154,173.61111111111154,173.61111111111154,173.61111111111154,173.61111111111154,173.61111111111154,173.61111111111154,173.61111111111154,173.61111111111154,173.61111111111154,173.61111111111154,173.61111111111154,173.61111111111154,173.61111111111154,173.61111111111154,173.61111111111154,173.61111111111154,173.61111111111154,173.61111111111154,173.61111111111154,173.61111111111154,173.61111111111154,173.61111111111154,173.61111111111154,173.61111111111154,173.61111111111154,173.61111111111154,173.61111111111154,173.61111111111154,173.61111111111154,173.61111111111154,173.61111111111154,173.61111111111154,173.61111111111154,173.61111111111154,173.61111111111154,173.61111111111154,173.61111111111154
scores,84.0,124.0,94.0,112.0,118.0,105.0,93.0,88.0,77.0,76.0,113.0,87.0,135.0,81.0,119.0,117.0,107.0,138.0,118.0,140.0,142.0,133.0,136.0,109.0,151.0,94.0,95.0,158.0,86.0,138.0,91.0,148.0,137.0,113.0,99.0,100.0,130.0,135.0,143.0,102.0,109.0,141.0,73.0,117.0,124.0,77.0,171.0,155.0,130.0,112.0,82.0,119.0,145.0,103.0,166.0,129.0,130.0,116.0,110.0,162.0,161.0,135.0,93.0,105.0,125.0,117.0,135.0,128.0,169.0,165.0,124.0,123.0,156.0,130.0,129.0,118.0,143.0,144.0,196.0,124.0,135.0,140.0,131.0,136.0,102.0,124.0,115.0,155.0,142.0,137.0,159.0,154.0,142.0,149.0,124.0,118.0,89.0,160.0,184.0,124.0,132.0,116.0,171.0,143.0,157.0,181.0,182.0,170.0,133.0,162.0,152.0,129.0,172.0,142.0,158.0,170.0,180.0,151.0,150.0,192.0,163.0,216.0,113.0,180.0,150.0,183.0,150.0,152.0,171.0,130.0,150.0,180.0,189.0,191.0,149.0,127.0,194.0,161.0,220.0,171.0,170.0,170.0,150.0,152.0,210.0,220.0,120.0,160.0,170.0,200.0,156.0,250.0,150.0,210.0,144.0,180.0,170.0,150.0,180.0,170.0,180.0,210.0,160.0,170.0,230.0,160.0,164.0,200.0,190.0,190.0,110.0,230.0,170.0,160.0,190.0,140.0,200.0,180.0,140.0,230.0,150.0,140.0,140.0,210.0,130.0,180.0,230.0,210.0,203.0,160.0,212.0,140.0,210.0,160.0,140.0,190.0,180.0,180.0,170.0,131.0,170.0,170.0,170.0,200.0,180.0,160.0,190.0,150.0,200.0,220.0,160.0,180.0,120.0,161.0,130.0,190.0,120.0,180.0,180.0,120.0,170.0,170.0,151.0,160.0,180.0,170.0,140.0,140.0,200.0,170.0,150.0,160.0,170.0,160.0,190.0,220.0,160.0,90.0,170.0,220.0,158.0,180.0,170.0,170.0,120.0,190.0,180.0,200.0,210.0,160.0,160.0,200.0,180.0,180.0,150.0,170.0,136.0,190.0,220.0,220.0,180.0,200.0,180.0,180.0,140.0,180.0,120.0,200.0,160.0,200.0,180.0,130.0,210.0,210.0,170.0,210.0,200.0,220.0,190.0,113.0,150.0,180.0,150.0,150.0,130.0,170.0,190.0,160.0,190.0,160.0,180.0,210.0,240.0,190.0,150.0,180.0,180.0,110.0,151.0,200.0,200.0,230.0,250.0,160.0,150.0,233.0,170.0,200.0,180.0,197.0,190.0,170.0,130.0,150.0,180.0,183.0,160.0,180.0,150.0,170.0,210.0,100.0,230.0,140.0,150.0,250.0,180.0,110.0,200.0,130.0,180.0,210.0,190.0,160.0,160.0,193.0,153.0,140.0,110.0,180.0,160.0,141.0,180.0,160.0,160.0,180.0,200.0,190.0,170.0,210.0,170.0,150.0,220.0,120.0,180.0,240.0,180.0,170.0,210.0,180.0,161.0,230.0,240.0,191.0,150.0,210.0,210.0,110.0,210.0,150.0,130.0,160.0,210.0,180.0,230.0,220.0,142.0,210.0,140.0,150.0,160.0,160.0,150.0,170.0,140.0,160.0,220.0,100.0,150.0,160.0,160.0,140.0,210.0,180.0,180.0,140.0,190.0,200.0,190.0,210.0,200.0,150.0,140.0,150.0,170.0,153.0,220.0,140.0,200.0,174.0,120.0,150.0,190.0,221.0,160.0,200.0,180.0,180.0,170.0,210.0,160.0,150.0,220.0,160.0,170.0,163.0,130.0,190.0,160.0,170.0,180.0,110.0,170.0,200.0,140.0,190.0,180.0,230.0,150.0,170.0,260.0,130.0,190.0,160.0,130.0,210.0,170.0,160.0,190.0,130.0,180.0,170.0,200.0,160.0,180.0,170.0,170.0,180.0,188.0,160.0,190.0,210.0,210.0,150.0,180.0,180.0,190.0,170.0,190.0,130.0,170.0,170.0,180.0,140.0,130.0,141.0,170.0,160.0,140.0,170.0,180.0,210.0,160.0,210.0,160.0,200.0,150.0,110.0,240.0,110.0,142.0,190.0,200.0,140.0,190.0,180.0,180.0,140.0,160.0,170.0,180.0,190.0,190.0,200.0,180.0,150.0,180.0,160.0,151.0,161.0,171.0,180.0,180.0,140.0,240.0,190.0,182.0,140.0,120.0,150.0,200.0,177.0,190.0,200.0,190.0,200.0,190.0,190.0,160.0,180.0,180.0,160.0,170.0,150.0,150.0,180.0,140.0,180.0,120.0,140.0,170.0,150.0,210.0,162.0,230.0,110.0,160.0,180.0,220.0,200.0,180.0,120.0,240.0,170.0,192.0,220.0,150.0,240.0,170.0,150.0,190.0,210.0,150.0,160.0,230.0,173.0,170.0,190.0,170.0,171.0,210.0,190.0,220.0,231.0,190.0,190.0,150.0,160.0,180.0,170.0,130.0,120.0,180.0,152.0,170.0,160.0,160.0,190.0,150.0,190.0,160.0,190.0,120.0,200.0,170.0,170.0,200.0,150.0,170.0,120.0,190.0,190.0,210.0,190.0,230.0,130.0,200.0,220.0,160.0,190.0,130.0,150.0,160.0,190.0,140.0,120.0,140.0,140.0,160.0,140.0,130.0,130.0,200.0,220.0,200.0,130.0,180.0,200.0,170.0,130.0,160.0,220.0,200.0,240.0,141.0,130.0,170.0,170.0,150.0,173.0,190.0,160.0,180.0,140.0,110.0,120.0,170.0,180.0,220.0,167.0,190.0,140.0,130.0,130.0,100.0,161.0,140.0,140.0,190.0,150.0,180.0,240.0,170.0,140.0,130.0,170.0,150.0,150.0,230.0,180.0,220.0,150.0,170.0,230.0,132.0,190.0,170.0,142.0,240.0,180.0,190.0,110.0,210.0,130.0,190.0,160.0,220.0,210.0,180.0,180.0,120.0,190.0,170.0,170.0,148.0,110.0,160.0,180.0,200.0,230.0,170.0,210.0,200.0,210.0,140.0,120.0,210.0,170.0,150.0,170.0,120.0,180.0,190.0,200.0,140.0,140.0,210.0,140.0,200.0,160.0,190.0,190.0,210.0,210.0,180.0,210.0,150.0,130.0,180.0,150.0,170.0,130.0,160.0,171.0,150.0,173.0,150.0,130.0,150.0,160.0,190.0,180.0,200.0,180.0,180.0,140.0,140.0,210.0,160.0,130.0,210.0,210.0,150.0,120.0,120.0,201.0,191.0,130.0,180.0,190.0,170.0,210.0,200.0,140.0,270.0,180.0,170.0,190.0,160.0,152.0,210.0,150.0,150.0,140.0,140.0,140.0,170.0,210.0,180.0,150.0,180.0,170.0,210.0,150.0,200.0,230.0,140.0,190.0,140.0,160.0,160.0,180.0,180.0,180.0,160.0,150.0,240.0,180.0,160.0,230.0,230.0,150.0,141.0,141.0,180.0,170.0,190.0,120.0,210.0,180.0,190.0,180.0,180.0,150.0,180.0,200.0,180.0,200.0,170.0,200.0,191.0,130.0,140.0,150.0,160.0,200.0,140.0,170.0,180.0,160.0,190.0,160.0,250.0,150.0,200.0,211.0,220.0,120.0,180.0,160.0,130.0,170.0,181.0,160.0,210.0,140.0,130.0,190.0,180.0,181.0,200.0,180.0,190.0,190.0,160.0,130.0,160.0,200.0,140.0,130.0,180.0,240.0,150.0,130.0,120.0,170.0,180.0,140.0,190.0,130.0,120.0,210.0,190.0,100.0,193.0,210.0,170.0,170.0,177.0,190.0,150.0,200.0,240.0,210.0,140.0,200.0,200.0,150.0,140.0,130.0,210.0,200.0,110.0,200.0,200.0,190.0,170.0,190.0,240.0,160.0,140.0,160.0,150.0,180.0,161.0,180.0,160.0,171.0,220.0,190.0,160.0,230.0,170.0,190.0,230.0,180.0,160.0,160.0,180.0,190.0,170.0,130.0,140.0,170.0,170.0,210.0,160.0,150.0,160.0,220.0,200.0,200.0,160.0,180.0,140.0,220.0,150.0,170.0,180.0,190.0,140.0,230.0,190.0,150.0,201.0,160.0,200.0,230.0,160.0,150.0,190.0,170.0,200.0,150.0,170.0,190.0,160.0,160.0,250.0,190.0,170.0,170.0,180.0,190.0,220.0,210.0,180.0,140.0,170.0,81.0,210.0,180.0,210.0,230.0,220.0,210.0,250.0,210.0,150.0,210.0,183.0,160.0,160.0,150.0,164.0,200.0,140.0,140.0,150.0,140.0,180.0,140.0,160.0,140.0,130.0,230.0,160.0,120.0,180.0,140.0
expected_returns,86.80555555555577,87.01343284278612,89.9592606231875,90.09398385600885,91.17687445170127,93.29185720454561,93.02787046897033,79.7424142393928,81.89021285640585,79.69885155734485,79.69885155734485,94.67694533071098,94.67367169733939,93.0484770259799,97.14120664205672,92.47818108771764,93.75422199068659,93.75422199068659,92.90285896291495,92.60403278365708,91.01584826998473,90.85729032696561,97.92574147826339,89.56370121270776,88.84627416971226,94.48691760368422,88.35178278612864,92.33613736233126,89.58157871471488,92.25712256248687,101.36992467618828,85.92383266898149,101.39801990234008,87.74911705717261,82.7592073437085,82.59382895780944,102.12887247387819,89.24099561012396,103.73879719674373,102.8258167920401,102.8258167920401,106.69379559630383,83.7249571374232,106.26511381613543,102.6921465145436,101.60052907920036,113.974430891622,110.96072610436897,110.96072610436897,110.96072610436897,110.1887714083185,112.1162292118602,104.05889568046717,117.44082607040457,120.16009959819795,114.26834559552896,118.0449437066221,114.26834559552896,113.11140588124188,114.3568214820496,125.11797758678748,112.32934808389798,125.50979674194114,127.31489820815655,111.33847459834337,114.1775120681451,128.17118118501668,112.5574066381117,131.8519561585089,111.92666099670627,114.80758908186093,132.36491191798504,118.74521484134941,125.30321128113087,133.44106940884993,133.86563499198223,126.9805312052337,138.83497824067888,139.8784392678963,136.7066368915292,140.57819636209604,142.93739699710693,136.16067427806757,143.9828386905124,137.0655220589026,146.68414123317913,146.21850925176503,144.8115802360797,141.3479317507261,145.5210803991947,141.3479317507261,138.94580172047364,145.8260686941345,147.93378914573418,144.22002811471305,144.03835487336198,144.45362215434346,145.50837556611322,149.58751399306112,148.05852993154275,142.7396708181175,144.84156822614827,148.96891969059155,146.36493388443841,145.24556437723072,145.24556437723072,149.7832160333356,142.7470856621607,143.15754303820572,146.77261495643424,146.33649315676936,145.64758623409907,146.3476746200757,152.02284413507772,146.61427931088713,144.64160049012423,158.58235885527068,150.6051996848054,155.55700417354456,156.42881739251538,153.57353911104119,163.2816868779605,163.2816868779605,165.84262141709837,154.49001939835486,160.3899298235798,158.94016817759183,164.47550043830154,167.89124166407774,163.71528022151318,164.85332418767797,167.74088195715302,159.19377133109492,166.3287531888007,164.97710495122786,159.5784160509851,161.4010079504867,165.11137431172347,165.39424303250448,170.04083878039748,166.96116876592257,171.54276084985108,171.54276084985108,171.52414052169053,171.73733508665154,171.67752930421824,171.13491684450196,173.0409238292925,172.89612848545872,173.1251674781528,172.3594210632456,169.56787550609403,173.1251674781528,173.1251674781528,173.39662806763448,172.9991162330987,173.61111111111154,171.67285120250972,172.68061800609476,172.68061800609476,172.31970323661926,173.61111111111154,173.42899578072854,173.61111111111154,173.61111111111154,173.61111111111154,173.2043350563294,173.61111111111154,171.38621921763703,172.74662792898357,173.61111111111154,173.61111111111154,171.20200522598773,172.5065074822848,171.20200522598773,171.19105822364713,173.61111111111154,173.61111111111154,173.61111111111154,173.15943167162928,171.9432715642708,171.9566696236204,173.61111111111154,173.61111111111154,172.86980768815715,173.61111111111154,173.61111111111154,173.42388937510145,170.92391323794178,172.42808768547076,171.05320071396716,173.61111111111154,170.31839702576698,173.2633944601113,172.9605577424548,169.56884454248618,172.72965368183478,172.9605577424548,173.61111111111154,168.96640694630096,170.9258441514372,173.059620166492,169.53088441172738,173.61111111111154,173.41244685087264,173.61111111111154,173.35901404191893,172.6083451761968,172.7920260746765,172.7920260746765,173.4103776158989,168.48180286958473,173.61111111111154,172.12407459960926,172.89105949186833,171.15485851825431,171.94757707008765,173.61111111111154,173.61111111111154,173.61111111111154,173.1255197767659,173.61111111111154,169.92596715034418,173.61111111111154,173.61111111111154,173.61111111111154,172.91446151667378,172.91446151667378,173.61111111111154,173.04822407984773,173.61111111111154,173.43362904438075,170.44417983093444,173.61111111111154,172.9739866849345,173.61111111111154,171.7128045674187,171.80666425836486,172.35376245098473,171.08235768973557,168.1436545730322,168.8261762271569,166.55559836049108,173.61111111111154,172.83280770754683,170.83451876823761,173.61111111111154,170.12338931247405,173.61111111111154,173.61111111111154,172.82668176374952,173.61111111111154,173.61111111111154,172.02762570554302,171.85056041633328,173.61111111111154,171.219623995838,173.61111111111154,172.38169564606886,171.3057506213586,173.61111111111154,171.59715030589018,173.61111111111154,173.61111111111154,173.61111111111154,170.187720564377,169.05434290358022,171.99150757783667,172.06667911711497,172.95547087554078,173.12625710096515,172.95547087554078,173.61111111111154,173.12625710096515,168.52060480365196,173.61111111111154,170.48911985818563,169.46376308301456,171.65767883612716,170.39550527503502,173.61111111111154,173.61111111111154,173.61111111111154,171.2428459651189,171.71319698499022,170.86422520246924,173.61111111111154,173.61111111111154,171.08693711074108,173.61111111111154,172.61881973102837,172.61881973102837,172.9063895240563,171.26961864663102,171.69859961002425,173.61111111111154,173.41521884178263,173.61111111111154,171.2065929745603,172.62073977754912,173.61111111111154,173.5499195052265,173.61111111111154,173.61111111111154,172.10283563920217,172.10283563920217,170.4036004680846,171.82502347629733,173.16030067013685,170.92382615973264,173.44213046716635,173.61111111111154,172.93879274216258,173.61111111111154,173.61111111111154,168.69409833514197,173.61111111111154,173.2683097767447,171.1797474154136,171.98892816990116,171.55772556224113,173.61111111111154,173.61111111111154,173.61111111111154,172.01874584027883,173.61111111111154,173.61111111111154,173.61111111111154,172.49350930122776,171.14420357166404,171.14420357166404,173.61111111111154,172.80573073581655,173.61111111111154,172.94706624895767,170.34589590614817,171.79549598878594,172.64971722273236,173.61111111111154,173.24505744789684,170.82962640695234,173.24505744789684,173.61111111111154,173.61111111111154,173.24573112189154,173.61111111111154,172.7906096754315,170.13621710804702,173.61111111111154,171.4147344223924,173.61111111111154,173.61111111111154,172.34703177385538,171.72592108443874,173.61111111111154,173.45329376377597,172.34703177385538,169.2152706349755,172.34703177385538,169.56402293393572,172.03328713314863,173.61111111111154,172.20327491388022,172.20327491388022,173.61111111111154,170.82641466072607,173.61111111111154,172.51823048567528,173.61111111111154,173.61111111111154,173.61111111111154,173.61111111111154,172.48052438095388,171.37912172217457,173.61111111111154,169.85203155848757,167.98205821157532,173.61111111111154,172.27733214705273,173.60795403880095,173.16479999481447,173.60795403880095,173.61111111111154,170.43175363324255,172.5599651153468,170.09051146064797,171.12198004765636,170.1519184754662,173.61111111111154,173.61111111111154,173.61111111111154,166.82675116966297,173.2292293128354,173.0598383333154,169.71439814422217,171.72132456758348,173.61111111111154,172.08793021153537,173.61111111111154,168.17390346069868,168.17390346069868,172.19394328189713,173.61111111111154,171.12415701324412,173.61111111111154,171.3940323652709,172.51367906403885,173.61111111111154,173.61111111111154,169.678987450994,173.0534289366729,170.2679190251409,172.48312497580363,171.58499169304883,173.21761535258622,173.61111111111154,173.2791127702431,172.55741128537093,171.50166035672106,172.63344064824273,173.61111111111154,171.51365709246426,171.50222598397443,173.31654801830325,173.61111111111154,170.0588823049017,173.54509823438042,173.61111111111154,172.61214377799183,173.1703751743974,173.61111111111154,173.61111111111154,170.8872977495938,173.34289309607632,169.75039889579736,172.86111733678814,173.61111111111154,172.5785791683935,171.8208503196995,171.2844358561385,172.78544096238545,173.16679377623322,170.55892695906715,173.61111111111154,172.48197892023393,171.81100570135473,169.237020889004,173.61111111111154,171.98652157648758,173.61111111111154,172.54755099234714,172.90026242938202,173.61111111111154,171.21856941748763,173.61111111111154,173.61111111111154,173.61111111111154,172.9565019797741,171.54776186025032,173.61111111111154,173.25230242054494,173.61111111111154,173.61111111111154,172.44149781130432,172.4331626639052,173.61111111111154,172.06183561593002,169.8570372807514,173.61111111111154,172.4607832788361,173.61111111111154,173.61111111111154,171.2936941550939,173.61111111111154,173.61111111111154,170.91775595572736,173.61111111111154,171.83076592602643,173.61111111111154,173.61111111111154,170.78801705502661,173.61111111111154,173.26091295132068,173.26091295132068,172.16249106631656,173.26091295132068,173.58004346270218,172.8431628886652,173.46317337122102,169.1164316301166,172.23403188377856,173.0201389612963,173.61111111111154,173.61111111111154,172.9720506326564,173.61111111111154,173.61111111111154,173.61111111111154,172.42771792436415,173.61111111111154,173.2494280842832,173.61111111111154,173.61111111111154,173.61111111111154,169.4132820122765,171.91705199223216,173.61111111111154,173.61111111111154,170.8397538042231,170.51274478611126,171.52214578008943,172.17029773385275,173.61111111111154,171.21546813678464,169.2378816172338,173.61111111111154,168.21665376639874,172.67767908311376,173.61111111111154,173.61111111111154,173.61111111111154,171.7382311752113,173.61111111111154,171.7347613443893,173.61111111111154,170.7360016631831,173.61111111111154,173.61111111111154,170.76843722146828,173.4665542364222,173.61111111111154,170.76843722146828,173.61111111111154,170.6292349247329,173.23574658325907,172.8712968757698,171.42524842459676,171.42524842459676,172.01061006173805,173.51481727667783,171.6512309899066,173.61111111111154,170.66099381509926,167.91392415023924,173.21225366417394,173.61111111111154,173.27782120143772,173.61111111111154,173.61111111111154,172.4087383905229,173.61111111111154,173.61111111111154,173.61111111111154,172.17392540103424,169.59401671465014,171.61054533656448,173.61111111111154,173.61111111111154,173.61111111111154,173.61111111111154,172.76862380305175,170.9512811136744,171.93945954095474,173.61111111111154,173.61111111111154,170.96808873741182,173.61111111111154,172.43207765520756,171.60860851631773,168.97406904282494,173.57709928282375,173.61111111111154,172.3647378941448,172.3647378941448,173.61111111111154,173.61111111111154,172.58833218500396,173.61111111111154,173.61111111111154,173.61111111111154,173.61111111111154,173.4564301812439,173.61111111111154,169.6973584286278,173.61111111111154,172.14603885653975,173.61111111111154,172.44176736476533,172.44176736476533,173.61111111111154,173.61111111111154,173.61111111111154,173.61111111111154,173.61111111111154,173.61111111111154,172.73140997999954,172.90283068910537,170.9631314118988,171.42939690052484,170.43785583580325,173.61111111111154,173.61111111111154,173.61111111111154,173.61111111111154,173.61111111111154,171.92299348161507,173.61111111111154,172.40441439071694,173.61111111111154,173.61111111111154,173.61111111111154,173.61111111111154,173.61111111111154,171.5618313516297,173.61111111111154,171.6575556936647,173.18790966079482,171.5618313516297,171.72167306510383,173.61111111111154,173.61111111111154,169.80419607520844,173.61111111111154,173.61111111111154,173.61111111111154,172.46278769463413,170.21503313179292,171.81148868458092,172.45838326227846,171.59875484903853,173.61111111111154,173.61111111111154,173.61111111111154,170.92360653748642,172.5086635280723,173.01112600467388,173.01112600467388,171.61431384426578,169.27111557987882,173.1486602073973,171.33395847595472,172.3636365185033,169.51152860374376,173.61111111111154,173.61111111111154,171.39567550667533,168.3314830304249,173.61111111111154,173.61111111111154,166.00549773760397,173.61111111111154,173.61111111111154,173.50852068068266,173.61111111111154,173.61111111111154,170.32976158546924,172.8673113204677,171.19897686757963,173.61111111111154,169.63155366290934,173.61111111111154,172.91539347226322,170.45067794597026,173.61111111111154,173.61111111111154,172.70291600796523,171.17530072366273,172.00565377748353,173.61111111111154,170.88938665827,172.1066169273643,172.1066169273643,172.29176095594676,172.29176095594676,171.11998093849948,168.31909426809491,170.55300147153346,170.3647295277714,173.153596087753,173.61111111111154,172.78104720402507,173.61111111111154,173.61111111111154,173.61111111111154,167.4077020674727,171.4313156482589,173.61111111111154,172.49419750315494,173.19658391896675,170.96977237820573,173.19658391896675,173.06760430946858,173.61111111111154,170.2412087988307,167.0114703854041,173.61111111111154,173.50465213204942,173.61111111111154,173.61111111111154,173.61111111111154,172.7475799178503,173.61111111111154,173.61111111111154,173.2634889152279,172.41225706878896,172.04501871679915,171.1464083937886,173.61111111111154,172.1581904469034,170.6659932652156,170.1205956503761,171.68194331188295,173.61111111111154,173.5279042147948,173.61111111111154,171.28668968103236,172.577764243779,173.07461145667125,173.61111111111154,171.14844947818344,173.20299552947958,173.61111111111154,173.61111111111154,173.586492960359,169.3560859109289,173.06133765406088,171.52935870115445,172.3732250915679,173.4137405152987,173.61111111111154,172.90201039535424,172.67419239066464,173.61111111111154,171.74296764408692,173.61111111111154,171.95871676467473,171.9672239661769,171.9672239661769,166.23195513872798,172.8065780578716,173.61111111111154,172.71537493514123,173.57401722683767,173.61111111111154,168.82468417964878,171.95255965290437,173.61111111111154,173.61111111111154,173.61111111111154,173.61111111111154,173.61111111111154,173.61111111111154,173.61111111111154,172.0106181366926,173.3921716178096,170.29167173231386,172.53931145797273,171.60641923224233,173.61111111111154,171.78398909215446,173.61111111111154,173.61111111111154,173.61111111111154,173.2436100186231,172.33990040713465,172.6427386172631,172.20205401084382,173.61111111111154,172.84631456377716,172.95302195716894,173.32816837820272,173.61111111111154,173.61111111111154,173.61111111111154,173.61111111111154,172.6744205059234,172.30764042607083,173.36714403563644,171.72533785102095,171.08001942276908,170.6910241753126,171.9861168266007,170.6910241753126,170.3839987762479,173.61111111111154,173.61111111111154,170.28356707760614,173.3511666514944,173.39828050135748,173.61111111111154,169.43913142593007,173.61111111111154,173.61111111111154,173.47154787215055,172.9766600496493,173.61111111111154,173.61111111111154,173.61111111111154,173.5950509916618,173.61111111111154,173.1429321116246,173.61111111111154,171.40501462773696,172.52557793067473,172.7870746278,173.61111111111154,173.61111111111154,170.4289062127567,172.94306547433916,173.61111111111154,173.61111111111154,168.3193497751534,173.47242080963952,170.99801395166904,170.59113637656714,171.5257119351695,170.99158200056266,171.96278176794397,171.85575561153826,169.57569331234484,172.2877557023727,173.61111111111154,171.3273193854632,173.08583107942178,173.61111111111154,172.57775901767573,173.61111111111154,173.05420203875423,170.83706139976502,173.61111111111154,172.08897323959638,173.61111111111154,173.61111111111154,172.8842478420073,173.61111111111154,170.614985210928,172.6420159937535,173.61111111111154,172.34165941260483,173.61111111111154,172.1172098155023,171.84086383946484,172.50263660958746,173.61111111111154,173.61111111111154,171.6831259934202,173.61111111111154,173.61111111111154,171.1090633011171,170.5198335895048,173.1668493642541,173.61111111111154,173.61111111111154,172.77080641054997,173.61111111111154,173.61111111111154,170.8956195169812,173.61111111111154,173.61111111111154,173.61111111111154,167.28953634614652,172.904688444945,171.21295566258365,172.21652883152413,173.61111111111154,173.61111111111154,172.39173267239275,173.61111111111154,171.09650024698047,172.91674530454668,172.80351997124447,172.24799882655512,173.61111111111154,170.65870878778915,169.19537306544214,172.3644949180104,173.61111111111154,173.05780782240006,167.81048941722457,170.49173088672336,173.61111111111154,173.3067242330515,172.87584742998473,173.61111111111154,169.2527172332918,172.75181685571238,172.9499678675272,173.61111111111154,173.61111111111154,173.61111111111154,173.61111111111154,173.61111111111154,173.61111111111154,173.61111111111154,172.63153983614285,173.43189986875106,173.58384130079,173.61111111111154,172.03394339316543,173.61111111111154,168.2332243515197,171.1948066182498,173.61111111111154,172.31474581113238,168.2934999241057,173.61111111111154,173.61111111111154,172.5532143285047,173.61111111111154,172.82631923232157,173.61111111111154,173.61111111111154,173.61111111111154,172.8192091312582,172.72719856834968,173.61111111111154,170.52256318052616,173.45391010537128,173.61111111111154,173.61111111111154,173.41394084320072,170.74037692893654,172.1169220851798,170.75632464808984,170.74037692893654,170.06152053542206,172.5690900014912,173.61111111111154,173.61111111111154,173.53516501892958,171.72094184336365,173.61111111111154,172.1207405941179,173.07590982929634,172.0757748900931,173.5261708580108,173.61111111111154,173.61111111111154,173.61111111111154,173.61111111111154,171.7723303185458,172.44814489791244,173.61111111111154,173.61111111111154,171.0231099384563,173.15957589561984,173.61111111111154,173.61111111111154,171.61054391960312,173.61111111111154,172.1709484736721,167.3722554359635,173.61111111111154,173.54464360055036,173.61111111111154,171.74730459124868,173.018642957125,173.61111111111154,173.61111111111154,173.61111111111154,173.61111111111154,173.4751435346153,172.11499853194223,173.3415484514464,173.61111111111154,173.61111111111154,173.61111111111154,173.61111111111154,172.73085347219563,173.1510756654151,173.61111111111154,173.61111111111154,173.61111111111154,172.31373267619847,173.61111111111154,171.73637373519247,173.06962252266223,173.61111111111154,173.28437113314376,173.61111111111154,168.69615541412705,173.38072778074218,173.61111111111154,173.00953149207493,171.94042589613272,171.91969519326935,173.61111111111154,173.61111111111154,173.61111111111154,173.61111111111154,173.61111111111154,173.18713494426035,173.61111111111154,173.61111111111154,171.25054638821666,172.76966795335107,173.61111111111154,172.76966795335107,173.61111111111154,173.61111111111154
critic_evals,9.873331739711979,18.87049558039697,26.5036163002551,33.72152936776679,41.40280765616591,45.82683328830785,53.52679534796764,58.22680540052138,60.48269135982299,65.78642882332949,69.38957180529808,74.25045234357071,74.32715634803077,77.91026009976447,82.19425229244773,81.02739363428748,83.75421327847762,87.44709487853989,89.7082757903498,93.7647491558203,93.8729727511338,93.73860937520321,98.81006076083608,97.20021192617877,97.43535930849595,97.74387013431058,101.36582796741529,100.03224964320634,100.31311446556393,100.33109707280724,103.4660639416207,103.08747026215866,105.90552431186033,104.73979590480964,107.26925859916028,104.33097742838495,108.28583320213308,104.96115423342181,107.04496955135215,106.44169421485908,107.41208573428317,109.01448960518866,108.45673439349034,108.86618403983456,112.06541135691003,110.96460963479078,112.01486217403026,111.79647393946614,114.69557998461643,113.8514713489567,116.84435564199678,115.00953300294962,119.24357426117506,114.47582600751164,119.01414485078686,119.03976974647787,117.50650673474621,119.52604641539727,120.86461434038758,122.7576028002397,123.01081562026633,120.77347905298853,123.41880668981128,122.19936317351694,124.84928352540807,122.86717396415621,126.03685098407198,125.18342433581456,127.5903960486124,126.62818085363078,127.03516330139469,126.63248907537881,130.5511661587469,128.59807050035414,130.2106856584067,131.33746547861864,131.795848736736,133.25325179398854,135.07466108257503,129.69624735929185,131.81755730986458,138.16296563462922,133.03776470956618,137.57915477936356,134.81568950129073,137.93222046585427,139.69673451705222,139.6807521577937,142.61549600611502,141.66387976015503,142.81679064655546,142.77914320359125,145.05100902521744,140.10465518599926,145.150894958581,143.26107933745536,144.32519949003617,149.30405437688626,147.71723160434803,147.9570627467775,145.33189512339888,147.49537525807492,148.8330590832948,147.08021510630562,147.32533046647103,149.32625188382178,150.1936766973907,145.06336181399703,149.74147500567545,151.9030217742662,151.4372275078232,147.36666566380774,151.5967004021731,152.05272587724346,150.00684723399178,152.53773159027403,151.39560288106748,153.5432253041093,155.1219959995907,155.38014611099825,153.3835977770086,154.42792258541905,151.79439710602685,159.68582752938676,154.96902561216962,159.9118089560211,161.35108440552492,160.57357906191444,161.83149745533186,163.38279387863852,163.2532982106539,162.56039659215543,158.8599440619228,164.2552840114535,160.63047086594156,159.9716151114391,164.86903277167224,166.5375175923433,166.3807088837565,164.89380754551638,166.39819176746613,166.75655639378704,167.2061067465556,164.0718388164141,167.79305730995475,167.15348920975404,167.80739261305763,168.16050683154182,168.5671736810965,169.16368468855845,164.97693799121424,169.45103142157157,168.8750643893988,169.7633398587199,167.53716198329985,170.71848811074562,172.01625121521477,172.17948165757335,171.76031749867565,172.6756608084943,172.383115832697,173.08842052000895,173.63806170245584,173.98328300671383,174.3360723664414,174.31020322542437,169.82993335797906,173.96029963167703,172.65071125039287,172.37336669042827,171.62972067522463,173.40906883478138,172.78970558733621,172.67844649051764,173.38515312427856,173.06277122367345,173.80269640308575,173.29567118471053,173.19070093750645,172.60966077699504,172.864903443751,172.7153032717148,171.29824904873837,172.06717610017012,171.47933108222415,172.85621586665587,172.37704410864248,172.28574585538382,170.09928758997881,172.64621841168616,171.11188571962688,172.8890444979402,174.48676118286437,173.2758092830138,173.23218015445488,172.93564640744245,173.24816003802295,173.97712251921735,173.60422811721378,172.51170378914088,173.10161832409673,172.8627491479748,171.94183806928254,172.14388753323004,172.61824950221182,172.92469044689201,172.8169368841991,173.50289703892835,174.1048905406749,174.43917435957593,173.33256258541084,173.05449766445403,171.83122784614162,170.92119575028704,171.35742767387248,172.04434607531314,172.48841934562913,171.30319695539623,171.93556443113735,170.1367206091801,171.1159613082028,170.3651351643057,169.3787048651051,169.8047550163717,170.34623507379985,169.78340880412765,169.40528010252586,170.68673323960135,172.11568524711322,171.50693864652916,172.17166033743717,171.45557898807667,171.86489965424914,172.36971849973833,174.58629733464116,174.8469232090439,174.0934318203691,173.9779326850647,172.86855924968106,173.8070653438281,167.065219296703,172.5539629987361,172.39422204888905,172.5244613314226,172.71307936678505,171.90883584814372,172.82578949320745,173.32235035932393,173.56217761405102,172.43140790108853,172.59441650992258,172.94109790907135,172.57228210790657,173.0969324666817,172.77760397042854,172.84182254592335,164.4613246890909,172.34243531710234,172.28824305003897,172.97251866419705,172.1502337547319,173.86094637361072,172.97333240553147,173.3221113128127,172.54271389743903,172.08326635662218,172.0366188059526,173.39474727044137,173.65971554409654,174.26355651746402,174.3964898045643,174.42134961162654,174.77781082721006,173.84392699737654,172.0803238402944,172.00052019969965,170.48513369871603,170.4326815111098,169.96854073943186,168.55533201585274,169.47833591193827,170.57849896132598,171.44871242100376,171.7446653383546,171.07524509934706,171.94588930485176,171.67688641039865,171.99908143687796,171.57860442389793,170.9805316394429,171.3131399561157,171.32164394425044,171.73683592967728,172.03657138860655,171.2830879230043,172.16849092647968,172.11765143832832,171.0364986653154,171.79167253925007,172.52739471706013,171.82696732088863,171.86804607451336,173.6606332186742,173.91506573284227,172.4681839229223,171.335068712068,172.34545700212303,173.21595255498795,172.1520671735899,171.00732682335266,173.46806586578646,173.69255733422085,173.78926817129673,173.8537713680277,174.20134642486954,171.77420636571685,173.383534978823,173.1958626893791,171.50221897874997,170.71482974691236,172.2454907564665,171.0822030891659,172.7456954803812,171.82299762071952,169.8969870597593,172.08581139894636,172.1909905136194,172.27852833048277,173.53469879604597,172.50870385900657,173.1213993776467,173.19743860322254,172.58036296465664,173.7407144399791,171.8644796114843,169.84342268419175,168.27093268262763,170.3141489979179,168.85153105070538,169.69770607239403,171.70709579310966,170.80028263786244,172.25647336543264,173.09181666135595,173.32160051765175,173.04929889647926,173.61987692017127,173.90103001418092,173.67144374697048,173.68029813651108,171.9029970817015,172.73985210695338,172.30769600664257,172.7256031633165,173.34937585279164,173.08475090305194,174.03523101872253,173.30453920486704,172.1796565175721,172.28277828080937,171.97210152822367,174.9228797372905,175.12368841103697,174.38235606897211,175.53766244458612,175.56834101380377,175.2454915156989,174.12187074695518,174.6122349197801,174.28492906217969,175.49481903202692,175.26732643846154,174.65534589668354,174.61804891872274,173.68296651097546,173.73797002284013,170.7037990329719,173.7119698791465,173.05769669439763,173.41090212963806,172.10927788345595,172.15452753013432,171.69639040839942,171.309722904345,170.7890172376174,171.73687893575135,173.34716232393993,172.4069961959744,173.29378003319715,175.1656840247845,175.01163052067395,173.89537348854614,175.24268157127221,173.7596844113805,173.98589916850676,173.50355645188674,173.29940831872807,174.1570105676835,173.66636707519942,173.73034829152775,173.8968422766672,172.78585379079283,172.98294720496725,172.07647168185866,171.614572466733,167.79177180755093,171.49705454749525,171.93623383366344,172.4420612624246,171.1583344232972,172.51613892567804,172.9598516646399,172.53045078150575,172.40910140524255,173.05616288463733,173.94478145983032,174.24855581961387,173.995944231871,174.09682514689106,175.34333070864145,174.31521145178914,173.4411706982884,173.74359541816833,172.93954370531281,173.11285526051353,173.15084253202775,173.6109621569201,173.7316866551932,173.3720430180116,174.9431205937774,174.59898858265743,175.367270964103,175.601693947624,175.86802288942346,175.12485777781134,174.65070484217085,175.37704305740465,174.77147169587582,173.49914665357738,173.99446170986343,173.35790394215425,172.2572462790382,173.29894395942748,172.4309701606761,172.33998567992137,174.4768436276588,172.83449996397837,171.8857417059513,171.9915477322585,171.34041125714572,171.4850808926959,171.30504117508738,170.97602736202847,170.45383310428468,171.51736285385635,170.80460565936679,171.26383477158603,172.854839121385,168.57841386104468,173.44804459885967,172.44841893143325,171.8523151033447,171.18444032928036,171.39613392478793,172.46941896073716,172.39038013895416,172.59257058515078,170.88880647135267,172.0253548468489,172.13930828135108,172.44810085393405,171.63810344749098,171.91523721737423,172.68795821563202,173.57311089088824,171.44054834589474,171.36770299646253,172.2270981548081,172.06329751160843,174.2383789577183,171.90496293451633,171.42197552192934,170.8957200299329,172.1900017704607,171.9620980069393,171.8220048344816,171.2995826911156,170.94699624721096,171.9242114615178,170.7532469857546,170.68898555092346,171.62919788214805,172.41371293256105,172.09532531358292,172.0231856026356,172.63608378638727,172.30693572848205,172.27389100615824,172.18082494552243,171.91157732182583,170.97468532139814,172.00262378093123,173.25680472772856,172.9719077087183,173.71838371170867,173.0674562163227,173.12219098303808,172.6632275093243,171.68679777520873,172.78634414252218,171.93615315213475,170.90271592322887,172.3519554499389,172.65635666387396,172.80024838357548,172.57870416063014,171.3725461280072,173.1834929433819,174.0720977260263,173.17074689966913,172.44464691193522,170.01504834890213,171.31912302938724,171.14892570719505,169.4860632561048,169.61366569477323,170.5422536618796,170.93438702093502,169.98598837205577,171.4952039957999,171.58163935678712,171.4605543140181,173.15327896932732,173.3921015535939,172.99381028798933,174.9297091058117,173.96740696339458,173.39462397541195,173.0888281266938,173.08711509318306,173.3473516105662,173.03012318185404,172.61794937062692,170.73442786588112,173.96726213720476,173.42169753584452,173.78183565666447,174.68000752599784,173.4803799430623,173.47828073436557,173.6862336636449,173.24125968096126,174.64013242412014,173.16453605313276,170.04860907378807,171.61269710487642,172.4201625726,173.16415519057261,172.63909931850662,173.33271085306586,173.16477256563925,173.77427373353243,173.79433339593083,175.0507516676311,175.22823017482125,170.6940408904631,172.4829988364301,172.2449057848948,171.72535413736412,172.4821277952555,171.83961529317838,171.62551943534282,171.63007805177432,170.2679276624582,171.44930881584486,171.76420053504728,171.79626293202128,171.84610033192214,172.717622453459,172.71877812580286,173.64355467110036,173.19676857934374,174.55136278678253,173.08179710640903,173.40014310520556,172.61937971373698,173.3784970504443,173.27142146607233,172.93238640903735,172.86628348790927,172.2544465636921,172.9569491608199,172.65821247206492,173.58467886181322,173.71427427006117,172.9333640456484,173.79627887034505,173.15740798339107,173.26580986633,172.48001276590304,173.2054345246727,173.3219743713614,172.3804526088686,172.1932994119373,172.43844169731824,171.54982981801106,172.45987526214438,172.6356447137133,171.68500055845232,173.00762707407333,172.1775663693625,171.91834923988105,172.3665918985863,173.59001355230274,174.59627568858724,173.1826493679,173.5949719302972,174.67654280737065,174.32928320731347,173.7632860236743,173.06706835558248,172.16339102416308,172.05533515055424,172.81513507092725,171.61476411297096,170.51633562617968,171.91343929057163,172.23848211075577,171.456599915315,172.46228762083422,174.1937432372143,173.77726994056346,173.39264439683,173.53123821576662,170.49602671893174,173.673896120381,174.43162716369082,173.4975446067835,174.6808768726582,173.09236303571362,174.4037677418696,173.81703188544464,173.2338208205655,172.57822485772328,172.96608618823254,171.74201617849084,173.61366950275948,172.91296130797963,173.2029281825537,169.29109480410915,173.756879363613,173.34035372023766,173.88296463074477,173.0741774330116,173.2627031676576,172.76882064824412,173.790406136907,173.56555810243353,173.76416615296742,174.33588091814494,174.03839124645515,174.98986333783577,174.7072259789121,174.29081647545328,176.058947218491,174.34002187248495,173.49329354313406,174.1463396975085,175.411213236778,175.32759206248025,174.8602595119728,173.7061991113626,173.29024855384895,172.45171772476405,172.32656921217807,174.31416265634573,173.36164546549296,170.55121041234347,172.1449731719653,171.93709391159553,172.62125894381788,170.9520171067015,170.24372211345997,171.37088687011337,172.0195679015016,171.46882963547546,170.91476302271133,170.5626141325702,170.95724175016028,172.2534153336737,172.27412574795025,173.74143287886704,173.83490693341056,174.23559279890634,170.65267129920406,173.4629631081693,172.32582492621114,172.62927501729067,173.25598360109842,172.68834330914729,171.37987069438248,171.82711280136394,171.93910546153975,171.6278095141389,171.15639362778495,172.25323041414921,173.4714115786961,172.67855022355565,172.02192383797396,172.47873779661302,170.9733163148638,172.76361268821586,172.51208007138956,171.6802253934149,170.57840913218047,170.9217114419705,171.1376185274318,170.64873690158385,171.2285462730017,171.82763909408956,172.09459954912424,172.22715922272621,172.72085045056753,172.16298112457403,171.7082284914773,171.29196523770736,171.0035597856445,170.6175811920139,170.87588251877304,171.53553135576286,171.17971355116023,170.96951644768848,171.13789725700772,169.8362130806054,171.3144983447024,168.89218993476914,170.8949899300404,171.2084642327687,170.48090251682694,170.82706356036596,170.8815581476833,170.54481569017713,172.39078352209438,170.77199293190912,170.66387407445418,169.77734104148814,169.6400480811898,171.03599595999682,171.2079067938557,171.53527864665574,172.18575086900128,171.93236323876627,171.8960325490788,172.35904598969864,173.0156172765093,172.0915777673174,171.56350868048594,171.64869520519179,172.5481501292158,172.3081207282277,171.4236286788951,171.3745441069601,170.79994800947293,171.12438286040614,171.33138874697255,171.04737212887497,172.9204636003615,171.50763568639456,171.8372196774339,170.29888252199925,171.83235271771278,172.01481038250262,171.8688328365535,171.52927163982557,171.45139122412897,171.90733966655466,171.76027754987336,172.18449217103816,171.83020577158547,171.81501902700307,171.96126902532822,171.9683593688969,173.0933032307631,173.00142681339167,173.81577792377072,174.24195045324635,172.78671647554336,173.0737896597258,172.81037428742565,172.89628587400006,172.5429550764823,172.4840756645125,172.0931587536406,172.2855076573231,172.85310921047108,172.36644877185324,173.77330070688558,173.38702834318406,173.55892070464606,174.58279753950396,173.55788533128268,175.20566390875342,174.5421953702038,173.60945372900719,174.12386424144998,173.89585646103362,173.80951305122437,171.40009717776462,174.1450321041449,172.75939003545162,174.51764300466309,174.43478577465893,172.89475713602886,171.331442667577,170.9083042345114,170.15317240478595,170.1713148983029,170.21934555968554,172.06284948323145,171.50795169435162,170.23317897918943,171.19821497526624,170.13923429006206,170.65248338839672,170.5740629103132,169.4900367190811,169.29646631677852,168.90511574148653,168.2981992428547,169.08540914098936,169.91960165865382,169.4924422937465,170.5184153934845,170.34460512961246,171.21974023279665,171.18111196786404,172.3286542406288,172.0522306650039,172.14611014940817,172.04213252538287,172.08939116209243,172.88588385758285,171.5305478748112,173.1529178801971,173.266474701288,172.65778435329634,173.05311752902537,173.7880765409783,174.35321076085066,173.8519706036888,173.22002195785575,172.8759326992353,174.30293707804046,173.74916860095266,174.07687058596792,174.08212479419785,173.87703396332267,174.2338306016791,172.72539968001635,172.2456696770745,172.0797734441425,172.21604460072834,171.20875836477882,171.31528714414148,171.90873403497957,172.9247861690028,173.65961302990144,171.79836187661974,172.98340181561397,171.9506303312041,172.33132930484732,172.8209298212921,171.89239157515186,169.43057302720146,170.2405240728396,171.59039659213474,171.3863915215687,172.53852131774278,169.82981924695468,174.2373783327288,173.16122220256156,174.33178164866132,174.84302470236537,175.0799585592074,174.56268292149824,175.06377799328536,173.43204248409947,173.6654285791714,172.7931010939296,173.7480665128382,174.02485652255262,173.83022012885422,174.0501080293565,174.21875355993353,173.65484688255606,172.7851148826812,173.10375082311802,172.56198788661575,173.90892988176222,172.30100783178958,171.70613775934947,172.03656569221326,172.36584138968655,172.59205607842185,171.29521933578152,172.84857066711152,173.1720330267956,171.61078414547526,172.63584464374154,172.61408055793615,172.9409272395954,174.14657122546362,173.1455210887456,173.26896909034087,173.1243309577775,172.09283234836727,170.76152160291167,172.51784729426544,172.19435571005636,171.84742718742743,171.42526952604084,171.50088021826443,171.69757574897608,172.37501410219423,173.23139982345262,173.31537783760788,172.21303001414873,172.73416840306666,173.16813721181512,173.81098070774544,174.28114961967177,173.8343861096597,173.611858094899,172.12683417258575,171.8045961769032,171.77077507283556,172.68030649612828,173.28925684274492,173.9706905290567,173.5077339788444,173.39858608423742,174.02552086643573,173.32438518400053,173.30692621664156,171.74382320141592,172.43979872325676,171.47243393242948,171.9870362489879,171.89377179606726,172.58695365560615,171.469303488872,170.5961319854384,170.93004465519437,171.45499399028895,170.81599797391812,171.50550912784888,170.88097537221103,171.25529962820775,172.71636372983977,172.20698074432354,170.96257465162537,171.63691314789602,171.40436558318027,172.02379714983348,170.9655121018305,169.32252454458984,170.74623863328424,171.26796760508708,171.16337261460535,169.39364516932557,172.7630121846912,174.1209853182506,174.27607448966276,174.21435814069002,174.1245244107219,173.31976197634677,173.5324874245944,172.63428815643746,172.3667975050449,173.37846601111465,169.43231654403263,172.56359069221736,171.8064332788888,170.9084667304697,168.92860222206517,171.2400203151612,171.3377462718333,172.00937180473142,171.81250258809408,172.9516187156773,172.0930543547,170.4820903423028,170.60961504028117,170.6160646092983,171.0072675566116,171.52407255577546,171.05385637832194,170.54746834420533,171.09825046798255,170.5361431747829
critic_score_losses,2747.3814736853965,5526.106349755666,2277.880906271594,3063.7594822606984,2933.5649374791574,1750.731829344856,779.0669427506145,443.22155832921146,136.41074235743312,52.15851809045734,950.9347236626263,81.27548272178075,1840.5969784081515,4.773246325553727,677.3315321559946,647.0142043712506,270.1833001512531,1277.798108109674,400.21082937745354,1068.84921031211,1158.1053759065549,770.7283968964406,691.5457903063522,69.6174992935469,1434.5853662049658,7.008281791291373,20.26188285536331,1680.1300407137755,102.43262285216768,709.4731238691356,77.70137509828795,1008.5676637262413,483.43320916015443,34.1154858470998,34.19031888989313,9.378682742589978,235.75251986279315,451.1661274941363,646.3821072815969,9.864323749156325,1.2607358576335146,511.5364376082922,628.5900069252602,33.07948103692098,71.217203039886,576.7973538218612,1739.6232421743234,933.2723320316143,117.11263600363662,1.713973078003758,607.0645600529766,7.961913427274123,331.69673341980206,65.8472912773403,1103.8352920514194,49.603093351588726,78.0436869844709,6.216501661767985,59.01992238267768,769.9828689918777,721.5890649187004,101.196949127878,462.65190021605366,147.9090467872654,0.011357727856710116,17.21186516283624,40.16902014086576,3.9665492360408146,857.3776497053875,736.1982523008337,4.606108133066555,6.5974884413732156,323.8215719398546,0.9827031609886454,0.7328798817358362,88.94399269667197,62.76650276505025,57.746298501705276,1855.9484611015487,16.223616989119662,5.063970737998176,1.6873476297766186,2.0762425057766603,1.2468649085933916,538.4347387225614,97.05338355458431,304.9643479028793,117.3396772254711,0.18941766677177246,10.875887208591854,130.94813248870742,62.95381362275626,4.654328035979135,39.5635796799849,223.6801787744637,319.06106464660695,1530.4388493061492,57.201626386303026,658.2196412262607,286.970427726517,88.86971379065342,495.9793313234788,245.6866348023493,8.324077656862274,46.79961529149683,501.6131598635516,505.8211010150532,310.91796200981065,140.13849268282797,50.97448464547131,0.15835643897544596,168.66720380304704,208.1473172393417,50.52864878150015,31.94524557037245,152.4654090066567,409.10576726879765,3.233997473730955,13.11742150991154,670.5068494259182,46.23759585717708,1895.5603585735746,752.5026234100523,206.3328015829105,12.345607767198816,266.5322828416336,64.42355859067546,36.75312896544888,42.03071945579311,557.2054635718329,87.82495673026087,152.06988351145202,454.21148597521164,357.6399166540071,67.63392628175772,543.5637015284393,424.30662582895303,15.332050542755804,1437.514189904234,18.64279314559634,6.486511271974379,5.2599632133418766,148.02505468693315,72.86464620474109,890.7130056203822,1396.3768513517912,1142.7733942295185,33.29693587382039,1.0264956300712689,475.43917099332236,40.2927078490528,3244.068169524325,178.13402785197536,809.4944096624398,276.99899711404794,43.07323147518516,2.0326344814275097,245.96470329931628,33.94618386131537,3.5795803810562226,29.008462209055548,681.2323498538481,92.99836349999639,7.933271755787597,1549.2364197970237,102.39095817647308,16.99406147923849,339.0329976360197,150.4989100586222,155.34910091505182,1899.1112352531052,1601.266745073256,3.8912286320074476,80.37150270645958,138.02656835183527,546.5734204944846,343.14935787444824,22.474012431760364,550.8113143614958,1646.8255180657907,261.4019047460279,535.1455340801361,489.79019675842613,719.4495645077526,860.2674535143832,25.51682587190965,1660.2025228286673,711.1824828423493,541.228438543461,79.96342005803506,835.918944702426,540.8446239937455,630.5950656414544,88.12355605947788,552.1888989090723,145.59608176591593,22.793671436075158,18.137526574259404,6.495230160457192,861.6107757386867,4.810018114186315,4.09766634211521,1.8853675436574702,387.9815008806683,27.24512020579799,83.52381157399086,147.62882902079878,276.1930846112336,335.2783469552145,1037.8944165185617,88.8786125469485,24.120001346537244,1343.238090019323,49.215062557756816,855.2184118997966,161.20275393156126,1377.517082701307,37.81719159831469,32.517560522168516,1256.8453767214917,0.622684820702851,0.06666184410627986,168.88839625931905,48.06661046553301,46.59758862516613,0.023455873064708227,432.33524895400177,470.83779845922726,388.7675046190297,1.135432042201575,245.79126105934236,65.61514497603181,1.738925360209287,76.50496788138429,118.79111492804512,1019.4001718449895,99.31241023769601,3526.146589028629,4.11431608446537,1066.8936060746835,41.089100448658144,27.72173351209557,2.8661496096932364,3.1864525069239833,1389.3343681644901,163.6451101847048,25.734648197886294,355.8484951753319,663.8574501149822,77.26995120162321,79.30966361270525,366.09209118323156,27.585496542262405,23.826170684776645,259.4096213168411,4.037977691259135,405.0235015289276,155.89479526535732,1138.2058756260772,1105.7920003946472,30.809415052675334,341.6250622416274,24.687028741577112,22.2970986592321,529.5141139052856,31.337335790095164,1353.9048483780098,353.9197364018434,93.29391437281635,331.18226156488424,15.699663255175857,986.6281506591766,620.3013050619004,653.6308074855184,2.163873640248615,721.9802325467172,435.56366639133415,1228.4595310895386,200.62968005390056,1543.1974576958164,189.70278494915212,44.382340910867846,230.02363225946053,236.41523533851984,843.5878799857172,1.8932425933682346,167.8682458087168,71.9889776644146,169.6739074856165,60.28603754240315,37.73076871101685,748.0076135876693,2329.9297844458993,161.34238373831448,226.4849157691658,30.666267184315572,31.065709423843774,1862.7270846605247,216.14682348970277,377.37202051610774,396.85988516913864,1689.6620335974508,2913.849460286894,96.81452717466053,252.4096443971319,1901.2818753726879,2.750584274403968,358.69259876832825,30.79502482392262,337.80952943400115,136.65242310898745,6.817489833254098,958.7500034888702,284.50120423906924,16.812191642186626,63.00922135975605,89.55950426468948,23.148142270891626,231.1727105050576,0.2554907835353927,712.7014841100284,2526.339798004712,1639.0276930126217,506.35158878416007,197.94504702811474,3035.3103926802783,30.490314579191125,1939.3075455053727,350.20608390800527,903.4949518863601,23.657573260919627,677.2142626817873,151.72187722155294,94.40361666052489,70.38293822566348,268.1135364915026,116.60069249867237,459.4738147339833,1731.7513535060696,53.06863008539345,68.52804595452294,444.0284226482427,29.98110237012705,85.69783174727861,88.73252017594963,24.156122915242236,347.95544685345635,129.5884173021518,6.739749593584326,659.5603717263601,1.8106989464822125,258.550436923056,1137.2779300974084,1389.9946144677651,22.115400773715475,2238.825280853304,17.78923450000495,5.459989678251647,715.1891905644128,29.777755531573813,60.19350597282415,1516.7445882164834,2104.46790269411,138.07304490921396,326.0861015668121,592.7695702708537,603.937929992679,2055.8071540446135,626.1469586864157,294.8788897775498,1034.8892793784396,116.54562828927334,624.6222868415424,14.48269872063076,1585.8041305019558,1070.0877088038192,411.9540394626189,658.4105650259856,546.4056553693941,274.0351692617459,73.31730542937765,73.8662697403965,235.36667837684325,0.8576870430829435,473.9817912291507,68.87716357624186,1088.243631614405,2621.3865490619246,271.30009411748716,114.99898596980185,112.67452544461477,574.4481719640183,604.0355921779901,19.470769322783738,18.084704405683826,561.2441474623807,139.4548812522846,333.9300513994111,133.3937822610648,657.743817526942,340.6874215645944,259.59756648769394,543.9374031628283,243.68530095995374,1.303422125166133,109.39825660332926,1176.2678587843254,509.9615157392146,379.71999373197934,4.037531624908854,1378.9724238305578,263.5773942311338,152.59257494869655,1180.5377131230007,85.23169463509069,339.43720658800083,16.539555080048743,18.024342833401597,8.391988142099493,600.5423631852975,102.46263945471746,274.7442418531474,1069.8274824190491,83.71589565085024,4.844933936453368,51.519802055011795,950.9580101261583,132.32900954240972,89.40576723777633,12.217220602313088,14.585462165132416,2136.4400566472314,15.689487541423675,291.1761596326951,616.877816955737,117.80043092107864,10.685865446545279,1525.095169319723,276.10494672316855,7.977862175782537,3753.426404648485,892.8374315436445,139.46263643517202,77.26450956780992,896.3371936879734,630.9473193269023,4.017195022896701,70.63542795029494,162.1521765397618,854.5148014549702,36.251923701966305,0.8515662343367275,421.19549384485987,54.64131328611917,35.977566476568,0.32369513354252993,0.7986391649349607,25.526661990645152,188.5990040764307,90.42495176645933,154.02899900323533,727.6229314872517,753.3238362755984,228.89727346373053,28.35482539445251,28.95315721481168,151.5092994164789,0.3949884717591887,161.5439341908492,887.8606512153717,2.996598895516314,1.3416914523409118,32.68169462566542,534.2513061534526,949.3079963548219,463.3134917993775,0.9353057432662866,74.75096464365569,514.0275236589575,8.981928094614677,32.764812545777204,744.1319863153095,59.358357485340534,714.7979830588827,71.54589436381059,396.9997057739895,226.8361114078357,1857.2681757787734,2317.1564925680714,1845.4785096560502,411.52894597054757,168.74318522663688,380.5016170835746,515.0549534923582,161.58292793864385,27.11363100055419,29.59161894285304,520.8020203386908,74.18624817673077,1.8270639286594086,40.72815252389309,161.95277538535103,140.16729396270628,365.25888645302047,19.729351596663484,266.05376814598264,23.65212843690134,80.17866547645369,213.97180109619046,69.45895412298347,0.4381913621259143,41.38028878673679,29.246292719859547,533.2188152790727,2257.903308654575,151.75077436142283,56.47138790066737,550.5721019617384,1461.8958762464692,268.4417559442632,379.6487419039605,24.394774784087453,174.48758219558505,416.1922439244754,210.41080036626653,461.6646562545006,189.30194627931866,181.7487991337455,49.859981883416545,36.16577753652901,35.434397959597774,65.67215259227957,4.971584129200974,273.5952075468252,264.35765578002207,12.853924875844415,576.8923679084334,21.81549621310134,1409.211835932818,547.378592594771,5.6023814023800425,265.1932868856854,698.7088546285063,38.14511507214028,1569.833856200364,2011.155859164073,94.96949703365408,14.151159961719827,1082.03752512092,351.7007964025623,19.93182267504537,1417.3158662077758,2135.956144768276,5.0071442157885455,240.9317817976897,1170.6655407322176,251.33184489090675,2233.5150756949306,3.4824226064710624,272.20769787638875,141.71244138332636,656.1516217665194,283.0851508783547,113.26256288035002,1499.9733848911808,2.6587237074281065,3.0826416108566477,157.62168529363112,1.4884234496597455,1.0983514007344763,728.1074804863126,168.81076801048215,1169.8246746387222,1844.1923052062054,172.06407170494563,166.27219106298494,237.5385389009024,70.16504653698297,26.516511365182254,3.6958772486720464,952.379932164663,1414.9480936421267,14.8438237406291,222.22108461789801,5.780486567938447,79.62437217973816,89.49209166437355,139.92266988289288,262.9471732067005,146.78212075834523,75.08573029119272,145.2327909534387,1386.4436703765666,348.8845954167688,6.89791667661921,4.302312312151384,343.31750052036267,268.1327722546122,5.332757041509147,1377.0758699546732,141.02871475252766,139.07826943476311,707.6151729567903,158.53929291645645,1656.6664971165158,863.1941789528406,379.22923528832354,1121.6910758427973,68.26961902551547,144.37036882688292,889.4735524209891,240.20701670069715,76.46629759309025,134.64382760680394,598.4511457603663,1414.1970968944977,564.3110694987281,601.2313105357047,102.66417861769784,569.9797415582206,927.3861883722068,888.8757713282378,390.45214677392465,1113.2057391874196,402.86080818114067,820.7867262866184,32.69623205363532,385.35093775741376,1.0608416566478267,901.5229349972254,100.73117354198342,1068.2703870737694,353.9756860967708,2209.0481465645817,435.0077961019677,953.7046011669147,9.81965965898117,6.116409138220147,304.57284160165693,0.004265465183117499,121.62123032477385,95.45518506169687,22.89059034410638,530.6703674401897,1982.3640049319642,1338.6181191076041,6.529303637586968,25.113058711096908,1094.9829653436132,2.6245577007079723,131.91948400411067,555.7895930952825,962.8572923915981,927.6923807652835,2683.7118377161537,69.25256972526853,570.8957734485609,563.3233453639206,131.80115035422438,296.11755003106543,17.7703894651713,2113.1589344166346,11.078988208272518,587.9300472766091,1060.7133094378698,9.417894926823902,275.9674207519322,291.5228603937373,1489.967820140261,10.915697967298785,1018.7980856632211,280.9919381537843,5.412867773052568,1655.902396415118,813.1160922122941,123.02274658578943,5.650330117834675,407.58580800495497,2302.1523329166553,32.50522729521497,151.01032034891506,1857.5741946878163,790.2808156958961,855.7751402098593,161.64796922435573,65.76702660378007,1204.6802445582937,777.6537020282763,40.88573838252217,30.00478699628087,1366.2921113562577,132.1705024161928,7.3532555939602116,8.970123179073617,256.57175849489164,2013.773843234429,75.96298005580394,27.163793385367754,357.6212065723583,1642.3129963250815,0.9520215666077875,728.5846585398965,393.706901149294,736.2125013416045,485.36043194473933,1365.2000443570842,667.168886026509,3.5873156500550016,242.48256476276282,3.0720705321789796,1299.1394880675805,26.18265066307526,152.91367171474505,401.0048168838911,467.51955252750895,478.0761192502447,755.1423468597056,469.67253683125364,413.89827478240187,69.94652327001788,160.30168265311093,157.93693464716293,694.8674955644758,715.8199986896706,34.37673737477429,749.1559775794277,220.57476183457166,824.8939509449201,41.624759905615704,231.8895553875226,0.6958620313955444,839.2506389787084,62.026377653830075,0.677199996876982,227.15391984316068,8.437051766006002,218.30030208824476,849.0687622116889,209.73368395188413,58.61265267010218,182.75740943020728,44.70025516636028,381.1344172619276,42.578057224367576,43.581623648824355,443.34501975054707,439.2662251276217,759.0968054146919,62.808587349878366,862.5896861276682,714.9587186706186,724.5724842926168,239.71812069515906,1370.7348484756888,1405.327837604655,417.8484379915287,188.88859740677273,867.3069061474826,27.76503324835326,156.5012960834833,1.013359307686323,745.9629214725859,426.321518124742,484.36360422057186,4867.747423300528,40.074772899422356,4.26455382051823,170.98376895355392,70.05988484591408,167.42455077696474,728.3846495325434,242.32593808877252,239.1229248165605,497.04748506895436,494.59500496660837,509.0391622984463,1.5492885262940883,715.0063161811372,33.372768867317696,237.9475275742531,32.310597841573745,1.9372193025620978,681.0521332082008,264.53281772590674,342.80674286864627,1554.4800446291176,537.4843886238332,143.24829824160255,538.260330440481,83.1570946719667,78.66286102532638,28.244559308386698,31.25906924756507,29.756696052610195,82.60120818814819,250.1290153319677,2192.9878496303013,21.865697066925506,91.92216533743975,1535.5331642738042,1592.8561541383176,317.66274654051745,562.5394351264611,531.6882362521303,17.264485726455113,7.5888487824886885,131.065933819237,1320.9849949418233,642.7893614064003,26.213216329358673,119.85168906552894,15.48580468696928,25.24223807800642,227.51522314006215,41.32946594610162,445.4165587492155,48.30152541416117,443.4436894467108,2.1276739952341215,405.8984083257004,215.63042765518983,848.6464585741257,454.18672179562645,213.26253505400118,55.90540321563051,465.4289297015097,429.1414693250692,0.5993857697703,68.46607047996308,41.27232962958647,201.61119877356924,45.053230350053724,3158.6611457813406,206.95147893992683,414.1516761338518,792.7719220578902,1136.2786032547594,1354.7173586013857,30.841792892614656,72.50647787944199,885.758424197812,4.164162819728648,44.835261775621426,86.4996243816042,674.6759404355577,533.2654394332035,926.7854644840359,131.41323112058913,15.943114355686403,25.54716212526444,358.5836119688641,25.376167452912373,123.19889218797853,132.0447605801315,99.07914274704447,971.6168631856166,96.28603580960551,331.94774273148414,535.4758921084072,892.3483032322455,31.364994348055262,2297.332304785225,224.9057156877877,853.4764759014311,1347.2583345571234,4.2771870671950385,20.100253465297822,505.5679090182317,144.7823068844249,879.9276925926711,1369.2840134061857,691.1416296766431,163.94274143381563,2410.3022354427776,258.9968722394968,737.6488169747474,0.9610407255387838,3.222045240317263,25.70574601567074,124.23012091276361,268.2211069582153,329.4287166659999,2122.715714968285,609.7046471133364,597.289525366013,310.90758398407985,352.9281832833478,280.026254917931,537.6937396783436,956.9466618058573,647.1054741114622,342.4286892521134,2051.2081692861184,332.33633400172,347.03354639078316,148.17613480124217,4.816634586002893,152.04213323326786,2184.0147746869116,75.65739683887425,502.63958580742326,72.43945683148262,250.11543053430802,27.438816572623345,52.99577058592489,25.57147075164891,86.75122702949687,0.18652863618197454,1121.6816063058936,151.1350974229669,83.73379891025107,1559.8027529361043,4.94715145987164,139.96369764998454,1617.420864500214,31.261650135513555,57.90517360496729,78.34825044127426,30.4640413905649,164.75794985787445,1.0156966109303345,861.1615294453659,502.36815418103816,2.8203459928107284,5.22097240950481,672.8807515987354,74.57905106324884,258.42120648949725,86.69991881459507,1066.7127515901318,330.7296324428549,342.31967512918453,92.6413403978336,30.993370072981794,505.76616898794293,1163.0290685375098,257.19815137915936,5.409605288772137,18.17628634820331,135.99741925628155,557.7327762131088,1566.571157136911,139.03806474579045,271.60640483398674,427.9619404350047,77.37429613757023,406.9110128698004,1682.7519815881224,70.73090376846245,255.08523772025006,171.69335659376597,0.177686672031367,422.53115187449686,230.1583835616676,0.33292634671923466,171.02309631004053,59.197812525331436,63.34088486036678,2986.380217569213,158.29576711643656,0.4632749799758552,1.3397423268774356,36.94246551380797,161.5719344551674,1202.190501717865,827.328504712748,42.816049716060604,488.84289907638754,0.6767179202068446,3906.7182531603166,693.2966307787278,17.281406814112476,638.0994269340619,1556.0189188275988,1052.2796302712252,672.7199307359282,2923.6402397349075,698.0982107880748,250.13681531584137,670.5683758495423,92.04101718066534,78.92190554078535,69.69593338442635,218.5819905095794,12.145559931672846,413.56821573617054,491.0271706989013,512.2999416667673,237.8926345778054,542.9045879916877,31.259894718864306,464.5789158181547,56.281965651480206,468.67170608036366,840.797996229765,1709.7170452311063,61.093870416284304,1277.52327800422,39.62057236538642,466.2280199954199
critic_expected_return_losses,2959.283530625542,2321.729949372952,2013.3093982192515,1588.926812514461,1238.7288626832076,1126.464247684511,780.1674678575489,231.46071185366102,229.14098831332876,96.77775316497379,53.14062450298083,208.6208078768452,206.9903434298256,114.58280585257775,111.70572216464751,65.56026665181686,50.00008712212762,19.889926204387997,5.102680823218196,0.6736312483038756,4.081580150390676,4.150999728868415,0.39101029676493876,29.15814793847877,36.886191760637395,5.303869893376739,84.68268599028511,29.615072119918146,57.58292978587562,32.59453219665152,2.1968999100437974,147.29522771496232,10.158798000922255,144.34158385177017,300.3713062724368,236.25181181592183,18.954082704636477,123.56169357082285,5.4653878191884955,6.537284768426024,10.516931405291666,2.692810341436968,305.8304031218598,3.382783154307145,43.92904690257137,43.843002325793286,1.9199547794820886,0.34923722193479995,6.974566753399741,4.178204034553258,22.14840074579347,4.185603413766213,115.28723179970436,4.395612686477528,0.6566061415569985,11.383244214129297,0.14495718634144228,13.821708955621997,30.056120705484194,35.28656337802588,2.220065776576634,35.65167391157706,2.1861196990530343,13.084349345312619,91.27097893182561,37.75511193349364,2.277682703332328,79.70816145135296,9.080447285130505,108.06734305177277,74.75678564710337,16.430335823216822,69.69024325437972,5.428048637250287,5.2176895875638145,3.1958205441505547,11.593641464596644,15.577835062841181,11.538142426884294,24.572780696851538,38.374398301741415,11.397597417505398,4.876282086518796,20.50358381695329,2.5308732686451463,38.298058558766094,21.26677284516915,13.162698384463935,0.8033595707698323,7.438998384903984,1.078773227928518,7.347253463095148,0.30035874519091627,30.647669279737276,0.4332565405063489,0.3020786293594657,0.008246190353891975,7.203588817275721,1.748978106765177,0.005147794792093205,3.3598134244457585,3.521345881351659,0.00922905230751879,0.25581361317791806,2.162713492976964,8.326005263224188,0.08423897836828023,2.6825676057828347,21.674080076134967,13.160537058228298,13.008745460010271,1.477617042823745,13.776135830561563,0.0004464592574299357,5.7547585564393,31.17444317537646,25.824730716372756,4.315997269843075,0.09461605570333627,0.54985572833939,0.01803885518704118,39.194571073941056,65.97891315218584,18.95305548788155,0.11472347643657395,0.11429978199753564,2.90625852905555,7.6124952137532755,18.360249937714634,0.05527358409908286,1.2800415635759221,13.418714308477128,0.05572032282146184,2.149637214704421,9.446613935686322,0.07730275057094653,6.013598080179488,1.01694232842856,0.48655743784320105,13.24596526642082,0.15847155039550828,11.453876547623643,9.40328440581473,27.768400353232963,7.7786635898721,10.233469388159813,5.536208755424586,11.90923503596684,9.369924849105338,7.846672946126142,27.250528154414813,0.006826270043945328,9.031688132518157,5.650942471390992,17.166671396733886,2.600632316233865,1.271789043769936,0.12833720899898987,0.4234765119779393,1.228690402493982e-05,0.00201057867065928,0.13660272701358647,0.021854279813843063,0.06925595993810188,0.2627844108647328,0.24436489214719376,5.69329341091483,0.06096631144735816,0.7994700504514975,0.06966197610391871,1.9629540297120558,0.020410540712336573,1.2603962187130497,0.014781511276046353,2.3830673729058267,1.7516547772337603,0.018352462050420973,0.04975117358393805,0.08837235703533163,0.15112401829346392,0.4247026606371049,0.28776250601050024,2.674665459782538,1.191867659005349,0.9667125958234818,0.28493341505089104,0.7614606832914866,0.6476853357376178,0.3400037296391665,0.023790506859630293,0.0017219649446410172,0.26069009692836176,8.6876298730871,7.706391385039101e-05,0.03688936735037183,5.667677398936517,0.13442442070376623,0.5167019726771467,2.3687802498310888e-05,6.284564851925343,2.366996625206162,0.019379098966002654,2.9063487694392887,1.076372513745692,0.3153747143099351,0.23558666413378737,0.1469238224608052,0.4001115175582525,0.8618065530406158,1.3565487362235666,0.0030275894849294965,10.454768843512426,1.5839922184600002,0.7234587630733716,1.176013276584634,0.3955940570812412,0.14625518350644257,2.6632338750755546,1.4037283383862647,6.035694679955745,2.0191626192868637,5.268179923620996,0.14974800442254538,7.244173359981563,5.329707769506056,7.325652475444914,6.15717709870059,2.4813866382340484,1.1181492573575622,1.187780393479996,1.0360092649158659,1.9563410126222962,1.0092224081796737,0.7705278077860045,1.2997728155787747,0.7636157706979818,2.833693058745094,2.357203290391798,0.13250787197399166,3.7120159001351993,0.5815113226156211,6.9481971071804,17.04476328736098,0.5904038718490114,0.007167437790784663,0.5770785940889945,0.3083650217737476,5.116675889631466,0.001197243567285817,0.6958498318692934,0.026973574067645986,0.2244588454540777,0.5395828489499124,0.5717084747084434,0.42970487559478865,0.29590244826465273,22.837304759789106,0.8047691351524344,0.004366693852363029,1.3890578543137444,1.0670813251914042,2.562386318113477,0.20338083864569814,0.04176044170838688,0.5707363030915933,1.79654692524919,4.4469847789354935,0.9845408174506664,1.268882528845103,0.8555440233028698,0.8067455606464194,1.0744002344541865,0.680594113772184,0.25752504010757044,6.33579980991727,1.2970015419612915,7.944733658560407e-06,0.4694014601512716,1.4265937548537142,1.693118811904766,8.539915423450818,4.59836822551351,2.3379840474899183,0.12591134167733067,0.2034913041978328,0.5849986151914897,1.8706125964239324,1.299319835304815,0.12086837341343946,3.459974178382266,0.852399837308008,0.8413325109014675,0.6839278050624316,0.29410825421189174,0.08632498102507977,1.0405764985536359,0.8418405832535787,3.3143146230241762,0.17115904850879005,0.0043566501588461915,1.5915845320954911,1.4143491184694164,0.001226219568724128,0.04619420603573398,0.06673968420862006,0.29473302720052724,1.8854033993938841,0.9673418509735662,0.5082673917796443,0.0034861804124914357,0.0003363224507919058,0.0033167436293857727,0.3616542277804582,0.029442000143310165,0.1741888628035028,4.743532740005923,0.02589544799370394,0.0026242902338786366,0.051993954580299435,0.8116633957312734,0.236510481193926,3.1976878917305394,0.37447210695620803,1.5986749272609686,2.250930161355827,1.1632696059655887,1.0083712557107214,0.887888433614151,0.542037782059902,0.9309305170789329,1.9546516275977106,0.08556247189158894,0.025395316138792687,0.00839851142677464,0.5859969138179327,0.12623966939163356,6.21127324955881,2.7274394663814983,11.326801175707978,6.291850890640852,0.38497626182164807,2.9884619358893754,0.9175217110090065,0.1348333627734812,0.0028780826065095094,0.15781648225501535,0.34384208159913116,7.086908109096182,0.0018200134748438067,2.566389471365624,1.4588267687337029,0.3795461261633361,0.0007736512911099821,0.49968212941467405,0.034252672723892964,0.06791192009532736,1.4250083451850073,8.361058718351417,0.014007238207944262,3.6958153180770292,0.0018718391250165326,0.8603684643136995,4.2644074971876424,2.3741973402383096,1.8558000202563367,11.242932769006396,1.3355996534495498,1.2858310437989435,0.5011244401415141,0.22701531559083638,1.7741777656596796,1.3715246052745294,2.3649243126403308,5.245324692269666,0.0025815992448019794,7.550258874367378,3.7039365494282253,0.005086245544764282,0.3044844133764072,0.01941472745237079,0.5570634637833819,1.0562243080474465,1.8330776846971915,0.38541502050007825,1.5681281928171547,1.3552629315391311,2.4757180813432464,2.542687762766191,0.050349506505154004,1.2083484719628124,0.9807273082805156,24.982710743506654,2.0269949985021536,0.24489226649154613,9.122860500232147,1.5881752447135702,0.048579315389826676,2.1405467600990455,0.0015266107836403719,15.43703957902352,16.376014345659573,0.1751790252705797,0.19729494649122903,0.45345161402921824,1.9930832792484616,6.488140562852505,0.5167627038187552,1.4026069472559866,0.6833387743574771,1.0942337322313294,0.1443402779574316,3.6232506677999905,0.0011198659426771955,0.33957840886600577,0.013033449703393821,0.055667950807057234,0.46990991298664575,1.0346885190830735,3.3674401440690573,3.6717520697238903,0.24787864487115516,1.8576543503186003,2.51186847026934,0.07106612600669553,0.12412944632757507,4.780109023064736,0.002169028146156278,0.007269230915292486,0.28872342749130675,1.5713131609663633,0.4879509493939464,1.5420487146294914,11.112765756000739,3.1881402366246685,14.442404137229493,1.6013117197109603,1.5592578194692823,2.4043888185438864,1.4083392921539686,3.672120063928803,0.16385693160288733,0.4136383248268505,3.7538465811317967,0.6963663314473196,0.010081040147230002,3.553345924660615,6.470927847439287,1.488449792131519,1.263112091685056e-05,2.578038913400205,0.5644213563264687,1.2723654250766865,3.4718331823408324,0.2924108143656167,2.191890882379564,3.9382364253365156,2.754853107048132,0.005167668387920146,4.408513770193263,0.013295343708995207,0.32311433203318707,1.5466816984682994,2.9443655416965684,0.5463928276163196,0.0006572595299837803,0.7450920531921554,0.14083980377688024,0.5322738313369968,1.257311464824105,0.0516730870039943,0.6762964291500255,1.946379620352738,0.19315788913440135,0.42610563421610903,0.0007220083685094917,0.13665594160846203,2.5164399844365226,0.07853961778551885,1.197863469403395,0.19673247569334734,0.6237840488545315,2.3961573139120493,2.7970687776914156,0.5734253786454585,0.02007868912328948,1.0352282843527043,2.60025066537262,1.7977239660819329,1.1842018797586662,1.3395822542261635,1.1935840853344868,0.9673585428310669,0.716881198998011,1.1488032919947402,0.45017242259817136,0.47533914197947963,0.850436714328395,0.8940788045456617,0.030478071500667576,1.4442075504619212,2.587227318648998,1.2936157456752908,0.06276650665296228,0.20429049481554418,9.266950321226824,0.6617149394026908,0.11952144581768409,0.4492416612685886,0.35874174439154705,2.5846270167360896,0.08570105205393551,0.8033818233122579,0.7927364895315384,1.0380798737488264,6.345228488967848,0.532932055701154,4.979828299029329,0.12792383061968282,0.10625432956528426,0.09696031935964974,0.680319363980024,1.4846795264434296,2.6266046833831145,0.17160169690340513,8.5080099030478,0.6298190129932456,4.7089430218531465,3.582425927465661,0.30611310097347527,1.9431108856008281,2.059377800800317,0.23951303489981904,0.10480513502536457,3.8167160044368473,0.029266585484423013,2.1185304543930537,3.2312850181913366,1.9392200300743099,0.5812770977984751,0.09146457888309831,1.4384125799133516,0.16877348697146083,1.9148375231552794,3.977620604974817,0.28501889717415985,0.017938751247718508,0.12701528553875982,0.5712697728783889,0.008545319149758996,0.5719604126362362,0.0028216989495646405,0.06839504019210257,0.5294424313129703,0.49065473202553217,0.10332710649329596,2.315053434118971e-06,0.709179210691397,0.09988479745239935,0.4724034624815121,0.03875335183995021,0.07846692104980406,3.9846436658864044,1.7202785089369328,1.0362824659879588,1.307537033106682,0.03755111120861416,0.6363186521434524,0.017516654518189623,0.006814770016753776,6.153238105252369,1.509425307136995,1.9712871514410106,0.2698625419959169,2.1983065738528444,2.3366945819101472,1.7055393379890094,0.31368685076027447,1.5576315253273791,0.39916099067686894,0.39812907833495415,0.0005262922923740948,0.03371207375067567,0.442036606801055,5.727212581830743,0.02225374975797336,0.1120257835461038,0.02705465061004914,0.34416296390776274,0.12035352330119667,0.2773840941425708,0.92026934711238,0.21396392860467947,0.45400790814845315,0.00034933190148437465,0.005321318682233016,0.02039272231605263,0.3991248262802432,2.4074248360999606,1.6862062904886381,2.0852024635773057,0.0822867463923306,0.041800027136672496,0.757260174571408,1.005095007157689,0.687576777023162,0.069625559917181,0.6626719899735702,0.026733731136502216,1.8549509305326117,0.18209649147997034,1.027525263298169,1.432721376345871,0.7744140351722134,2.0567615195634463,0.48527462235643753,1.1629553575962752,0.0828498456262124,4.850713726261939,3.399815326877282,0.011578602006743457,0.14799125992182766,2.7829004035865386,1.2102194197239922,0.3167889282737278,1.992700668492454,1.8943378273953,1.4422917400887256,0.09116169299826685,0.5017849371266598,0.3728444239825734,0.16973009718351462,0.013804378302415501,0.023863852624484455,3.3998714847852054,2.0253534627537464,0.2196321131372043,1.0089117713842297,1.773279052446522,14.632758622426932,0.0015846857697917446,4.7118644645483965,1.0561790463232503,6.9277296737059135,0.5334270062192139,0.20802857556753176,0.05997593047680986,13.950746964257254,0.24370657380656374,0.08330665158302536,5.397574041713708,0.010624191718663935,0.036654782356416137,0.0701041358690547,0.14414888733895836,0.0606940475309003,2.9745045558521226,0.42605202006854187,2.8003533705812966,0.011712922918752425,11.065347462176245,0.09128415702962597,2.1517126115843026,9.059100578370568,0.23099969115747065,2.9959508042953105,1.3400578058224384,2.686545355560319,2.2912681040965635,1.6201838314144463,9.848833604980475,3.7912737418846496,1.279331581682353,0.4984887415822506,0.012793083945234839,0.7279276310893411,17.97042248990211,3.944240542402365,0.017387560155389566,0.508660093126038,1.4011667921377213,0.012766144050020871,3.535390462144701,5.669654330752436,2.5093023249779223,10.634653235541496,0.0007036496184419706,3.6351465069097437,1.8655071587597656,2.50732667449744,0.8238696185612702,0.4254645386375543,0.22702247046879198,0.02504228503924825,7.977551770030082,6.629172047328844,0.010973915387886344,0.6948167906122368,0.4820010575647162,0.06305777418405906,0.4257502081709716,0.9353142599794637,1.5913249845911508,1.3978014460999866,1.3377235515734232,0.7885964912252161,0.021676055456697752,2.7028199049150126,0.43483490449951856,0.009284294354565343,1.6430213680556143,0.3635662658221891,0.5850043198482147,0.6039346131361868,1.7069585134879104,4.5986406465062215,0.06660455749434645,1.037009842156579,2.942433678510255,2.8383076038986577,0.23064926717735498,0.6142708246339375,0.9576614146826548,0.3962820218561334,1.0131929733099598,2.7662873596144832,1.565339373876346,0.1382322497757135,1.5411427510205913,3.220361605264652,2.1540156604066523,1.483153209760315,1.4529600352808412,3.0583933840655315,1.8178564826787882,2.6372150994167223,4.701793399265439,0.5748429141247922,0.2878581665208396,9.026776910927019,1.9592388229175177,3.725229690079925,2.3556637179495534,0.7000210000202624,4.03029601773882,1.6913097345771504,2.3657880037257697,7.884670793805603,3.3156090207502826,2.887695495238558,2.1545402102443205,1.0158259098943072,1.4090972094518843,1.4707472369721524,0.06070098437519562,0.07089658597605361,1.6198308674210913,0.4760955302754681,0.0008936289444115,0.5649430245163799,0.1373569859664033,2.392539695627748,2.5011159820295035,3.9513189920072125,2.245561874062132,0.5085478843414571,1.2725971161359257,0.2580561691554784,2.2123044311941307,0.5091362448220613,3.5222280706614577,1.1187322450834758,1.2740880080786903,1.5177667929984566,2.1670277921021324,2.332194995114006,0.2942065070633184,0.14980305911958236,0.6993327164188994,0.005498640381762795,0.27011220911206174,0.8067609894955963,0.0001576636520510243,2.8854723301280547,3.425464764813175,0.020944252102034752,0.19897913779253726,3.132878454196737,0.038468997781296525,0.17281685818982975,0.2554875598057444,4.816860626863639,0.6351044489453626,1.1520896797757803,0.7033456955939638,0.00763240493082142,0.774592169383969,0.013152732488672889,0.025106543441021412,0.0006526988199197811,0.47208725756100556,0.08609308725230665,1.2712993122337757,4.920951505452438,0.5873933731054104,0.8935032355812363,0.04053995715112282,0.019681664920267638,0.4716059452565219,0.7223618895832659,0.362714395361649,0.4109000370130748,18.699278732024137,0.1668476599046805,0.05558735429601439,0.05029772505647826,0.9419323812327652,0.3364190595248024,1.519784906133266,0.021443935846437546,1.866811227417728,2.110642755723231,2.911033881188593,0.7057730969571621,2.9605904927085014,4.611830886986255,4.767014496619245,9.308079850632515,8.6074585510873,3.2229105258956414,10.240989161183913,2.353086528100626,8.481716413567543,4.782383400914309,3.2248925533101387,2.8593273388262586,0.1602497524594529,0.0490977941606913,1.215054122628394,0.019119757168377043,1.2308469012375722,0.0003869387387691401,0.5460334191336823,0.472478254139459,0.10497051842790955,0.05938712748803316,0.4749794592382282,0.15567841882467723,0.015658381683962636,5.262246370247882,5.551568540647576,0.0014136623551635667,0.2702436486444307,0.23931158425856552,0.47859628780477625,0.10846594420924721,0.11092694482726642,4.44441605042678,0.19388978196636178,0.3922423695863435,0.9322151548925808,11.473185727508426,0.2371151720887571,8.808654431242034e-06,0.406118289538164,1.4490438546698121,0.23552096308028286,0.8037603004781786,1.6430298935753105,1.7801987648557902,0.4666890708583576,0.11148201271629408,0.16412496236516,1.4769984216447263,0.7541587232171526,0.5461703141319675,0.29961410906174646,2.4746886260478385,0.13482923695959162,2.03884648061892,7.014937394883573,0.10120001501814603,0.5253713526483296,1.9348932104854644,1.0787564128888565,14.097867804964805,2.6725821508238714,0.11619796797165378,0.001475193668216397,0.33457019410499345,0.009378391031054362,0.08559263274427609,0.02400438082808137,0.09635914711428313,0.1846146728051932,0.523578655619462,0.20916540910269493,0.11524343337565447,0.5503297700882188,1.7577871662102593,0.8581853012450826,6.030563769141875,0.35427916929991005,0.7753483395489355,0.03845049217207731,4.505159713215721,0.29073396436787674,0.09639478206328306,0.44408732494245556,0.4755723411881848,0.022522627452439718,0.22457321082018392,0.14335876703096956,0.10838703446336029,0.10114201039702868,0.07885706736632088,1.152585200700141,0.028550563814485456,0.4381067931676854,1.0035979332095175,1.5552904913308934,1.9774068038472143,0.2891826265392672,0.08792567484374018,1.3100777744143746,3.10259753050163,5.2937936714939955,0.06338935729315714,0.3845142565965432,0.09811293772893696,0.03803714709848588,3.27733192893428,0.02492586248834115,1.1117157005678173,0.4503723010803193,0.036768947243664286,1.5407071813054962,0.4331986156370667,0.05179508503290659,0.06464867890488855,0.005343415737887543,1.3223539077226025,1.2440574730373852,0.041105878638833304,0.04626422501185754,0.2597138037029616,0.25903958892749607,2.2869700373077255,1.318809578890975,0.04010901500319271,0.5244492468336361,0.24615284234757442,5.196690003127122,3.5940586705221422,2.1833177468328184,3.9063287248556358,0.029232523060361167,2.284811351795963,2.774923871490675,0.4002864381463454,0.9857910434680959,3.507372688613759,1.689545477329073,0.2524995939330656,0.8682342464512851,3.499597058954379,9.195987369275196,4.103747157106181,2.7451607449123014,1.2284981194559845,7.059141966471845,0.3596358944976619,0.12998585355284414,0.22108814740712707,1.8061885781368683,0.13179660810840022,1.2535591611128474,0.107121958720336,0.4770915423890969,0.4209706814912566,0.02706187127628077,0.27096660459193184,0.333856510721407,1.628431039058104,2.2072365662295903,4.535540921836899,0.23097896996567038,2.5840938462332663,1.282784402801542,1.6174963095355313,0.21746510981778794,1.1522481578433617,3.6586331492898485,4.504489331605076,4.48515177401189,0.029592294953563414,0.7757539472307748,3.2697758841874087,2.4690855514437553,3.157234305893316,4.727713904724631
