n_epochs_elapsed,1,2,3,4,5,6,7,8,9,10,11,12,13,14,15,16,17,18,19,20,21,22,23,24,25,26,27,28,29,30,31,32,33,34,35,36,37,38,39,40,41,42,43,44,45,46,47,48,49,50,51,52,53,54,55,56,57,58,59,60,61,62,63,64,65,66,67,68,69,70,71,72,73,74,75,76,77,78,79,80,81,82,83,84,85,86,87,88,89,90,91,92,93,94,95,96,97,98,99,100,101,102,103,104,105,106,107,108,109,110,111,112,113,114,115,116,117,118,119,120,121,122,123,124,125,126,127,128,129,130,131,132,133,134,135,136,137,138,139,140,141,142,143,144,145,146,147,148,149,150,151,152,153,154,155,156,157,158,159,160,161,162,163,164,165,166,167,168,169,170,171,172,173,174,175,176,177,178,179,180,181,182,183,184,185,186,187,188,189,190,191,192,193,194,195,196,197,198,199,200,201,202,203,204,205,206,207,208,209,210,211,212,213,214,215,216,217,218,219,220,221,222,223,224,225,226,227,228,229,230,231,232,233,234,235,236,237,238,239,240,241,242,243,244,245,246,247,248,249,250,251,252,253,254,255,256,257,258,259,260,261,262,263,264,265,266,267,268,269,270,271,272,273,274,275,276,277,278,279,280,281,282,283,284,285,286,287,288,289,290,291,292,293,294,295,296,297,298,299,300,301,302,303,304,305,306,307,308,309,310,311,312,313,314,315,316,317,318,319,320,321,322,323,324,325,326,327,328,329,330,331,332,333,334,335,336,337,338,339,340,341,342,343,344,345,346,347,348,349,350,351,352,353,354,355,356,357,358,359,360,361,362,363,364,365,366,367,368,369,370,371,372,373,374,375,376,377,378,379,380,381,382,383,384,385,386,387,388,389,390,391,392,393,394,395,396,397,398,399,400,401,402,403,404,405,406,407,408,409,410,411,412,413,414,415,416,417,418,419,420,421,422,423,424,425,426,427,428,429,430,431,432,433,434,435,436,437,438,439,440,441,442,443,444,445,446,447,448,449,450,451,452,453,454,455,456,457,458,459,460,461,462,463,464,465,466,467,468,469,470,471,472,473,474,475,476,477,478,479,480,481,482,483,484,485,486,487,488,489,490,491,492,493,494,495,496,497,498,499,500,501,502,503,504,505,506,507,508,509,510,511,512,513,514,515,516,517,518,519,520,521,522,523,524,525,526,527,528,529,530,531,532,533,534,535,536,537,538,539,540,541,542,543,544,545,546,547,548,549,550,551,552,553,554,555,556,557,558,559,560,561,562,563,564,565,566,567,568,569,570,571,572,573,574,575,576,577,578,579,580,581,582,583,584,585,586,587,588,589,590,591,592,593,594,595,596,597,598,599,600,601,602,603,604,605,606,607,608,609,610,611,612,613,614,615,616,617,618,619,620,621,622,623,624,625,626,627,628,629,630,631,632,633,634,635,636,637,638,639,640,641,642,643,644,645,646,647,648,649,650,651,652,653,654,655,656,657,658,659,660,661,662,663,664,665,666,667,668,669,670,671,672,673,674,675,676,677,678,679,680,681,682,683,684,685,686,687,688,689,690,691,692,693,694,695,696,697,698,699,700,701,702,703,704,705,706,707,708,709,710,711,712,713,714,715,716,717,718,719,720,721,722,723,724,725,726,727,728,729,730,731,732,733,734,735,736,737,738,739,740,741,742,743,744,745,746,747,748,749,750,751,752,753,754,755,756,757,758,759,760,761,762,763,764,765,766,767,768,769,770,771,772,773,774,775,776,777,778,779,780,781,782,783,784,785,786,787,788,789,790,791,792,793,794,795,796,797,798,799,800,801,802,803,804,805,806,807,808,809,810,811,812,813,814,815,816,817,818,819,820,821,822,823,824,825,826,827,828,829,830,831,832,833,834,835,836,837,838,839,840,841,842,843,844,845,846,847,848,849,850,851,852,853,854,855,856,857,858,859,860,861,862,863,864,865,866,867,868,869,870,871,872,873,874,875,876,877,878,879,880,881,882,883,884,885,886,887,888,889,890,891,892,893,894,895,896,897,898,899,900,901,902,903,904,905,906,907,908,909,910,911,912,913,914,915,916,917,918,919,920,921,922,923,924,925,926,927,928,929,930,931,932,933,934,935,936,937,938,939,940,941,942,943,944,945,946,947,948,949,950,951,952,953,954,955,956,957,958,959,960,961,962,963,964,965,966,967,968,969,970,971,972,973,974,975,976,977,978,979,980,981,982,983,984,985,986,987,988,989,990,991,992,993,994,995,996,997,998,999,1000
n_training_episodes_elapsed,50,100,150,200,250,300,350,400,450,500,550,600,650,700,750,800,850,900,950,1000,1050,1100,1150,1200,1250,1300,1350,1400,1450,1500,1550,1600,1650,1700,1750,1800,1850,1900,1950,2000,2050,2100,2150,2200,2250,2300,2350,2400,2450,2500,2550,2600,2650,2700,2750,2800,2850,2900,2950,3000,3050,3100,3150,3200,3250,3300,3350,3400,3450,3500,3550,3600,3650,3700,3750,3800,3850,3900,3950,4000,4050,4100,4150,4200,4250,4300,4350,4400,4450,4500,4550,4600,4650,4700,4750,4800,4850,4900,4950,5000,5050,5100,5150,5200,5250,5300,5350,5400,5450,5500,5550,5600,5650,5700,5750,5800,5850,5900,5950,6000,6050,6100,6150,6200,6250,6300,6350,6400,6450,6500,6550,6600,6650,6700,6750,6800,6850,6900,6950,7000,7050,7100,7150,7200,7250,7300,7350,7400,7450,7500,7550,7600,7650,7700,7750,7800,7850,7900,7950,8000,8050,8100,8150,8200,8250,8300,8350,8400,8450,8500,8550,8600,8650,8700,8750,8800,8850,8900,8950,9000,9050,9100,9150,9200,9250,9300,9350,9400,9450,9500,9550,9600,9650,9700,9750,9800,9850,9900,9950,10000,10050,10100,10150,10200,10250,10300,10350,10400,10450,10500,10550,10600,10650,10700,10750,10800,10850,10900,10950,11000,11050,11100,11150,11200,11250,11300,11350,11400,11450,11500,11550,11600,11650,11700,11750,11800,11850,11900,11950,12000,12050,12100,12150,12200,12250,12300,12350,12400,12450,12500,12550,12600,12650,12700,12750,12800,12850,12900,12950,13000,13050,13100,13150,13200,13250,13300,13350,13400,13450,13500,13550,13600,13650,13700,13750,13800,13850,13900,13950,14000,14050,14100,14150,14200,14250,14300,14350,14400,14450,14500,14550,14600,14650,14700,14750,14800,14850,14900,14950,15000,15050,15100,15150,15200,15250,15300,15350,15400,15450,15500,15550,15600,15650,15700,15750,15800,15850,15900,15950,16000,16050,16100,16150,16200,16250,16300,16350,16400,16450,16500,16550,16600,16650,16700,16750,16800,16850,16900,16950,17000,17050,17100,17150,17200,17250,17300,17350,17400,17450,17500,17550,17600,17650,17700,17750,17800,17850,17900,17950,18000,18050,18100,18150,18200,18250,18300,18350,18400,18450,18500,18550,18600,18650,18700,18750,18800,18850,18900,18950,19000,19050,19100,19150,19200,19250,19300,19350,19400,19450,19500,19550,19600,19650,19700,19750,19800,19850,19900,19950,20000,20050,20100,20150,20200,20250,20300,20350,20400,20450,20500,20550,20600,20650,20700,20750,20800,20850,20900,20950,21000,21050,21100,21150,21200,21250,21300,21350,21400,21450,21500,21550,21600,21650,21700,21750,21800,21850,21900,21950,22000,22050,22100,22150,22200,22250,22300,22350,22400,22450,22500,22550,22600,22650,22700,22750,22800,22850,22900,22950,23000,23050,23100,23150,23200,23250,23300,23350,23400,23450,23500,23550,23600,23650,23700,23750,23800,23850,23900,23950,24000,24050,24100,24150,24200,24250,24300,24350,24400,24450,24500,24550,24600,24650,24700,24750,24800,24850,24900,24950,25000,25050,25100,25150,25200,25250,25300,25350,25400,25450,25500,25550,25600,25650,25700,25750,25800,25850,25900,25950,26000,26050,26100,26150,26200,26250,26300,26350,26400,26450,26500,26550,26600,26650,26700,26750,26800,26850,26900,26950,27000,27050,27100,27150,27200,27250,27300,27350,27400,27450,27500,27550,27600,27650,27700,27750,27800,27850,27900,27950,28000,28050,28100,28150,28200,28250,28300,28350,28400,28450,28500,28550,28600,28650,28700,28750,28800,28850,28900,28950,29000,29050,29100,29150,29200,29250,29300,29350,29400,29450,29500,29550,29600,29650,29700,29750,29800,29850,29900,29950,30000,30050,30100,30150,30200,30250,30300,30350,30400,30450,30500,30550,30600,30650,30700,30750,30800,30850,30900,30950,31000,31050,31100,31150,31200,31250,31300,31350,31400,31450,31500,31550,31600,31650,31700,31750,31800,31850,31900,31950,32000,32050,32100,32150,32200,32250,32300,32350,32400,32450,32500,32550,32600,32650,32700,32750,32800,32850,32900,32950,33000,33050,33100,33150,33200,33250,33300,33350,33400,33450,33500,33550,33600,33650,33700,33750,33800,33850,33900,33950,34000,34050,34100,34150,34200,34250,34300,34350,34400,34450,34500,34550,34600,34650,34700,34750,34800,34850,34900,34950,35000,35050,35100,35150,35200,35250,35300,35350,35400,35450,35500,35550,35600,35650,35700,35750,35800,35850,35900,35950,36000,36050,36100,36150,36200,36250,36300,36350,36400,36450,36500,36550,36600,36650,36700,36750,36800,36850,36900,36950,37000,37050,37100,37150,37200,37250,37300,37350,37400,37450,37500,37550,37600,37650,37700,37750,37800,37850,37900,37950,38000,38050,38100,38150,38200,38250,38300,38350,38400,38450,38500,38550,38600,38650,38700,38750,38800,38850,38900,38950,39000,39050,39100,39150,39200,39250,39300,39350,39400,39450,39500,39550,39600,39650,39700,39750,39800,39850,39900,39950,40000,40050,40100,40150,40200,40250,40300,40350,40400,40450,40500,40550,40600,40650,40700,40750,40800,40850,40900,40950,41000,41050,41100,41150,41200,41250,41300,41350,41400,41450,41500,41550,41600,41650,41700,41750,41800,41850,41900,41950,42000,42050,42100,42150,42200,42250,42300,42350,42400,42450,42500,42550,42600,42650,42700,42750,42800,42850,42900,42950,43000,43050,43100,43150,43200,43250,43300,43350,43400,43450,43500,43550,43600,43650,43700,43750,43800,43850,43900,43950,44000,44050,44100,44150,44200,44250,44300,44350,44400,44450,44500,44550,44600,44650,44700,44750,44800,44850,44900,44950,45000,45050,45100,45150,45200,45250,45300,45350,45400,45450,45500,45550,45600,45650,45700,45750,45800,45850,45900,45950,46000,46050,46100,46150,46200,46250,46300,46350,46400,46450,46500,46550,46600,46650,46700,46750,46800,46850,46900,46950,47000,47050,47100,47150,47200,47250,47300,47350,47400,47450,47500,47550,47600,47650,47700,47750,47800,47850,47900,47950,48000,48050,48100,48150,48200,48250,48300,48350,48400,48450,48500,48550,48600,48650,48700,48750,48800,48850,48900,48950,49000,49050,49100,49150,49200,49250,49300,49350,49400,49450,49500,49550,49600,49650,49700,49750,49800,49850,49900,49950,50000
n_training_steps_elapsed,5000,10000,15000,20000,25000,30000,35000,40000,45000,50000,55000,60000,65000,70000,75000,80000,85000,90000,95000,100000,105000,110000,115000,120000,125000,130000,135000,140000,145000,150000,155000,160000,165000,170000,175000,180000,185000,190000,195000,200000,205000,210000,215000,220000,225000,230000,235000,240000,245000,250000,255000,260000,265000,270000,275000,280000,285000,290000,295000,300000,305000,310000,315000,320000,325000,330000,335000,340000,345000,350000,355000,360000,365000,370000,375000,380000,385000,390000,395000,400000,405000,410000,415000,420000,425000,430000,435000,440000,445000,450000,455000,460000,465000,470000,475000,480000,485000,490000,495000,500000,505000,510000,515000,520000,525000,530000,535000,540000,545000,550000,555000,560000,565000,570000,575000,580000,585000,590000,595000,600000,605000,610000,615000,620000,625000,630000,635000,640000,645000,650000,655000,660000,665000,670000,675000,680000,685000,690000,695000,700000,705000,710000,715000,720000,725000,730000,735000,740000,745000,750000,755000,760000,765000,770000,775000,780000,785000,790000,795000,800000,805000,810000,815000,820000,825000,830000,835000,840000,845000,850000,855000,860000,865000,870000,875000,880000,885000,890000,895000,900000,905000,910000,915000,920000,925000,930000,935000,940000,945000,950000,955000,960000,965000,970000,975000,980000,985000,990000,995000,1000000,1005000,1010000,1015000,1020000,1025000,1030000,1035000,1040000,1045000,1050000,1055000,1060000,1065000,1070000,1075000,1080000,1085000,1090000,1095000,1100000,1105000,1110000,1115000,1120000,1125000,1130000,1135000,1140000,1145000,1150000,1155000,1160000,1165000,1170000,1175000,1180000,1185000,1190000,1195000,1200000,1205000,1210000,1215000,1220000,1225000,1230000,1235000,1240000,1245000,1250000,1255000,1260000,1265000,1270000,1275000,1280000,1285000,1290000,1295000,1300000,1305000,1310000,1315000,1320000,1325000,1330000,1335000,1340000,1345000,1350000,1355000,1360000,1365000,1370000,1375000,1380000,1385000,1390000,1395000,1400000,1405000,1410000,1415000,1420000,1425000,1430000,1435000,1440000,1445000,1450000,1455000,1460000,1465000,1470000,1475000,1480000,1485000,1490000,1495000,1500000,1505000,1510000,1515000,1520000,1525000,1530000,1535000,1540000,1545000,1550000,1555000,1560000,1565000,1570000,1575000,1580000,1585000,1590000,1595000,1600000,1605000,1610000,1615000,1620000,1625000,1630000,1635000,1640000,1645000,1650000,1655000,1660000,1665000,1670000,1675000,1680000,1685000,1690000,1695000,1700000,1705000,1710000,1715000,1720000,1725000,1730000,1735000,1740000,1745000,1750000,1755000,1760000,1765000,1770000,1775000,1780000,1785000,1790000,1795000,1800000,1805000,1810000,1815000,1820000,1825000,1830000,1835000,1840000,1845000,1850000,1855000,1860000,1865000,1870000,1875000,1880000,1885000,1890000,1895000,1900000,1905000,1910000,1915000,1920000,1925000,1930000,1935000,1940000,1945000,1950000,1955000,1960000,1965000,1970000,1975000,1980000,1985000,1990000,1995000,2000000,2005000,2010000,2015000,2020000,2025000,2030000,2035000,2040000,2045000,2050000,2055000,2060000,2065000,2070000,2075000,2080000,2085000,2090000,2095000,2100000,2105000,2110000,2115000,2120000,2125000,2130000,2135000,2140000,2145000,2150000,2155000,2160000,2165000,2170000,2175000,2180000,2185000,2190000,2195000,2200000,2205000,2210000,2215000,2220000,2225000,2230000,2235000,2240000,2245000,2250000,2255000,2260000,2265000,2270000,2275000,2280000,2285000,2290000,2295000,2300000,2305000,2310000,2315000,2320000,2325000,2330000,2335000,2340000,2345000,2350000,2355000,2360000,2365000,2370000,2375000,2380000,2385000,2390000,2395000,2400000,2405000,2410000,2415000,2420000,2425000,2430000,2435000,2440000,2445000,2450000,2455000,2460000,2465000,2470000,2475000,2480000,2485000,2490000,2495000,2500000,2505000,2510000,2515000,2520000,2525000,2530000,2535000,2540000,2545000,2550000,2555000,2560000,2565000,2570000,2575000,2580000,2585000,2590000,2595000,2600000,2605000,2610000,2615000,2620000,2625000,2630000,2635000,2640000,2645000,2650000,2655000,2660000,2665000,2670000,2675000,2680000,2685000,2690000,2695000,2700000,2705000,2710000,2715000,2720000,2725000,2730000,2735000,2740000,2745000,2750000,2755000,2760000,2765000,2770000,2775000,2780000,2785000,2790000,2795000,2800000,2805000,2810000,2815000,2820000,2825000,2830000,2835000,2840000,2845000,2850000,2855000,2860000,2865000,2870000,2875000,2880000,2885000,2890000,2895000,2900000,2905000,2910000,2915000,2920000,2925000,2930000,2935000,2940000,2945000,2950000,2955000,2960000,2965000,2970000,2975000,2980000,2985000,2990000,2995000,3000000,3005000,3010000,3015000,3020000,3025000,3030000,3035000,3040000,3045000,3050000,3055000,3060000,3065000,3070000,3075000,3080000,3085000,3090000,3095000,3100000,3105000,3110000,3115000,3120000,3125000,3130000,3135000,3140000,3145000,3150000,3155000,3160000,3165000,3170000,3175000,3180000,3185000,3190000,3195000,3200000,3205000,3210000,3215000,3220000,3225000,3230000,3235000,3240000,3245000,3250000,3255000,3260000,3265000,3270000,3275000,3280000,3285000,3290000,3295000,3300000,3305000,3310000,3315000,3320000,3325000,3330000,3335000,3340000,3345000,3350000,3355000,3360000,3365000,3370000,3375000,3380000,3385000,3390000,3395000,3400000,3405000,3410000,3415000,3420000,3425000,3430000,3435000,3440000,3445000,3450000,3455000,3460000,3465000,3470000,3475000,3480000,3485000,3490000,3495000,3500000,3505000,3510000,3515000,3520000,3525000,3530000,3535000,3540000,3545000,3550000,3555000,3560000,3565000,3570000,3575000,3580000,3585000,3590000,3595000,3600000,3605000,3610000,3615000,3620000,3625000,3630000,3635000,3640000,3645000,3650000,3655000,3660000,3665000,3670000,3675000,3680000,3685000,3690000,3695000,3700000,3705000,3710000,3715000,3720000,3725000,3730000,3735000,3740000,3745000,3750000,3755000,3760000,3765000,3770000,3775000,3780000,3785000,3790000,3795000,3800000,3805000,3810000,3815000,3820000,3825000,3830000,3835000,3840000,3845000,3850000,3855000,3860000,3865000,3870000,3875000,3880000,3885000,3890000,3895000,3900000,3905000,3910000,3915000,3920000,3925000,3930000,3935000,3940000,3945000,3950000,3955000,3960000,3965000,3970000,3975000,3980000,3985000,3990000,3995000,4000000,4005000,4010000,4015000,4020000,4025000,4030000,4035000,4040000,4045000,4050000,4055000,4060000,4065000,4070000,4075000,4080000,4085000,4090000,4095000,4100000,4105000,4110000,4115000,4120000,4125000,4130000,4135000,4140000,4145000,4150000,4155000,4160000,4165000,4170000,4175000,4180000,4185000,4190000,4195000,4200000,4205000,4210000,4215000,4220000,4225000,4230000,4235000,4240000,4245000,4250000,4255000,4260000,4265000,4270000,4275000,4280000,4285000,4290000,4295000,4300000,4305000,4310000,4315000,4320000,4325000,4330000,4335000,4340000,4345000,4350000,4355000,4360000,4365000,4370000,4375000,4380000,4385000,4390000,4395000,4400000,4405000,4410000,4415000,4420000,4425000,4430000,4435000,4440000,4445000,4450000,4455000,4460000,4465000,4470000,4475000,4480000,4485000,4490000,4495000,4500000,4505000,4510000,4515000,4520000,4525000,4530000,4535000,4540000,4545000,4550000,4555000,4560000,4565000,4570000,4575000,4580000,4585000,4590000,4595000,4600000,4605000,4610000,4615000,4620000,4625000,4630000,4635000,4640000,4645000,4650000,4655000,4660000,4665000,4670000,4675000,4680000,4685000,4690000,4695000,4700000,4705000,4710000,4715000,4720000,4725000,4730000,4735000,4740000,4745000,4750000,4755000,4760000,4765000,4770000,4775000,4780000,4785000,4790000,4795000,4800000,4805000,4810000,4815000,4820000,4825000,4830000,4835000,4840000,4845000,4850000,4855000,4860000,4865000,4870000,4875000,4880000,4885000,4890000,4895000,4900000,4905000,4910000,4915000,4920000,4925000,4930000,4935000,4940000,4945000,4950000,4955000,4960000,4965000,4970000,4975000,4980000,4985000,4990000,4995000,5000000
max_expected_returns,86.80555555555577,86.80555555555577,86.80555555555577,86.80555555555577,86.80555555555577,86.80555555555577,86.80555555555577,86.80555555555577,86.80555555555577,86.80555555555577,86.80555555555577,86.80555555555577,86.80555555555577,86.80555555555577,86.80555555555577,86.80555555555577,86.80555555555577,86.80555555555577,86.80555555555577,86.80555555555577,86.80555555555577,86.80555555555577,86.80555555555577,86.80555555555577,86.80555555555577,86.80555555555577,86.80555555555577,86.80555555555577,86.80555555555577,86.80555555555577,86.80555555555577,86.80555555555577,86.80555555555577,86.80555555555577,86.80555555555577,86.80555555555577,86.80555555555577,86.80555555555577,86.80555555555577,86.80555555555577,86.80555555555577,86.80555555555577,86.80555555555577,86.80555555555577,86.80555555555577,86.80555555555577,86.80555555555577,86.80555555555577,86.80555555555577,86.80555555555577,86.80555555555577,86.80555555555577,86.80555555555577,86.80555555555577,86.80555555555577,86.80555555555577,86.80555555555577,86.80555555555577,86.80555555555577,86.80555555555577,86.80555555555577,86.80555555555577,86.80555555555577,86.80555555555577,86.80555555555577,86.80555555555577,86.80555555555577,86.80555555555577,86.80555555555577,86.80555555555577,86.80555555555577,86.80555555555577,86.80555555555577,86.80555555555577,86.80555555555577,86.80555555555577,86.80555555555577,86.80555555555577,86.80555555555577,86.80555555555577,86.80555555555577,86.80555555555577,86.80555555555577,86.80555555555577,86.80555555555577,86.80555555555577,86.80555555555577,86.80555555555577,86.80555555555577,86.80555555555577,86.80555555555577,86.80555555555577,86.80555555555577,86.80555555555577,86.80555555555577,86.80555555555577,86.80555555555577,86.80555555555577,86.80555555555577,86.80555555555577,86.80555555555577,86.80555555555577,86.80555555555577,86.80555555555577,86.80555555555577,86.80555555555577,86.80555555555577,86.80555555555577,86.80555555555577,86.80555555555577,86.80555555555577,86.80555555555577,86.80555555555577,86.80555555555577,86.80555555555577,86.80555555555577,86.80555555555577,86.80555555555577,86.80555555555577,86.80555555555577,86.80555555555577,86.80555555555577,86.80555555555577,86.80555555555577,86.80555555555577,86.80555555555577,86.80555555555577,86.80555555555577,86.80555555555577,86.80555555555577,86.80555555555577,86.80555555555577,86.80555555555577,86.80555555555577,86.80555555555577,86.80555555555577,86.80555555555577,86.80555555555577,86.80555555555577,86.80555555555577,86.80555555555577,86.80555555555577,86.80555555555577,86.80555555555577,86.80555555555577,86.80555555555577,86.80555555555577,86.80555555555577,86.80555555555577,86.80555555555577,86.80555555555577,86.80555555555577,86.80555555555577,86.80555555555577,86.80555555555577,86.80555555555577,86.80555555555577,86.80555555555577,86.80555555555577,86.80555555555577,86.80555555555577,86.80555555555577,86.80555555555577,86.80555555555577,86.80555555555577,86.80555555555577,86.80555555555577,86.80555555555577,86.80555555555577,86.80555555555577,86.80555555555577,86.80555555555577,86.80555555555577,86.80555555555577,86.80555555555577,86.80555555555577,86.80555555555577,86.80555555555577,86.80555555555577,86.80555555555577,86.80555555555577,86.80555555555577,86.80555555555577,86.80555555555577,86.80555555555577,86.80555555555577,86.80555555555577,86.80555555555577,86.80555555555577,86.80555555555577,86.80555555555577,86.80555555555577,86.80555555555577,86.80555555555577,86.80555555555577,86.80555555555577,86.80555555555577,86.80555555555577,86.80555555555577,86.80555555555577,86.80555555555577,86.80555555555577,86.80555555555577,86.80555555555577,86.80555555555577,86.80555555555577,86.80555555555577,86.80555555555577,86.80555555555577,86.80555555555577,86.80555555555577,86.80555555555577,86.80555555555577,86.80555555555577,86.80555555555577,86.80555555555577,86.80555555555577,86.80555555555577,86.80555555555577,86.80555555555577,86.80555555555577,86.80555555555577,86.80555555555577,86.80555555555577,86.80555555555577,86.80555555555577,86.80555555555577,86.80555555555577,86.80555555555577,86.80555555555577,86.80555555555577,86.80555555555577,86.80555555555577,86.80555555555577,86.80555555555577,86.80555555555577,86.80555555555577,86.80555555555577,86.80555555555577,86.80555555555577,86.80555555555577,86.80555555555577,86.80555555555577,86.80555555555577,86.80555555555577,86.80555555555577,86.80555555555577,86.80555555555577,86.80555555555577,86.80555555555577,86.80555555555577,86.80555555555577,86.80555555555577,86.80555555555577,86.80555555555577,86.80555555555577,86.80555555555577,86.80555555555577,86.80555555555577,86.80555555555577,86.80555555555577,86.80555555555577,86.80555555555577,86.80555555555577,86.80555555555577,86.80555555555577,86.80555555555577,86.80555555555577,86.80555555555577,86.80555555555577,86.80555555555577,86.80555555555577,86.80555555555577,86.80555555555577,86.80555555555577,86.80555555555577,86.80555555555577,86.80555555555577,86.80555555555577,86.80555555555577,86.80555555555577,86.80555555555577,86.80555555555577,86.80555555555577,86.80555555555577,86.80555555555577,86.80555555555577,86.80555555555577,86.80555555555577,86.80555555555577,86.80555555555577,86.80555555555577,86.80555555555577,86.80555555555577,86.80555555555577,86.80555555555577,86.80555555555577,86.80555555555577,86.80555555555577,86.80555555555577,86.80555555555577,86.80555555555577,86.80555555555577,86.80555555555577,86.80555555555577,86.80555555555577,86.80555555555577,86.80555555555577,86.80555555555577,86.80555555555577,86.80555555555577,86.80555555555577,86.80555555555577,86.80555555555577,86.80555555555577,86.80555555555577,86.80555555555577,86.80555555555577,86.80555555555577,86.80555555555577,86.80555555555577,86.80555555555577,86.80555555555577,86.80555555555577,86.80555555555577,86.80555555555577,86.80555555555577,86.80555555555577,86.80555555555577,86.80555555555577,86.80555555555577,86.80555555555577,86.80555555555577,86.80555555555577,86.80555555555577,86.80555555555577,86.80555555555577,86.80555555555577,86.80555555555577,86.80555555555577,86.80555555555577,86.80555555555577,86.80555555555577,86.80555555555577,86.80555555555577,86.80555555555577,86.80555555555577,86.80555555555577,86.80555555555577,86.80555555555577,86.80555555555577,86.80555555555577,86.80555555555577,86.80555555555577,86.80555555555577,86.80555555555577,86.80555555555577,86.80555555555577,86.80555555555577,86.80555555555577,86.80555555555577,86.80555555555577,86.80555555555577,86.80555555555577,86.80555555555577,86.80555555555577,86.80555555555577,86.80555555555577,86.80555555555577,86.80555555555577,86.80555555555577,86.80555555555577,86.80555555555577,86.80555555555577,86.80555555555577,86.80555555555577,86.80555555555577,86.80555555555577,86.80555555555577,86.80555555555577,86.80555555555577,86.80555555555577,86.80555555555577,86.80555555555577,86.80555555555577,86.80555555555577,86.80555555555577,86.80555555555577,86.80555555555577,86.80555555555577,86.80555555555577,86.80555555555577,86.80555555555577,86.80555555555577,86.80555555555577,86.80555555555577,86.80555555555577,86.80555555555577,86.80555555555577,86.80555555555577,86.80555555555577,86.80555555555577,86.80555555555577,86.80555555555577,86.80555555555577,86.80555555555577,86.80555555555577,86.80555555555577,86.80555555555577,86.80555555555577,86.80555555555577,86.80555555555577,86.80555555555577,86.80555555555577,86.80555555555577,86.80555555555577,86.80555555555577,86.80555555555577,86.80555555555577,86.80555555555577,86.80555555555577,86.80555555555577,86.80555555555577,86.80555555555577,86.80555555555577,86.80555555555577,86.80555555555577,86.80555555555577,86.80555555555577,86.80555555555577,86.80555555555577,86.80555555555577,86.80555555555577,86.80555555555577,86.80555555555577,86.80555555555577,86.80555555555577,86.80555555555577,86.80555555555577,86.80555555555577,86.80555555555577,86.80555555555577,86.80555555555577,86.80555555555577,86.80555555555577,86.80555555555577,86.80555555555577,86.80555555555577,86.80555555555577,86.80555555555577,86.80555555555577,86.80555555555577,86.80555555555577,86.80555555555577,86.80555555555577,86.80555555555577,86.80555555555577,86.80555555555577,86.80555555555577,86.80555555555577,86.80555555555577,86.80555555555577,86.80555555555577,86.80555555555577,86.80555555555577,86.80555555555577,86.80555555555577,86.80555555555577,86.80555555555577,86.80555555555577,86.80555555555577,86.80555555555577,86.80555555555577,86.80555555555577,86.80555555555577,86.80555555555577,86.80555555555577,86.80555555555577,86.80555555555577,86.80555555555577,86.80555555555577,86.80555555555577,86.80555555555577,86.80555555555577,86.80555555555577,86.80555555555577,86.80555555555577,86.80555555555577,86.80555555555577,86.80555555555577,86.80555555555577,86.80555555555577,86.80555555555577,86.80555555555577,86.80555555555577,86.80555555555577,86.80555555555577,86.80555555555577,86.80555555555577,86.80555555555577,86.80555555555577,86.80555555555577,86.80555555555577,86.80555555555577,86.80555555555577,86.80555555555577,86.80555555555577,86.80555555555577,86.80555555555577,86.80555555555577,86.80555555555577,86.80555555555577,86.80555555555577,86.80555555555577,86.80555555555577,86.80555555555577,86.80555555555577,86.80555555555577,86.80555555555577,86.80555555555577,86.80555555555577,86.80555555555577,86.80555555555577,86.80555555555577,86.80555555555577,86.80555555555577,86.80555555555577,86.80555555555577,86.80555555555577,86.80555555555577,86.80555555555577,86.80555555555577,86.80555555555577,86.80555555555577,86.80555555555577,86.80555555555577,86.80555555555577,86.80555555555577,86.80555555555577,86.80555555555577,86.80555555555577,86.80555555555577,86.80555555555577,86.80555555555577,86.80555555555577,86.80555555555577,86.80555555555577,86.80555555555577,86.80555555555577,86.80555555555577,86.80555555555577,86.80555555555577,86.80555555555577,86.80555555555577,86.80555555555577,86.80555555555577,86.80555555555577,86.80555555555577,86.80555555555577,86.80555555555577,86.80555555555577,86.80555555555577,86.80555555555577,86.80555555555577,86.80555555555577,86.80555555555577,86.80555555555577,86.80555555555577,86.80555555555577,86.80555555555577,86.80555555555577,86.80555555555577,86.80555555555577,86.80555555555577,86.80555555555577,86.80555555555577,86.80555555555577,86.80555555555577,86.80555555555577,86.80555555555577,86.80555555555577,86.80555555555577,86.80555555555577,86.80555555555577,86.80555555555577,86.80555555555577,86.80555555555577,86.80555555555577,86.80555555555577,86.80555555555577,86.80555555555577,86.80555555555577,86.80555555555577,86.80555555555577,86.80555555555577,86.80555555555577,86.80555555555577,86.80555555555577,86.80555555555577,86.80555555555577,86.80555555555577,86.80555555555577,86.80555555555577,86.80555555555577,86.80555555555577,86.80555555555577,86.80555555555577,86.80555555555577,86.80555555555577,86.80555555555577,86.80555555555577,86.80555555555577,86.80555555555577,86.80555555555577,86.80555555555577,86.80555555555577,86.80555555555577,86.80555555555577,86.80555555555577,86.80555555555577,86.80555555555577,86.80555555555577,86.80555555555577,86.80555555555577,86.80555555555577,86.80555555555577,86.80555555555577,86.80555555555577,86.80555555555577,86.80555555555577,86.80555555555577,86.80555555555577,86.80555555555577,86.80555555555577,86.80555555555577,86.80555555555577,86.80555555555577,86.80555555555577,86.80555555555577,86.80555555555577,86.80555555555577,86.80555555555577,86.80555555555577,86.80555555555577,86.80555555555577,86.80555555555577,86.80555555555577,86.80555555555577,86.80555555555577,86.80555555555577,86.80555555555577,86.80555555555577,86.80555555555577,86.80555555555577,86.80555555555577,86.80555555555577,86.80555555555577,86.80555555555577,86.80555555555577,86.80555555555577,86.80555555555577,86.80555555555577,86.80555555555577,86.80555555555577,86.80555555555577,86.80555555555577,86.80555555555577,86.80555555555577,86.80555555555577,86.80555555555577,86.80555555555577,86.80555555555577,86.80555555555577,86.80555555555577,86.80555555555577,86.80555555555577,86.80555555555577,86.80555555555577,86.80555555555577,86.80555555555577,86.80555555555577,86.80555555555577,86.80555555555577,86.80555555555577,86.80555555555577,86.80555555555577,86.80555555555577,86.80555555555577,86.80555555555577,86.80555555555577,86.80555555555577,86.80555555555577,86.80555555555577,86.80555555555577,86.80555555555577,86.80555555555577,86.80555555555577,86.80555555555577,86.80555555555577,86.80555555555577,86.80555555555577,86.80555555555577,86.80555555555577,86.80555555555577,86.80555555555577,86.80555555555577,86.80555555555577,86.80555555555577,86.80555555555577,86.80555555555577,86.80555555555577,86.80555555555577,86.80555555555577,86.80555555555577,86.80555555555577,86.80555555555577,86.80555555555577,86.80555555555577,86.80555555555577,86.80555555555577,86.80555555555577,86.80555555555577,86.80555555555577,86.80555555555577,86.80555555555577,86.80555555555577,86.80555555555577,86.80555555555577,86.80555555555577,86.80555555555577,86.80555555555577,86.80555555555577,86.80555555555577,86.80555555555577,86.80555555555577,86.80555555555577,86.80555555555577,86.80555555555577,86.80555555555577,86.80555555555577,86.80555555555577,86.80555555555577,86.80555555555577,86.80555555555577,86.80555555555577,86.80555555555577,86.80555555555577,86.80555555555577,86.80555555555577,86.80555555555577,86.80555555555577,86.80555555555577,86.80555555555577,86.80555555555577,86.80555555555577,86.80555555555577,86.80555555555577,86.80555555555577,86.80555555555577,86.80555555555577,86.80555555555577,86.80555555555577,86.80555555555577,86.80555555555577,86.80555555555577,86.80555555555577,86.80555555555577,86.80555555555577,86.80555555555577,86.80555555555577,86.80555555555577,86.80555555555577,86.80555555555577,86.80555555555577,86.80555555555577,86.80555555555577,86.80555555555577,86.80555555555577,86.80555555555577,86.80555555555577,86.80555555555577,86.80555555555577,86.80555555555577,86.80555555555577,86.80555555555577,86.80555555555577,86.80555555555577,86.80555555555577,86.80555555555577,86.80555555555577,86.80555555555577,86.80555555555577,86.80555555555577,86.80555555555577,86.80555555555577,86.80555555555577,86.80555555555577,86.80555555555577,86.80555555555577,86.80555555555577,86.80555555555577,86.80555555555577,86.80555555555577,86.80555555555577,86.80555555555577,86.80555555555577,86.80555555555577,86.80555555555577,86.80555555555577,86.80555555555577,86.80555555555577,86.80555555555577,86.80555555555577,86.80555555555577,86.80555555555577,86.80555555555577,86.80555555555577,86.80555555555577,86.80555555555577,86.80555555555577,86.80555555555577,86.80555555555577,86.80555555555577,86.80555555555577,86.80555555555577,86.80555555555577,86.80555555555577,86.80555555555577,86.80555555555577,86.80555555555577,86.80555555555577,86.80555555555577,86.80555555555577,86.80555555555577,86.80555555555577,86.80555555555577,86.80555555555577,86.80555555555577,86.80555555555577,86.80555555555577,86.80555555555577,86.80555555555577,86.80555555555577,86.80555555555577,86.80555555555577,86.80555555555577,86.80555555555577,86.80555555555577,86.80555555555577,86.80555555555577,86.80555555555577,86.80555555555577,86.80555555555577,86.80555555555577,86.80555555555577,86.80555555555577,86.80555555555577,86.80555555555577,86.80555555555577,86.80555555555577,86.80555555555577,86.80555555555577,86.80555555555577,86.80555555555577,86.80555555555577,86.80555555555577,86.80555555555577,86.80555555555577,86.80555555555577,86.80555555555577,86.80555555555577,86.80555555555577,86.80555555555577,86.80555555555577,86.80555555555577,86.80555555555577,86.80555555555577,86.80555555555577,86.80555555555577,86.80555555555577,86.80555555555577,86.80555555555577,86.80555555555577,86.80555555555577,86.80555555555577,86.80555555555577,86.80555555555577,86.80555555555577,86.80555555555577,86.80555555555577,86.80555555555577,86.80555555555577,86.80555555555577,86.80555555555577,86.80555555555577,86.80555555555577,86.80555555555577,86.80555555555577,86.80555555555577,86.80555555555577,86.80555555555577,86.80555555555577,86.80555555555577,86.80555555555577,86.80555555555577,86.80555555555577,86.80555555555577,86.80555555555577,86.80555555555577,86.80555555555577,86.80555555555577,86.80555555555577,86.80555555555577,86.80555555555577,86.80555555555577,86.80555555555577,86.80555555555577,86.80555555555577,86.80555555555577,86.80555555555577,86.80555555555577,86.80555555555577,86.80555555555577,86.80555555555577,86.80555555555577,86.80555555555577,86.80555555555577,86.80555555555577,86.80555555555577,86.80555555555577,86.80555555555577,86.80555555555577,86.80555555555577,86.80555555555577,86.80555555555577,86.80555555555577,86.80555555555577,86.80555555555577,86.80555555555577,86.80555555555577,86.80555555555577,86.80555555555577,86.80555555555577,86.80555555555577,86.80555555555577,86.80555555555577,86.80555555555577,86.80555555555577,86.80555555555577,86.80555555555577,86.80555555555577,86.80555555555577,86.80555555555577,86.80555555555577,86.80555555555577,86.80555555555577,86.80555555555577,86.80555555555577,86.80555555555577,86.80555555555577,86.80555555555577,86.80555555555577,86.80555555555577,86.80555555555577,86.80555555555577,86.80555555555577,86.80555555555577,86.80555555555577,86.80555555555577,86.80555555555577,86.80555555555577,86.80555555555577,86.80555555555577,86.80555555555577,86.80555555555577,86.80555555555577,86.80555555555577,86.80555555555577,86.80555555555577,86.80555555555577,86.80555555555577,86.80555555555577,86.80555555555577,86.80555555555577,86.80555555555577,86.80555555555577,86.80555555555577,86.80555555555577,86.80555555555577,86.80555555555577,86.80555555555577,86.80555555555577,86.80555555555577,86.80555555555577,86.80555555555577,86.80555555555577,86.80555555555577,86.80555555555577,86.80555555555577,86.80555555555577
scores,0.0,67.0,84.0,78.0,75.0,35.0,90.0,90.0,100.0,13.0,77.0,95.0,95.0,65.0,90.0,76.0,84.0,93.0,39.0,34.0,31.0,4.0,86.0,73.0,91.0,76.0,58.0,63.0,40.0,74.0,86.0,84.0,86.0,67.0,87.0,64.0,81.0,54.0,87.0,53.0,65.0,75.0,81.0,93.0,83.0,93.0,23.0,83.0,84.0,30.0,74.0,79.0,49.0,88.0,83.0,85.0,83.0,86.0,81.0,79.0,51.0,68.0,58.0,94.0,80.0,93.0,77.0,72.0,85.0,11.0,43.0,89.0,75.0,18.0,77.0,71.0,86.0,79.0,84.0,81.0,81.0,76.0,81.0,91.0,79.0,58.0,85.0,37.0,65.0,84.0,79.0,72.0,80.0,66.0,77.0,73.0,68.0,84.0,34.0,79.0,80.0,66.0,66.0,55.0,60.0,87.0,90.0,72.0,52.0,62.0,70.0,80.0,81.0,80.0,62.0,77.0,88.0,75.0,78.0,69.0,79.0,78.0,75.0,80.0,75.0,99.0,81.0,84.0,76.0,70.0,72.0,80.0,71.0,74.0,91.0,48.0,65.0,89.0,79.0,69.0,82.0,41.0,77.0,90.0,59.0,75.0,50.0,63.0,80.0,84.0,82.0,84.0,82.0,88.0,84.0,40.0,80.0,88.0,80.0,77.0,44.0,76.0,81.0,81.0,79.0,86.0,63.0,76.0,89.0,80.0,76.0,86.0,72.0,81.0,70.0,80.0,83.0,84.0,77.0,75.0,80.0,86.0,76.0,69.0,85.0,79.0,63.0,62.0,73.0,83.0,83.0,76.0,77.0,84.0,77.0,84.0,46.0,75.0,79.0,85.0,64.0,67.0,40.0,84.0,86.0,98.0,85.0,69.0,85.0,66.0,87.0,76.0,85.0,85.0,92.0,80.0,73.0,78.0,73.0,79.0,81.0,69.0,58.0,88.0,82.0,80.0,86.0,80.0,58.0,81.0,70.0,71.0,80.0,74.0,78.0,80.0,89.0,62.0,82.0,63.0,88.0,72.0,86.0,72.0,58.0,79.0,88.0,70.0,86.0,70.0,77.0,80.0,81.0,84.0,75.0,77.0,78.0,86.0,79.0,78.0,80.0,90.0,73.0,71.0,79.0,64.0,74.0,83.0,91.0,78.0,85.0,83.0,81.0,81.0,72.0,79.0,84.0,73.0,75.0,56.0,85.0,69.0,76.0,82.0,69.0,69.0,85.0,79.0,80.0,80.0,52.0,69.0,80.0,81.0,72.0,92.0,78.0,65.0,71.0,82.0,64.0,81.0,67.0,69.0,70.0,83.0,67.0,81.0,67.0,81.0,87.0,75.0,75.0,88.0,81.0,86.0,76.0,83.0,81.0,80.0,77.0,88.0,75.0,82.0,74.0,73.0,55.0,86.0,80.0,80.0,46.0,78.0,80.0,61.0,83.0,65.0,88.0,75.0,91.0,86.0,75.0,84.0,74.0,85.0,66.0,85.0,84.0,76.0,68.0,80.0,83.0,81.0,78.0,80.0,82.0,63.0,79.0,77.0,77.0,81.0,77.0,80.0,82.0,84.0,82.0,78.0,82.0,82.0,92.0,77.0,79.0,69.0,80.0,72.0,59.0,78.0,81.0,80.0,79.0,82.0,75.0,76.0,80.0,82.0,70.0,80.0,84.0,66.0,84.0,74.0,81.0,76.0,83.0,74.0,78.0,77.0,85.0,86.0,80.0,71.0,85.0,81.0,86.0,66.0,74.0,68.0,87.0,78.0,89.0,73.0,82.0,62.0,78.0,81.0,66.0,77.0,72.0,85.0,62.0,87.0,83.0,71.0,83.0,82.0,81.0,81.0,74.0,82.0,77.0,76.0,88.0,81.0,77.0,83.0,63.0,81.0,85.0,86.0,81.0,72.0,76.0,80.0,85.0,75.0,77.0,65.0,68.0,86.0,76.0,79.0,76.0,79.0,83.0,76.0,87.0,78.0,69.0,80.0,73.0,82.0,80.0,81.0,84.0,78.0,76.0,84.0,64.0,84.0,80.0,89.0,74.0,82.0,81.0,72.0,77.0,74.0,80.0,86.0,75.0,78.0,75.0,84.0,83.0,83.0,75.0,83.0,72.0,70.0,79.0,83.0,77.0,76.0,82.0,75.0,84.0,79.0,65.0,82.0,79.0,82.0,67.0,83.0,73.0,79.0,79.0,83.0,76.0,60.0,77.0,80.0,81.0,80.0,85.0,78.0,88.0,79.0,77.0,80.0,62.0,74.0,88.0,72.0,81.0,86.0,86.0,70.0,78.0,84.0,71.0,81.0,81.0,87.0,64.0,75.0,88.0,82.0,81.0,81.0,90.0,83.0,83.0,77.0,77.0,84.0,82.0,79.0,83.0,76.0,66.0,86.0,93.0,84.0,66.0,74.0,78.0,74.0,82.0,79.0,79.0,87.0,81.0,75.0,80.0,85.0,81.0,80.0,71.0,83.0,78.0,77.0,81.0,56.0,77.0,77.0,82.0,75.0,77.0,79.0,76.0,88.0,82.0,79.0,80.0,79.0,73.0,81.0,77.0,71.0,67.0,74.0,81.0,82.0,75.0,80.0,84.0,83.0,67.0,81.0,80.0,84.0,83.0,77.0,80.0,80.0,77.0,70.0,90.0,75.0,85.0,80.0,81.0,67.0,85.0,78.0,83.0,78.0,75.0,74.0,75.0,64.0,87.0,75.0,79.0,80.0,79.0,81.0,73.0,85.0,79.0,81.0,81.0,84.0,78.0,79.0,73.0,86.0,73.0,62.0,84.0,77.0,86.0,81.0,82.0,72.0,84.0,81.0,82.0,77.0,79.0,79.0,78.0,80.0,77.0,85.0,79.0,81.0,85.0,78.0,83.0,75.0,83.0,81.0,75.0,77.0,78.0,81.0,70.0,77.0,76.0,79.0,81.0,77.0,83.0,80.0,92.0,82.0,74.0,84.0,78.0,71.0,82.0,79.0,84.0,82.0,71.0,77.0,82.0,80.0,81.0,76.0,80.0,75.0,83.0,70.0,77.0,78.0,84.0,83.0,80.0,69.0,86.0,68.0,81.0,78.0,74.0,80.0,73.0,76.0,71.0,84.0,81.0,82.0,87.0,85.0,78.0,83.0,82.0,80.0,83.0,82.0,83.0,87.0,76.0,75.0,83.0,83.0,81.0,72.0,89.0,79.0,76.0,83.0,70.0,75.0,87.0,83.0,86.0,80.0,80.0,85.0,80.0,78.0,82.0,75.0,82.0,74.0,80.0,81.0,83.0,76.0,82.0,71.0,87.0,76.0,79.0,76.0,75.0,83.0,86.0,82.0,82.0,71.0,80.0,81.0,85.0,73.0,82.0,86.0,78.0,70.0,76.0,78.0,81.0,87.0,79.0,76.0,79.0,86.0,74.0,86.0,63.0,78.0,75.0,77.0,84.0,79.0,77.0,81.0,78.0,78.0,84.0,70.0,76.0,84.0,78.0,80.0,82.0,78.0,79.0,82.0,90.0,79.0,87.0,89.0,83.0,75.0,80.0,78.0,82.0,72.0,81.0,76.0,78.0,84.0,72.0,76.0,75.0,82.0,76.0,87.0,75.0,82.0,77.0,79.0,71.0,81.0,76.0,83.0,83.0,79.0,75.0,79.0,78.0,75.0,78.0,81.0,78.0,83.0,81.0,78.0,85.0,79.0,81.0,75.0,78.0,70.0,78.0,68.0,77.0,76.0,76.0,79.0,87.0,80.0,72.0,81.0,82.0,75.0,78.0,66.0,83.0,81.0,79.0,78.0,80.0,78.0,79.0,84.0,79.0,79.0,81.0,79.0,87.0,82.0,81.0,73.0,88.0,80.0,71.0,78.0,78.0,79.0,66.0,86.0,82.0,69.0,83.0,85.0,84.0,76.0,79.0,74.0,75.0,76.0,82.0,80.0,79.0,81.0,78.0,80.0,79.0,75.0,78.0,72.0,79.0,81.0,84.0,72.0,87.0,88.0,80.0,88.0,82.0,81.0,81.0,81.0,81.0,81.0,84.0,81.0,79.0,84.0,68.0,86.0,81.0,79.0,74.0,82.0,80.0,83.0,76.0,76.0,80.0,76.0,74.0,80.0,73.0,80.0,78.0,72.0,71.0,83.0,72.0,81.0,74.0,78.0,75.0,80.0,72.0,83.0,77.0,79.0,79.0,80.0,88.0,83.0,86.0,76.0,69.0,79.0,84.0,82.0,88.0,79.0,79.0,77.0,87.0,79.0,84.0,78.0,85.0,78.0,74.0,84.0,80.0,87.0,71.0,81.0,71.0,75.0,81.0,87.0,67.0,72.0,84.0,80.0,82.0,81.0,68.0,79.0,84.0,83.0,80.0,74.0,86.0,82.0,87.0,78.0,85.0,85.0
expected_returns,0.3234415348974342,83.19734556297544,78.58016819247652,86.56882643475588,83.80101010740925,41.31577086387605,83.69402332148819,84.15312700319834,82.58737238852787,12.305511918879597,73.72450251995713,86.71360277810952,86.53258324709174,86.74116520211057,86.7677924399461,83.96862358131526,82.44832020597099,83.87608937517716,40.69659446097015,30.96111087671833,28.014639524997104,6.599280877319659,85.81029231281086,84.11164396037877,86.47491564045588,74.95936165603345,78.60886212145716,65.72117559385156,42.35107554470425,72.98213871616167,83.27506166662411,80.41594066559425,82.61625942138734,67.83163552767792,81.21224256678248,62.005311071539886,85.01417098793935,56.727436706636446,82.79551966055615,53.28696090931501,86.52530393347958,84.4595587786942,82.66095293684224,83.34077786699424,82.63594862805816,83.93779551455053,33.233382239561365,82.26804581844156,82.02254914409717,30.067119004893986,76.46846629191386,72.05945203337126,47.33051466154455,82.60321796319512,80.12147147095652,82.01635383440886,82.30622058293389,84.488542377451,82.63886625487011,76.84414605185296,45.988136600563294,69.52785935874093,59.90439027198893,83.26151506298511,81.64232797493311,79.96541156159958,83.15688546229752,86.26064352682705,82.63162391592482,9.581523086910561,82.26970790679741,83.09176386323944,79.72128567115003,19.644850802361844,66.852267523109,67.62980637803766,83.3819292412291,81.8751060794647,78.9054036649406,81.82282652202802,83.39382908723742,81.00275387988597,82.63137313978406,82.02556950995356,80.56720300136304,59.477971170085354,82.01152295202006,31.31254771797004,81.76885248911418,82.65803551920361,82.67460233402285,73.37355614801155,82.8503650706244,75.47065323414404,82.62164612082266,73.91844531622134,72.5323292746517,82.6084682510068,31.58137164434016,81.81492020475213,81.67235305455495,67.73329927383011,64.54868111808555,81.86440747240793,49.06294827850509,81.9653730041978,83.2188675744787,73.13982094510072,65.64959881439884,57.95832722568837,69.25111689079122,80.13619497389719,82.3099156667366,82.78068001660625,78.06922239572475,81.5846877195478,82.68981642240277,80.4091119440747,84.30731884676256,68.96525318688998,83.29610232262097,79.61143373653344,78.53135801332499,82.48382145023069,78.00253602685285,83.306494979581,78.74606680633448,83.44117559658676,75.30920100886776,74.97796193028111,75.8036845641089,75.63097643922957,69.1076849468702,84.46584402965706,83.10424503265224,53.440081702562715,59.29762840922771,82.34285842155936,82.688539555382,78.36116209294558,82.3331172579764,48.18705272272797,79.60271615790339,81.74676792684643,77.35652549788128,66.19886531302303,52.17740232393773,55.30357129645494,80.24074823459874,75.8448094040535,82.25353189618295,82.37045587269705,82.72198083688514,82.63970534664792,81.87977364067382,42.76685932657874,82.64192818693444,83.19296690156442,76.20892880857595,81.01519851026248,37.90592752919955,75.4875833422854,82.75578234061996,82.63875879226428,75.40167261642885,76.19700683005489,72.94140766917928,73.95717032934338,82.61329358341344,82.23432167118355,75.75653720414685,80.08527832213312,67.60551048309394,83.38155276842319,77.2018377614909,78.62443272939258,81.8251955449661,78.01217819692194,76.86106459753465,79.46582348079161,77.94227526391676,83.00541408730165,82.94476131754612,63.463673897150144,82.60807306026318,80.67674488278631,68.2668494655491,64.13498327401038,73.57561206118213,83.05111841962223,82.44636850637913,77.41002004766223,76.1226155315474,82.75498419800557,79.76537740309668,82.63598703138004,44.38057929178422,82.32092774976284,82.616962274181,82.15468669610821,65.07746350549951,65.5504550012875,35.054478543068065,81.07341358791331,83.30369924875657,81.27072445138086,81.46066454116698,70.52372847573191,81.31640576264233,73.21783252750996,81.53475137765874,70.3793973285444,79.75737073958618,74.82103826615423,82.92766346986042,81.2176947827091,69.38271546569058,81.90304732050637,74.36913913489443,81.75899236104861,82.67078010546275,75.61976075635712,59.67282587554435,80.47056623715127,81.5390600658991,82.33770080140663,82.8879828663928,82.49269243131536,66.47057644982313,81.96360434520716,74.88133161052693,76.92825463316095,81.29664993946773,76.11989300128623,75.83110999315977,81.89490120638668,82.52016776236499,56.51337992595333,82.05400131020072,60.18321813339242,81.00134779189054,74.91936751343452,82.13800206611619,81.1602155817439,59.9835521747462,72.30788341185281,82.29969954506026,66.98096006264144,82.63021704826353,70.34106396201143,81.90061946298941,79.34261899064906,79.35061172118014,79.4539791684707,75.3491686170721,79.2839351624845,77.36320057719222,82.65428269617749,80.44576199513074,79.678396433824,80.44252023797539,82.2309275351623,74.14557794724784,80.1569980681441,82.64405233865725,72.51256964758855,75.2812967195,79.61296617682696,81.43982946780993,72.11830313685611,82.12440454788748,81.93458544806069,82.64415616522273,82.71526447128812,79.18152164789764,75.64813452679284,82.60122253984055,70.48766990430714,73.09588291634151,52.400762782207174,82.20936419479267,62.01831645828159,70.39592170935708,80.1183783747224,75.20738776544414,73.71496886977245,82.67872926226123,82.456229043828,82.65397603692057,82.5925720532662,82.74893694841327,75.38178724603618,80.32057574155564,82.2742377024646,73.04537988687228,82.63710780573975,79.33358737615053,70.20309714404439,75.2874417262242,80.80800011290215,61.73663402719644,81.56041670601616,68.51281435787149,69.3120542962889,77.47742714096215,77.35958497343354,77.62202093015708,82.61502314770313,72.39850342739696,73.7357293334463,82.686149254748,79.97117297217062,76.05320712729839,81.0422385531952,79.72955653015947,81.02158277694511,77.03014410079818,78.93086283758878,77.04795965250928,79.03544214666542,80.2353263605255,83.09850157183033,82.01534099314414,81.54266646641467,79.372547408304,77.0517148128245,57.12685980370977,81.49990644319107,82.91293720814954,79.76097519591416,48.17115353146108,73.31384184443799,81.82384146331306,60.36919751182649,82.44773118725645,71.716749219143,80.45803785077885,73.32735315438143,82.82664501620253,82.0530478718516,74.24733547089764,81.46181064798532,73.20354526639548,82.63259377053414,62.284921015468996,78.58760243588047,79.23862920848367,77.44722166869248,82.53442718040846,79.1563282291611,82.02411074811552,82.67400805860353,76.2229210152679,79.88209050088726,81.9502564093877,66.94801763216948,76.10406898746359,78.65092529113936,77.88926789951712,80.84257332544422,81.91797802390721,82.93105733670181,81.24833140110837,79.14930570919778,76.76433611781552,78.1240228417795,82.46683117660514,78.26910615466625,81.65256624466541,70.98823990809424,80.87780099116578,76.96387854526506,82.02815470195958,67.89231200407195,74.52038668070954,79.04404855583253,81.1960667369848,77.13835682532331,81.91261636360694,80.91572752410153,77.76728369646713,76.20863353213001,77.0238599228193,77.9926615745783,79.71182339195668,82.6479092094455,76.53656437780826,71.8704224863356,82.13689225758675,75.5195221422673,81.45090529655977,82.68922271411962,81.94204259407853,77.96322452770058,77.26406270481951,81.4250634981148,82.02325760746359,81.4297514648691,79.73850614806635,75.37290407822493,83.04295238083512,79.79694260105623,81.36305948335357,68.43709611039698,71.01220871846,79.39643952582256,82.50019990675582,78.86603776855831,81.1686977270276,76.39065479708033,80.6416298570873,76.03512409213157,82.35549330046895,81.51937515768627,66.00206926716372,72.31353051870136,78.39789195542204,78.11585782307716,70.4741905145395,81.81573210221777,80.77071385710481,75.23836877774838,79.5200137287805,80.722756553157,82.31250285131269,81.66039404369866,66.4501623395477,80.07596674298885,76.13035766399338,79.01821437366029,82.15206037239551,82.61107290814485,77.9029968898764,79.43283990042364,71.69286862703116,80.55026637135327,80.26481812845907,82.62729989477204,82.60587978271039,78.04580583027474,81.21437485725896,75.2661813739073,77.08596181204356,78.3213945595194,74.98401354698805,78.88532588667121,60.05505117537599,82.43323087091821,82.31974295881578,82.37788063239941,76.41210430015835,80.86095430982172,79.85912941764077,78.76661457909408,81.0454807824893,77.0822840994937,81.2583608213969,79.6865699177937,81.29109913637774,82.60457945776585,80.80296223176491,80.66212288085423,82.79149594724785,81.70626526692483,75.04358490680004,79.31752097605883,62.86880662558334,82.66720722273837,80.90172254881263,82.30070520606243,80.21398296783994,80.82955305954184,80.61410957775061,75.80945010377035,81.9649822434237,71.37793012859144,81.34488500598349,79.92149493092413,80.13430383093619,82.31864465228016,81.47125828852796,74.96870972811828,82.54825497826045,80.85122556193666,82.66974641565011,82.18021273739457,72.92211779568564,75.9248303134064,82.27874712451138,80.56007849185588,82.02816883230057,83.26255705467115,81.75359162328827,81.51300402736598,77.78179119148561,80.1866762380946,71.82046331676233,82.73866788507857,78.39905149433271,81.53327231550102,73.20179258333182,82.66478671228508,77.91532034306442,80.93718268930984,80.36549525625078,83.26730500614107,78.14743950411437,57.394279657319586,78.00798547818287,81.89210334658719,79.7840815194033,81.41603070611889,81.30962054482656,71.47538228773207,82.32854685860332,83.31900179098737,81.09937091113011,80.72542161208918,83.48203576264824,72.3810997256114,82.66250636092195,68.03953482507718,81.84212954909178,82.31042631828501,80.81851302329271,71.61319136387183,75.79481822677323,81.64892750379308,67.78329171855592,78.90358395145412,75.99413666547984,81.81047843845055,72.81762737171809,81.7367773689069,82.97709810056628,80.32279331504868,80.83669710675541,77.90383919037329,81.92090116565423,80.05574256997923,81.59456507196934,81.79338680545295,77.73330351812504,81.62027595330733,81.5774604678472,80.51712115574406,81.53555004382508,71.50841784623775,71.0707034084604,82.60064729779701,81.44302203292315,81.53538890052944,73.92252498216175,77.77708189204712,80.30067487795603,71.52964738029017,79.44158384495628,80.32709017083008,81.19540366719544,82.35518098021731,81.61441488839033,82.23151377072146,82.16120418773204,79.18007367850026,81.66672387403004,80.99775280140156,77.20886640691268,79.49837709152648,78.98345306956236,70.46036518600889,82.61949833370193,68.74567591957725,79.39428156165529,75.37153259163473,81.574729477222,77.42615818293221,82.447761166077,80.00542890129798,77.79020202315492,81.32473546183843,80.82280408718371,76.87051224715687,78.25227536262786,79.72071995236762,74.77386300064464,81.05375329576081,80.65414549096306,72.51123403410175,69.9014978642044,81.66633177811708,80.98092708203382,82.30514049912713,78.13216196320343,80.10133657679869,80.13259073141019,80.16008138623877,74.19155755449307,80.42931173571564,81.9932677099251,81.28701616765426,82.22628878889896,80.17513920850656,79.58676670605321,80.98063750584231,79.9019811781235,73.85993776323787,82.20568584752904,76.96782499843353,81.66715167318281,72.01896708408744,76.24609954198206,73.8260551969279,79.45086033158015,82.20757245886583,79.79898999270979,73.95373699761402,81.52893391109545,76.58299199754217,79.33645263427664,69.41827790480411,82.7839361986286,80.38400893921336,81.93600281415121,78.86018899238573,82.67413535771972,79.08782013718766,73.48136691570564,82.38695819824487,81.08027327462746,78.72196042087373,81.09253868515857,81.97420865960748,78.06781704916375,77.03106827413819,74.60137766150551,82.49499636685917,79.48761275704258,78.59399288082777,79.75787279841227,78.82368175686739,82.53367182186932,80.76367176405576,81.91341920360111,71.41217006023554,81.3152807381849,80.5187537159228,72.62289266571236,82.03700372053427,78.40690312088988,81.85029641765995,74.90522370228152,82.24854274979964,82.5889500374895,81.70617306269344,77.53909838297805,81.89060923833014,81.79930433522374,78.0446026679269,76.74904813172117,72.18599389238284,81.48698375036648,80.83366456145929,71.78610913848233,80.96860787882191,82.60424888334536,81.68718584536632,78.43639136174633,79.19129426969046,78.56648459438388,80.28777522547664,81.8358493956541,72.97552960374091,82.13886730850126,73.14643114301438,81.77195475534539,80.32707108793164,80.95512991910354,80.27924657345554,78.75319391666645,74.29732969698135,80.49817218031119,78.84068391028671,82.07218470011208,79.20621858561358,76.22135901954468,79.12360372782295,81.22021039400528,79.2218188308312,80.19898681595234,69.71959571133407,80.37528294612507,79.04292982223886,79.84414514182669,71.11304821391492,79.89528726160566,72.02090796349532,81.0061884976036,82.41430651578703,81.19476588946242,77.76021941891118,82.64937305438234,75.63647488190502,82.75218538136824,74.63093478295852,74.69091628288896,82.34831357045343,74.0334633860805,78.67504458571395,79.24740704898373,75.51851636816224,80.99074408898298,82.55901965122105,81.5557776355094,81.23800607591127,80.22816099549416,81.91313913063539,79.6879886823514,79.02148623976035,75.13585959553316,82.47971778303211,82.55798633310798,82.50205738489387,72.47767084961058,77.19783936919747,81.72023718010443,82.01131050451164,82.57991018016259,79.06112370147645,78.56827665046261,77.80051105609292,79.53938655800928,80.42338656810465,73.61346110025458,75.28131888842857,81.71668489107353,82.74065804516806,79.58092839842189,82.48386382799751,77.89981046989082,82.00483823663947,73.4064592478364,80.38790107202172,82.25745033961658,80.492146290682,79.27578063225211,79.43648525136545,81.33284221345302,80.96494439676462,80.9678017099046,72.99196205803365,80.09885373072795,73.08241158542923,81.20569779085884,76.86455309599054,81.63790945822669,82.043366698336,80.6943199473861,81.7086029067951,82.33427545715412,80.01625796972155,80.59781207783809,83.27895474450771,76.5634636736841,79.25494216209368,81.67500153338148,78.15382638791647,78.98276121109204,80.7059265764641,79.52698114343389,76.04366392764474,81.57544643991132,80.49883577257998,81.03836486751487,80.3929146759086,79.76936311371118,76.9777927572276,82.58241117010307,82.28885027356928,80.05454935401684,82.93007841555205,59.752078809141935,81.74169619075775,71.99131178978979,77.83339077473681,81.07220764808251,82.39015622541196,77.52264431348573,80.47376815939812,76.51403873056509,81.57975462326478,77.93423017364866,72.34879542157022,78.06606463438142,75.82204121574307,73.11144570623951,82.69034673770777,82.74368756082208,77.5122969874563,82.58099762110959,81.30833408199732,82.10261402553478,82.10847914331984,82.58043561658104,81.58515691262744,79.71843491647147,81.95971574657614,78.80333202542609,80.27794433602688,82.74877430749669,70.96621647311518,80.2860246581961,80.91736307210587,74.09251365134244,79.73568473779797,71.0170090125278,81.77708496844227,77.98789919084075,80.7394226643433,80.72632224749104,82.53904737555435,72.09650587733825,78.71785658098558,77.9364095853377,81.75084543305083,71.43383206563678,81.86441587333825,82.38896810242287,82.17894796106972,77.9885688508467,79.6375815662254,76.47043796892314,82.18880741692804,78.97947741223872,77.56132833865296,72.85457344894955,79.53495803250821,74.98114910306478,80.49854718637665,77.24829309652795,81.98384421960661,82.37164520753456,79.45594444183897,78.50789717636576,78.01659218052532,77.39583601318132,72.47251108927753,82.32830951263992,75.98072022490314,79.84244638794489,77.48258426427867,80.3578523394322,79.88870052467351,82.27109351508183,76.54473409826616,81.30212053770119,82.36078449153644,81.03802190100097,76.29853845422541,78.00475236554017,81.50248931301752,82.60128984795097,81.28574872122861,79.39410568401611,81.59669473082842,75.78615987811314,80.79882495239998,81.36219793934359,81.19371594590777,78.84947716983862,80.87875408218427,81.52373924706781,80.79209225139712,80.71757833708766,79.11881327207129,82.21653733251189,70.58577581638484,82.4939738928115,78.1596094599216,71.2422915180647,81.92593967642162,80.0045093812348,78.15141583397866,74.14506807583862,80.17759858903081,80.97024321710916,70.79829691992646,81.3447244932404,81.86458383737825,80.30378743848041,77.85572927363415,82.14828460183195,72.24628047617549,81.94422946435323,82.07532006683637,82.01835902395248,79.48558024487431,76.88288297665629,82.28999016068214,76.3718650118549,81.0907507811384,76.23911129931807,72.18332755123635,79.62174787305598,80.33577493782762,77.32690908262285,81.47765965558682,79.96498144564411,75.08703132548654,82.83514950652743,82.42383205834106,79.54712512610521,80.51001465034284,76.44676969622027,80.26897919985453,79.45759145389327,81.84834502588586,81.74910149513336,80.43132533748623,80.95380410765314,80.93914932545718,82.4552524872305,81.73495874424738,76.05212337163927,80.86359121939117,81.30119183622958,80.53875905091029,79.01429885194388,79.55593243760879,78.01508111398698,78.82419364866158,71.96185759906504,78.63973800022069,81.5435373779806,81.98576756100906,71.09352067519137,80.56121526034082,71.6692607702198,81.20378749076914,80.55337360583967,78.4521418047894,78.82791259641972,81.60258832235606,71.79846809112234,79.24303469328274,79.07008293497319,80.71046434605579,82.8018980006979,80.33066723808774,74.27853273341482,79.73627739032801,79.82427861309989,82.92111033204161,81.73437435450336,78.68563887392163,82.27760692168258,81.28324745431252,79.14901547317918,82.31201700802922,75.18081690860996,82.68075739389509,82.0583503100393,82.57485636031996,82.6527389707314,81.12364763884437,81.93693957594057,78.64394279936445,80.48567643249591,82.63923526204498,79.89095590696556,76.316365029992,82.02151943424718,80.78068326254858,76.47614221657815,81.82108103214229,80.66058289958039,82.73982075404786,74.24826190628207,79.20121029266066,78.43604705244354,77.0240809944338,81.28674778879883,78.34828327293688,68.14740220935097,78.51107333655106,81.31341173343844,81.8738576408997,81.87830098015733,80.44545595799592,78.31051392529498,81.99150095503853,80.50729697952923,80.685943722995,80.74404574279197,74.93140867163113,81.45802840768023,80.14395460439941,82.60056245259385,80.19141298806214,79.23696064551257,81.3597752547894
critic_evals,-109.25286438629324,-8.973987303570969,-45.811832931933374,-98.52172118754399,-111.15355213097938,-51.535344974040896,-94.87535662253647,-97.09470418931407,-77.33241025455257,-106.15675008034937,52.42649002788094,-91.33543565334199,-81.27450688605593,-128.82406519957505,-91.51855962768086,0.0659201875951867,65.1569274672832,28.443774754299717,-48.722139042242326,-33.767892053136656,-60.50322387964945,-94.09228530928819,-103.51356065446994,-4.0591223633345255,-100.96469113312959,63.41715917018905,-132.07274981094363,41.758985832717535,-19.218293879082758,65.2740251971946,49.141374397417174,85.75118613430104,85.93406663266992,-14.490632911037121,92.32663845907179,56.43263722834143,-147.1660206830776,43.95305455304876,91.48624171874033,42.66960559244171,-242.56883465865752,-49.32177553724384,93.00058006915495,77.6541326406944,97.89461338577335,-7.926183340422213,-42.8871892323029,99.53948215699654,41.90923248532107,14.343946933037703,49.21976524120977,95.80957398073558,49.89337958168362,93.12345032283534,105.3473149409149,106.2553402628874,106.06737221376186,-14.549458361164053,102.35498599060617,-0.9291858579214853,-74.43338909435403,14.616437011487896,54.27088253252075,23.96314983921105,102.48613694035252,-87.0563416214303,-13.539179428645674,-322.9471323911354,109.81873079187761,6.050583097577974,-219.67492742095058,92.89824263200217,98.5942123988159,-1.4067228665463922,8.878382398970722,36.29676952824337,1.2221848908674033,-107.85372159210893,10.011612807145891,108.73719126923788,27.185264813114916,102.46332838353979,108.09943477812811,-244.3762186954437,61.455519416234104,78.57821626749076,113.63389515382735,37.79589889791103,9.110471944159862,111.65436907811966,106.9379826685697,97.3474210187693,107.33049647286899,6.830766936202913,105.89287151778375,63.00642899834742,93.47922320497807,115.81829773847332,49.77034386757918,109.30142233279074,110.41839091514908,90.97074307122745,91.87533437594902,-286.72125479933715,3.2041198656854633,118.34540224320222,62.67613880286506,101.57226874633541,-55.90035312360007,89.4447548691874,98.8335529049287,110.90345246142894,111.48306505747215,111.08309207415917,-117.19015879752934,87.4519672986782,120.97447901506507,67.06147933021757,-181.91588256855215,98.85755047058214,-7.951009235962509,110.28490462553661,-19.74598739021696,111.68900569148978,-135.86006284880153,51.97572748065742,35.369000019991674,86.85642270674822,107.26178712829767,99.68327522935155,103.17450951463434,112.48288547831301,32.248542082378584,-49.64431362502968,77.42540310448904,29.416921515400723,69.07909556788712,124.98596236847254,75.39792439730479,102.23290110890647,118.87264768382236,71.2357644442883,113.14523730945771,102.86986149189991,-187.2713728482811,69.49646946281975,80.13034777594822,96.70501188608662,120.66350293445194,124.67379367985232,55.711363320848406,115.55879916027757,75.75491377406769,112.49211823184427,126.28615174843821,-16.816028015648392,124.3910457266517,115.90830127136869,123.75236204853138,121.48518495713034,80.99897851448736,119.72554924775112,94.59711724179553,127.92980979963619,124.3018692922104,120.78546914269481,-191.93629687149576,93.38647665657186,137.60635290189,128.39462614450082,100.50120428493534,136.18899214924446,88.75441931248915,32.829663815823125,-44.28686389485149,129.76334923654474,-5.742663824548458,119.35508799525755,63.1288334252861,32.90554914847405,131.51685124792368,117.64782167717675,-0.24771084759676398,103.21115759781394,138.164398796502,131.9850927007806,114.06650449227867,112.68672540942286,46.48290669652468,101.95770160063726,138.42050563676128,-81.141593260029,121.66348290308639,140.5797267619068,124.6796995960862,141.2608759787007,96.97965672595133,54.465897294378976,136.9615686454589,143.51561391780143,94.9363090184479,11.738731864790239,93.89018524817843,143.21952469857177,-106.38709869736064,-80.97933259665137,145.4441587467629,127.48054257971715,145.6179855060033,-1.7671658853885077,147.12075265187292,136.18830485168348,52.0341502815285,67.97712877911928,101.24653856496754,83.55676837554326,70.6383180252352,139.48927313798538,78.81665051824265,141.02224538419458,143.1251631946093,129.1376668581746,117.16382651481953,149.4783436939598,128.5031151284722,141.81796215028132,129.4080404052229,141.8911777563086,5.453110311350386,142.35824051353595,130.71602216129176,2.5167983820392408,142.7594183377292,112.0716412772895,131.90475922395697,142.67610886749065,151.946832912455,122.58275058681498,144.55668608780348,114.71483991794325,87.92662633552897,108.62697623399309,149.14396084793145,41.48613238476955,117.243331476584,141.0407901845894,130.0236420956126,132.16701545528167,150.35218259491825,133.76805031811256,68.39044804161533,133.3497867872182,128.36455390661763,147.4948856984752,138.08800884605026,110.05715019627684,142.55462502139366,87.21206533470732,65.00846571051665,142.27955568264161,89.93317262677111,121.28460139551046,137.56888373176645,26.072097616566637,143.0198718522539,128.4374258703636,137.26244072427897,132.36100774581215,111.09954942672776,130.68105119600142,149.6099715713422,80.83570828181033,146.02463983018396,145.47139767795827,16.70996949652985,107.8667238787803,103.07189278907397,136.45835387653852,138.91605084519165,117.95976887366635,149.2697195079696,102.38128611302439,80.60745199518043,146.59750549065893,132.66969411699952,131.72560471671994,149.51596617964213,143.86762418450087,144.24167373392305,144.3657454110407,-218.8405078159874,87.58806245603719,140.1493952845359,145.55386402607743,136.00647214041516,149.04774560131392,141.32286304240944,32.57056546210225,134.13522444379663,146.25598849274488,85.33330100576337,100.2581124565719,129.18065509796588,131.6952787314107,122.53788513196481,99.81372861122244,130.99615577548292,119.64581208557755,128.98433188882368,124.2402437760982,152.77355492243288,139.46013855887247,139.8489500068257,153.5414846463621,145.94187756645596,141.8275492248972,141.11526771906244,125.82776653567552,146.17676967247795,61.4332915097589,82.06769354145705,116.21531739468449,-17.60003046062836,147.80023450123056,140.30593064571232,138.4899160328706,120.07672710043916,152.08927885946855,98.04681456028943,136.8076221942612,110.46289923336079,143.88296153170742,147.2894082687231,126.39757365116998,119.26526854212483,-45.5468356147648,-5.21049795037996,141.5773442569634,-27.770359443039993,154.0666712994945,91.41119580491367,152.60330184625585,142.45258829026807,154.669900786198,133.39724131624956,154.8462476593901,153.59412544544443,144.88832552985008,28.821822018303095,149.5024849958593,37.21437901946709,151.24798478972014,148.17162914598214,124.53712998707083,142.99225594728262,131.9314717354721,149.23351937788016,146.92522602823271,12.0494555469852,152.03065289883858,82.22143431262604,149.66955839755119,152.98157574239687,154.90230629041474,152.76469284945495,103.05034144812318,139.69617721271194,153.14391659138528,70.74366153727784,148.22685773931238,150.60101256688256,-3.88907326367152,150.54462128634177,142.34858415660375,-55.15721079552185,57.53291322444447,125.82794243482779,151.3749487627499,150.6159022212201,153.103736897899,145.2101974090096,146.76809508278498,150.76796319594234,134.87929412547405,104.52010667639483,151.14753861628085,154.52764865905692,136.14940853513912,154.8923588319498,144.28019301519367,152.27365544762907,111.29147939447907,153.48338884393905,144.59125556687079,148.0228367714515,146.68796351666128,155.22570162054006,157.03049137279584,65.47232459521383,-14.644411388958403,122.87107301884129,150.41011693077462,155.58885569084637,133.97859882501712,68.63080507689487,56.438576044538024,144.61328494529204,147.01680496305397,149.489081591898,142.52094526605487,140.6457695071102,67.35703196960934,147.07362723489243,106.75142433299375,135.71796812138666,146.0102225817539,141.47793584177106,155.08925653350965,130.5336784615601,156.87592693733615,143.86683026750114,138.88282835260162,152.58549309901616,151.61594617457655,150.86932692264608,150.31223282379787,143.0838055909063,150.92678316022915,146.64805749534779,83.72930238656807,94.63738089758158,150.3870180890276,146.2723339941595,152.53635094955945,131.9512247002072,98.43023330674269,135.7489205606282,154.83125438317916,149.6571980326364,140.84337325983273,101.97313206385816,148.82556748360764,138.61924680572224,26.61593500681208,145.81576283763363,50.182729224476645,61.113387283714005,144.57981711846418,62.8932048722025,147.22664560117772,112.47796276056967,-25.24855331822299,150.8350391276204,66.14772058094616,147.02435020394756,145.77724971533246,-121.80219430997481,147.78065962593544,52.41161368755138,150.16921360737354,115.42388990675813,149.68678778708306,111.61187174710143,145.5719742996787,144.20991004310213,151.70552738429353,130.92430281821566,151.65518374356083,147.58234942653309,110.84339008277033,141.4836034106727,132.5149873669371,112.9610291378703,137.5407271991917,144.06351626236574,140.75878585697808,147.3557574740505,138.78195209470155,73.35961317153526,144.66155297456095,20.94958729442861,131.34337012136655,129.29781183916833,150.1706127250822,19.114891909268067,149.62595353991182,92.06770187879782,61.50257287147454,78.31627535475597,105.47154957947124,142.84970718279584,57.3384454591249,148.52537788611585,52.0935119299469,91.7057491797862,145.2179124168847,130.45848665036186,148.56556229613022,145.52493585512926,140.44309394111764,131.69065646224965,57.53716920200587,139.32114988570308,144.97708736223012,144.69490522094944,-29.322552640009405,114.50298473896854,124.16956620147828,142.29133805620435,145.87075856175792,147.48572904189302,88.8697649097966,73.20564254492761,145.00284014340292,155.44189091507903,-95.70169284062007,144.53906417668733,147.29899487468646,-114.99812088042356,100.34034825127827,156.7260599738762,140.42363319377822,34.07420171884134,154.99382029766775,139.83190627623569,109.45531252513908,90.11179374506371,136.8894015289766,138.7031675444765,149.85548574112985,50.563418276231886,155.80617320457736,-23.157232770556618,85.37404815316617,138.93172213461253,124.27636070398648,149.00114379477915,149.48931563592015,159.2320460339825,140.5143494374717,133.78067783736992,146.2383060565858,145.2611161698381,152.70798239672274,150.3246069026195,147.51206735006014,152.1143012765076,144.77014876629033,70.96273074521845,145.8593139864992,119.22120752248874,152.83761347637386,116.54515249857832,141.81385171613277,146.46607200350815,142.2751917453965,150.98374591203861,139.36262575959833,147.3473628977825,144.7314290908115,148.78209981075133,71.91765768106396,148.32758011416922,153.14279956574268,149.01446792732077,147.9190109870044,138.41883109822274,123.75286247351005,145.7240147954277,135.00498209985926,149.07481188131516,123.47111953289723,144.59214721967732,144.683161622209,149.80394792565875,143.4820544293808,81.00196311789828,146.69682102305737,112.40304016001676,156.51787441389564,150.37296278288238,147.71169782398397,148.55739040867837,148.2347920401021,142.09319415406225,150.05585680034443,146.1783822470129,139.1703943608186,101.70005543207536,142.97888996637283,150.31020741812512,151.39809212899328,144.85704059846813,130.0000153388778,154.67429262496614,153.53826298855313,47.93981244111269,118.79852069856344,151.55719457368787,155.45216033752607,154.99245180083085,148.36111748909843,152.43021584811711,151.12711538368796,58.75556628710294,142.78430566935435,162.28560618891026,147.08578171440558,157.85748050864578,132.268104498372,49.13101496255882,115.32372652441066,141.71909739502092,114.73287455583736,154.65357808136525,131.96196343496894,147.60429819633544,146.39652643705156,62.09885307457775,135.739353736699,151.32454055612396,114.13718900172913,151.00576195728058,57.38526270124186,52.100869935050596,153.08495954307827,137.11061072739875,157.3053980787021,150.73758228798124,153.09935046881026,136.1099615084665,147.89348320342958,149.4129529365856,134.80986964788798,144.14517281282053,157.25984146831627,90.87944609689022,-16.32830501483494,35.59390348719806,95.7340885982715,147.3209849565066,152.31670867201152,135.22307346731174,143.47018280292588,155.74747631511693,152.730957223277,118.7197878072901,112.17586254816264,149.2975334479817,149.73434372496604,148.79745380560567,132.3185343166635,148.24408565171228,156.0246788195908,149.23785308122248,151.40290770498632,152.37538899770152,148.25395212746017,137.33372949241732,144.8423787851805,114.8085726137971,33.44041577175459,-91.8200171071939,147.26582536759136,148.38987602441716,150.89205022714094,140.83543492132776,95.03593500351072,113.02532610986785,136.0557576162219,139.9603244265884,147.228285798782,145.12562481419076,139.84393165783044,139.4993466175365,108.94485792322438,99.95855109818484,154.07992130866927,147.3122618578567,53.11644964353444,151.93573359922732,148.53049629100366,154.27537291159229,93.79383914829343,72.32783026104242,122.7451296418725,151.75800998525008,150.16008220559286,150.9761592123349,145.75902517040265,149.55310279970902,144.66666110007554,134.0080714801858,139.40219798660286,146.6260159005128,146.98492925470634,139.87507096196293,152.8366897891253,98.83004509349888,94.7812070531477,155.3956338415996,136.87382643759625,150.092523402601,146.4460201952523,142.2127653760266,149.14345724524725,141.4115445203667,143.9263316023018,101.91777819509343,152.63326811613229,129.77489479161392,122.4950550246269,156.74438070871278,154.48078385244284,56.91713774713644,152.9748656488677,151.9831634704259,149.77238775892266,129.41236813109657,66.71825681817141,126.00312665388967,103.84444324070284,115.21484203063302,145.5599589091862,152.93357119850674,152.54537750785818,151.49098839818896,88.94386824735862,156.5332569268422,148.9734759329391,145.19698858620353,152.87350896000282,139.9817141329577,82.76127735963028,126.09628150140628,152.13144091325137,154.93387418668868,149.29308639038635,137.29143085880318,153.51000802665814,106.59653731566142,145.69356814503246,145.84557301861895,142.72322397752237,150.19587133291233,121.80899045624442,148.65759919734666,100.31817085241354,151.73971025403063,130.71286064675581,113.26166022892849,140.16872437740398,156.03599422926283,144.37364283983993,148.29940737655852,114.4475216546719,11.015295789997325,152.07651540098038,154.99200261647542,150.74040005230495,150.94567858113382,15.637834393311792,147.8305769925832,149.29486356371027,153.1766485554168,141.3909801361193,128.7325126948498,153.93679272304462,146.03870319496426,138.2227651253807,99.19873815624777,145.34478959752937,148.30187325666458,154.6412309152511,145.97861651369254,143.8924428720353,48.9398782299553,136.14876266383152,142.4147498851719,101.9330990908593,108.37992354896691,146.31517383752822,143.72129361554215,145.53397872992807,127.43871329257847,125.88407774625867,144.36855484544276,148.68094675847314,145.56680726207736,145.6852203069363,122.65043712745405,137.187868436408,142.34481877441578,134.32281704507062,144.5907106238516,147.45266751560183,124.34090476154087,145.02814052010615,145.95779745350512,148.23125345765936,157.25669202022493,146.29460955572483,145.22752481831972,156.18049798136798,120.13537397079521,95.25917008318464,129.3113615861654,145.00550658790212,139.02864826705485,138.41028453715293,148.11515113367227,79.42427551796838,95.9385422762047,124.96973706056313,122.11356951992049,114.49934734660253,142.5631943380273,99.88388856217308,55.727616866663126,155.0538249455611,129.18919423389815,131.31973460887087,145.3397884463116,147.8562067625688,138.73230827122006,149.2828803928686,144.32314864244438,90.76650531012567,151.1393903955719,147.31584937210016,71.56357546566733,123.06171566031536,146.1691557895935,143.35812742439788,139.49353357026524,149.9446520522202,146.0759774230704,151.18857342178947,150.16988779351897,147.2942476918231,153.84511060338383,146.69822155240212,149.21934291261644,91.99879521600826,146.965437792674,138.51012872374662,72.81348350584335,136.70830823831366,145.70257022520678,144.91713539984602,144.68465144007877,147.63742582558194,143.79229601920363,148.94040929791618,120.32519683277751,149.92216292079593,151.09793792051113,142.75315768158225,147.0666317239657,21.77615816318992,80.87039308153138,150.65004660408857,148.95508698937508,146.99824613131028,149.48412892114663,147.3644914808508,148.44004506957316,135.18576443985464,148.46390079765527,149.03575151561222,150.85948889690013,149.34677335291883,153.8249920318824,86.9863916143186,151.79592481076818,143.59346406560294,149.50877604098042,122.72466450659938,34.20990532582627,115.01402071429783,69.5330019122761,141.57603106745893,137.22129754000596,156.47187766276141,107.12577010343703,123.5978042778338,154.3259044987235,155.9080141283191,124.23112590038009,127.24576299252513,149.4041277668265,144.67059481601655,145.46434856567754,86.5519417542641,102.3913796039776,150.04428805402074,150.2841908598298,100.32815250905382,149.58346002987648,151.76150027417958,149.8600641198043,145.62412663718897,149.51364445253557,87.6630571412784,149.05914771612606,152.66313407185885,155.59455185382254,143.2915992485366,121.05442236852224,151.45347434974065,150.9872432486644,160.13330254330378,120.77351430821861,152.54331359534632,153.71341540539385,153.32944457752077,152.62929554137654,153.41306435471756,155.7419925461254,152.99813511923148,150.86051541781805,139.11922821148772,138.89141376012054,139.983510235202,152.66301484471347,151.10564860729235,146.46612482347092,153.67244226818804,143.71138722521903,126.98999057725105,148.56843257682584,49.62751051409785,151.99234896144506,147.71663651578535,145.5818893993668,151.54191794085915,80.73018457986062,128.17752151579532,118.80708874240948,92.96065366747393,61.569450586743685,154.33901276140048,142.89150152440823,50.53424412305857,145.09840344887215,148.3283448204026,87.32996353695633,95.53549226991287,127.7241892703615,152.96782032900535,146.79162435494067,70.38908942243694,125.20251872838085,110.14067657104337,125.98138721764411,133.3659571388378,135.44546529208432,146.0654613576302,138.69579446246945,149.01779443607165,154.42927218206898,152.12042399291255,158.19754174928767,149.63987738309018,150.02715220370902,140.64888641341224,157.81954705791668,150.37847001686805,154.41532027132166,148.74199057552084,107.12718088248268,149.56555732846846,145.44187864284496,154.59380725727226,151.6117138042009,79.17407270043273,141.73336311151178,152.99821440038718,79.98075738663887,146.29233466451262,153.0950807658458,126.83690639266895,90.53257797127631,144.50178627608466,155.90474400807875,152.0089067538691,154.14450088113819,152.94307978793668,5.1981600622987685,151.0060813236957,112.06657517851583,154.82329942092747,151.52052340390713,111.64141480614262,158.11417563190713,154.58311692556103,144.83900519716764,150.35126067082348,85.96375175873713,158.17302436607795
critic_score_losses,5968.094188304891,2886.023373401581,8425.55598457409,15579.959025506509,17326.57248549063,3744.1829648881326,17089.44874315502,17502.21416784347,15723.39186334447,7099.165544855419,301.9286961749175,17360.447290060376,15536.350888961088,18783.88412524456,16474.49374465397,2882.9922384783326,177.53069123661322,2083.7531089867957,3847.5868390732485,2296.243596662791,4186.419990184625,4811.048218599398,17957.694835967726,2969.0541697036815,18425.221320918918,79.16394167417873,18063.82511034679,225.5903414273472,1753.4031649747053,38.07131812959734,679.2791406556871,1.533326438484104,0.0021736044637413036,3320.3616261207035,14.186538636831335,28.63248965894206,26029.866497175295,50.47055640700714,10.063182379483099,53.358524307855774,47299.2940266423,7727.95193636642,72.0069609980995,117.74782250470052,110.92475395582939,5093.047241832259,2170.560852466646,136.77723501080348,885.8163549873756,122.55599881776978,307.0300173503777,141.28088870691127,0.39906353848459825,13.12487160528077,249.70124253421912,225.89474484556112,266.0518304241163,5055.096788361732,228.01771332949284,3194.3373759550777,7866.767549847806,1424.9023986742197,6.9531585431294225,2452.580190222402,252.81317725014316,16210.143079046607,4098.671505806247,77991.61869199053,307.984699059847,12.248363836990423,34499.058747800824,7.598147808979587,278.3434293602189,188.3104462094673,2320.2773922904307,602.1571025879291,3593.6389673391363,17457.156636410673,2737.140719699849,384.6758897531431,1448.012861617284,350.1538745675313,367.18968264700976,56238.60403322704,153.90439947706926,211.73149237581066,409.9499758401888,0.31672752784799624,1561.819673152271,382.3820645544303,390.26543779465055,321.24587615137375,373.47801872675205,1750.4990706789692,417.39901227157964,49.935730682535706,324.59540756454646,506.20203548706814,124.3518728508461,459.08809769507457,462.6392529334119,311.76900476462674,334.7664645335846,58386.70799081675,1612.8860001157122,491.26712089407323,373.2966953601482,437.25953940274303,5821.243102098796,376.60728491489294,415.686886560661,477.51168701789925,464.60862764903965,483.07930644532826,16054.55650494189,54.62181020631922,543.6581331574833,31.510055212281475,33778.1330056947,445.7366600516799,3780.2390035762196,521.1575333399977,4488.401063273575,502.09654085763594,22230.983052300267,1105.641102986699,1041.09407958776,4.079575339813412,488.6496672274989,440.5484141707177,485.9250217390134,527.568924498599,750.8377453705917,7643.95814590235,92.13484043780795,172.6654029823883,8.319510325978184,647.4947437925609,6.487474323766025,552.2128580571786,679.7960736076454,457.1007257652441,653.2390900785069,82.81666741034411,30324.79454228854,15.144424186837785,453.91892854979403,568.0139131206203,826.7602354500908,827.1787461555974,345.54620922421725,497.97890221936825,19.50055098466474,299.9319277413193,894.0593148459722,1614.0305197374714,985.282470352841,389.4366399267395,957.1345924128846,989.4658403350479,684.4622055577487,955.9618285087541,92.44079864356664,1101.2035239150143,1026.1296806842577,605.0144317386863,32496.25773127571,151.14478526475907,1181.2887712115355,1171.019919833001,300.15450570606697,1259.467466478461,140.35528324935467,1160.1906440483099,6530.743629460155,1238.195463619159,3937.630191338411,624.9911235762022,96.20463107173002,885.9713962457669,1326.9929812503478,500.7923084551893,2906.8567047493625,585.2016520912312,1413.2266496967522,1403.7100242551567,1303.8939405299586,1284.5720663651166,351.57811863260787,179.69722498940234,1535.7162225171442,12346.740166150195,997.4133525171451,1600.632740226017,1136.676876786511,1639.403958924072,1299.4626999479174,210.82468696249632,1679.771719921122,1712.0385360885982,478.52760784245044,1526.9038779557748,1452.076033041494,1753.4760527623762,18506.397872593992,16016.800748371377,1826.7481633019368,1709.9869302090553,1837.2700834030127,2296.194386068882,1807.2524497138425,1811.3160204595927,543.3736238304239,144.88907230134447,42.74923771671596,6.325300638632309,2.788770874964498,1890.4653555188852,16.916711625686265,1923.3794612486226,1929.7679509784198,1808.2694875723964,1750.1791839378313,1889.7933716763234,1081.2698583259694,1910.7302222068067,942.1289859107316,1915.258942031494,1380.5878079755555,1882.416839458462,1843.217673545236,2344.9744519231317,1969.3722950450492,724.7249347733069,1452.8615334963872,1964.1473113847703,1981.1518868542637,1835.1348343321156,1956.669487143993,1337.2123338692484,0.002691847318953995,670.7676940227474,1993.57989578255,465.5480584199049,1754.8861622222046,1924.5298233641229,882.9932474900711,1932.368905308615,2070.6017023648496,2033.1821206866675,37.06219246206266,1423.0998751208203,1121.7004833864437,2015.8002549312152,1990.0484300796577,546.3875895496028,2083.6498058263724,0.7345511877995823,97.88151588689423,2065.930639378912,49.333959216617444,489.36314223798763,2084.570373183187,1009.2582062876586,2049.2719959895066,2076.0909263993017,2001.0682031964554,1218.2545428410633,201.99594357873616,1387.6465775578613,2087.2242132248225,2.3420793207122044,2114.101892522573,2078.2805592747213,1528.4937365373298,416.64387374687254,181.86854727896585,2013.481338359996,2042.630777822562,1919.5064794390767,2065.2984228165437,557.1551312797974,10.614306943946046,2086.4188578078556,2026.9149744761419,1967.2507435390996,2081.154946046364,2103.904333670821,2063.496322067909,2071.4745911594537,36677.29033701096,172.75803293476972,1808.9748765476747,2083.600680348647,2048.4142379308705,1627.222639096116,2004.8924919438716,525.8341122238977,1993.0282827842877,2064.416028589881,227.5548659012523,185.43744769498477,1933.2169342060952,1965.3489876046392,1380.1146870697646,141.35073490592012,2047.7539770199378,746.7493958768857,1921.0286998519218,934.8593409081994,2163.080263567147,2077.554731514519,2102.6931584938898,2147.84310482466,2108.7237309282777,1558.3576262291606,2119.999045062588,917.108793217164,2124.0056524696206,172.36133208079542,12.84075891506273,398.05206784139256,4287.3828206546505,2164.8354302084663,2198.238219397006,2144.4645509962215,2117.490205052516,2183.8963900822982,162.84375788673736,1613.5529696829587,2077.732688785213,2170.28231009422,2263.93223257745,2138.421319730101,657.5848512162144,6110.301432218916,4344.098464078893,2216.2713841551094,7053.19914111446,2316.5358708967133,134.6636738736081,2353.2065121042456,2342.8784218184724,2426.9475377793374,2271.1940685203886,2439.2491560484277,2421.671148258128,2372.800697153297,767.4648149827601,2415.297710299824,1048.1615442865077,2467.3896835083756,2462.028768500625,991.7779737426217,1860.0276427694157,2375.773897809094,2466.373622101534,2444.768617549717,2109.2866123715257,2522.676825617643,13.631688140534306,2426.9236836548976,2519.192047436812,2513.568518649893,2503.82087703885,313.759803333779,1664.4244324803306,2530.7284339809926,225.91596242090063,2536.632631708122,2563.352500301437,2656.4085006184373,2488.2717962166917,2474.46164641938,6515.934388306605,209.45082053906,1004.772211470117,2547.1916554425875,2564.418725479679,2527.8707004228227,2464.735910106049,2504.061640823048,2504.052307451125,1398.109873604197,595.8188824748395,2530.9861255775877,2487.074612687687,2460.4697589149246,2512.863270378965,2469.6527651264387,2539.9669804336722,622.7442589254704,2483.954051462956,2491.562681253633,2451.59883476067,2428.206129549757,2465.8245840485615,2522.6653523304117,105.52667633341444,3667.482601080574,717.1090857992042,2408.882166171903,2421.304418180721,2310.544949106309,14.414127061148934,66.83326193896502,1659.645301093707,2381.6596836541157,1829.4644959156476,2416.580915342898,1719.6631405405485,14.34889576170825,2385.5829896924365,331.5679275889513,2430.2975394873433,2381.2054103916084,2413.5917844166274,2456.251940710063,2348.4325417362534,2441.3225826759694,1852.3855134063967,2304.039192574387,2421.070424916613,2423.1899808907697,2440.8614223117984,2402.0928095101813,2386.286097461069,2375.450718408624,2425.4259564376353,29.871057691503395,22.027412589790423,2407.2791396435223,2399.3281284991936,2417.6520516901487,2377.135693829232,151.90651656374115,1287.7264690344755,2368.87078998096,2356.905420846325,2369.705020896326,337.3017946033084,2368.479369720315,1437.5118140064774,1170.5088726325164,2367.8046074627186,109.77575661758924,23.71271735205599,1715.7974868163544,85.8940392610281,2327.4375849943517,665.3208835807537,5433.880434471191,2300.796266722896,48.53370487555597,1801.46130870307,2296.877789487267,18202.738676750694,2297.1089096634573,211.94082547531085,2323.5208419238606,627.4259880630605,2358.9374082538916,381.20773068918913,2282.9858553782183,2326.295914044042,2292.019219192661,2239.4311538521147,2288.6119436874887,2283.6869770050084,238.56684515403452,2277.018364644479,1275.8819743409076,510.7536917758971,2147.7934608994337,2248.757606736297,2228.3677445489284,2268.3990324515553,1392.9672334636848,1.3454344735003068,2221.881322490098,1460.7235568212966,1120.6973472243515,1071.7436905475176,2255.945606931488,1561.572653156396,2219.508842551244,201.35632934815277,36.103133902300215,0.2337396952570352,252.48527025131713,2168.091968029977,174.12680894102806,2212.8129514452557,262.3535978517425,29.689285210887814,2192.4059624251067,2142.4067372778013,2215.4870418999967,2212.7835452645313,1707.7976147051506,2092.440516758401,324.1778761236392,2199.247461080947,2176.488028401673,2157.9102859947648,6308.177915783842,741.239916904622,2058.8666132429516,2131.4794125847793,2169.4784167507023,2210.1760831160086,39.33636477752955,69.55343388901079,2244.690293641203,2274.2043251007094,15260.34074068918,2280.762594931345,2264.577355571537,15664.167397600515,346.9069729993092,2361.6356597664144,2340.896789718354,1101.0152721619966,2380.0736196334356,1448.9370666667114,778.3608432281983,73.34777386148217,1398.6443970466564,2291.859447777729,2370.5389583234683,463.1927535138076,2367.14473552915,3798.191612110494,53.81043754210523,1297.02015979869,893.6453371867863,2312.0777786991157,2345.393178138348,2396.538099025736,1653.950195607801,1289.3386208113764,2396.971512792723,2329.7899903760654,2360.393422514181,2334.1259541987406,2346.951686289588,2388.39332046993,2364.6666806688518,12.31434822476824,1791.5687354671486,343.77586196871005,2369.308514561324,1277.406220552269,2299.359242288822,2343.8015077947807,2330.75090393533,2379.378600028352,1821.823294296662,2335.681007540587,1666.4589524336984,2297.206527377328,4.7504170855520105,2334.3291021291066,2321.7205663284903,2312.9839237182728,2306.496026726413,2272.6493933253428,830.3978998924118,2293.2710900056554,1682.2889742024968,2317.0900063382237,2276.175985511253,2284.3491828832657,2290.5051835890335,2298.6876771527213,2344.8958894343377,8.00785439850908,2291.429788313931,662.5906664458964,2347.349557099187,2337.4310198547096,2360.6487089272414,2350.057889823973,2396.728214418092,2386.9347392054706,2384.355679214838,2392.8242851569153,2323.6013336547635,602.0469234945514,2379.0436304964855,2401.952426171763,2408.04759557212,2440.0030605880124,1250.0007669440076,2497.427819019672,2487.823272721142,181.64537488998124,714.3640834998643,2560.216047628312,2552.7056084497667,2591.4565581474767,2546.204544646455,2623.068083902418,2529.5332714022306,166.42968075214745,2648.777575885004,2612.604431049111,2598.1799626884654,2654.1062330338495,1365.9773739263676,507.81610365832483,1167.591272603015,1608.5280046529347,674.6520365674417,2567.1176259311537,1455.9467488784621,2635.6920582911985,2620.6285200753528,83.21979599566603,2573.2674372796146,2068.8232588782184,765.8597814785336,2592.414877524278,255.7131715459214,361.78159912553247,2598.1206961636153,2055.0852039200277,2614.0352956597885,2573.14035626244,2599.1581690121648,1518.5539287323302,2041.188597933469,2549.9049235614957,1557.3707750571239,2530.8178072830488,2538.9825030447832,159.83729636580145,3067.6616832485083,1171.575089803348,175.48303780394306,1880.1315980180548,2543.0364679042814,1416.3477746534313,2553.9935149418206,2573.8501787941323,2572.6651120837964,674.1714083062054,618.6706530036156,2470.871604435052,2501.673691100821,2506.1397326784345,1368.6145165219475,2537.859870174258,2522.2525007130153,2466.6780027296973,2478.284706658411,2269.7215212957994,2467.8088947637325,1476.0770802775899,2438.9789371863158,505.89264586360133,1130.957025981785,13914.459053822233,2468.643107294423,2477.367323366409,2442.449342476596,2508.82942024683,162.64747572543155,685.4373867710309,1627.6797385805323,1738.1599282442776,2466.0060631177025,1929.7966292767971,1790.6480781335401,1128.0939645464382,363.01268425137374,336.9231875585367,2455.5976853146385,2402.094821926048,159.91068667611978,2445.5034170310464,2417.2449572366368,2469.3140189316796,69.54732092790934,0.8815666010699932,1046.3084429758608,2433.089978551125,2461.2185675477735,2448.3314290550206,2433.160796362435,2418.8170545334456,2426.7218344163894,1300.9116780638722,2408.332542685811,2423.8910450892313,2379.4602321384195,1561.0117775021968,2438.581620351259,177.28529911160066,332.33531855863623,2407.8769981386813,2371.801984078066,2386.8883950694826,2342.4288402844422,2326.4906801224265,2390.408839912667,2340.0697118310577,2306.9932624729313,477.95450426049746,2355.2627461504503,1189.4951809665033,819.9247407237799,2432.1393202209338,2413.7896623749407,222.24354038660965,2448.240911288543,2448.8215846641765,2434.0930467907306,1077.0539577682143,116.76583733768227,924.6344510052379,141.86763404462988,768.9019177437511,2489.353900633023,2445.352190288306,2418.279766355253,2484.4897226768053,143.54733559192388,2280.37039557344,2448.1436670688036,2394.111614699591,2441.1536271917976,2448.7201564935062,30.11871312655482,764.2596136186015,2389.5780613711827,2375.9395051931124,2400.765910752773,1641.1540249245127,2346.8105999063814,353.6878985916852,2291.2095841030764,2038.128597037902,2293.21753295483,2325.338433427567,1142.8497842226348,2356.9329637717483,186.59586254152012,2362.5738829040415,1496.7485600756606,488.6457001344847,2392.1562159986397,2382.984249611405,2337.477517594997,2401.2039313711066,739.1059606932324,2047.021186420767,2385.78248997094,2379.9482125158756,2362.621299675463,2376.7532975065074,1532.4846903311854,2300.493587573378,2332.0941945929,2324.027704124407,2338.663081989533,1091.9638713871484,2307.703902746964,2314.6325662262198,2327.172840676431,269.0907260210731,2267.6603429677502,2264.7710719280713,2287.6680598651606,2243.067535044144,2304.6918995662886,451.80546041495774,1257.449198356651,2340.2890009253133,126.93182331957074,1029.668730655041,2333.48148822585,2361.308098096777,2348.4531202771163,943.4609062574167,1099.0583730586136,2269.2610909817145,2290.355277061638,2282.6367217953552,2290.6445239992504,746.9281450716394,2257.104832514035,2200.8174891050367,1266.1929576758253,2217.1613706947714,2274.931177485163,896.3761080129372,2246.385810791548,2241.6733199123087,2193.2894672863576,2261.731310751694,2264.282237628726,1695.2223232340195,2256.6096545122937,689.5179999754074,205.2169862297018,1215.805190740774,2244.868956550697,1626.1333615837289,2205.162946152807,2252.221755847835,5.862831411478817,160.89564949759165,839.2596774058402,1255.684925013952,741.0998730571757,2282.3926145790224,159.9167350521126,205.48475895240068,2315.6615448605376,1468.2343858595702,1216.2181109447276,2335.163342443311,2370.588604864813,2293.8327918737928,2331.2758773734,2334.0263202087745,30.159302366105084,2321.4882617400776,2333.527637715739,5.904506790081764,970.7173934652399,2323.516900532935,2336.4167924851085,1890.7273354786691,2376.682523300855,2317.1693510531964,2324.8407726493865,2392.2366886840023,2400.846381587866,2369.8246269960764,2291.524600679061,2326.9393737145756,144.4795193978927,2378.115804967594,2346.8188688721657,13.449976672079488,2360.4158104855605,2360.021577774735,2374.7857758603545,2358.790671722557,2355.5481119811316,1612.6824435664264,2376.3900170821034,1167.6623244633447,2375.1322708403686,2387.262512433405,2295.245187912674,2385.0998088469537,977.8740934035968,2.2676128135947153,2425.564495975855,2446.857097845517,2380.378984598437,2414.022085965263,2405.716339198512,2410.9599296321758,1309.9912406461438,2412.616757013246,2452.5032451782895,2440.1740944680564,2474.3342605834655,2232.789780030573,12.432050665673456,2506.031484905971,2491.718584390787,1891.6647650297436,912.6984786007365,676.7555330673331,685.0188647192343,35.84502830876004,1957.8798320777923,2536.23661164103,2483.1427706576055,315.65216164538515,1490.4601159803235,2543.6923262805126,2513.973233810951,809.271745606117,1313.0641123430291,2478.3706033038143,2497.1664858247923,2482.612209392651,55.671737392691135,207.90418107675677,2453.1011444973165,2540.7179332703217,186.78873970662178,2562.0958749244614,2574.856460800538,2510.574343531388,2493.883631632852,2557.100671441836,122.66567950547615,2454.1420893549857,2567.802392500608,2562.889927574842,2541.2460617069733,579.8518414268539,2013.171703526597,2519.5943520225255,2601.606667901898,751.6927059048165,2559.222860101033,2643.6203899586835,2615.7742764463246,2565.377989876932,2621.8259446202337,2573.4567472441563,2591.8657303235564,2581.966838057233,1519.064659315032,2512.796272454304,1457.1096886570797,2567.793848316812,2599.6122805391606,2625.669623465434,2568.4694903433733,2029.5704310809012,967.5596354933181,2633.088703328659,347.75410084200973,2591.44915449324,2571.6379765686384,2561.9834449915897,2559.1230113283123,29.87787681935745,1160.5367897024605,832.6092458154411,219.67450108389426,44.467631117934516,2544.6273708856306,2512.802494192587,464.08114057669565,2527.4914864892976,2473.038042588725,76.0140004113363,120.67576003426119,1552.5926349195363,2447.7479407959872,2435.4354150505737,37.073890487393705,1067.3363684231917,454.2301920801214,721.2928874883098,1268.3648192556238,1222.4270189753577,2454.584437628785,2428.7518828773937,2451.245768845993,2480.141190047978,2458.436930472913,2463.8474338214924,2494.9961383490077,2522.428175084424,2025.5903708337269,2507.7041227442373,2547.442990974466,2479.1586644564018,2502.21461529354,244.80606690305342,2560.8144978671526,2551.9710120094933,2491.7428115384528,2564.118776987388,30.62256904905612,2501.6043285324877,2591.8714384220602,40.32700161883432,2541.2984909584343,2598.850335316915,793.4895554691342,276.8911129870995,2628.254506611529,2585.1461054336687,2592.641325943707,2602.414503694274,2587.903364686712,1972.0355497803228,2592.437873797339,393.8663211256405,2579.2931698541,2557.592633984414,708.4380543040464,2600.2271635347743,2634.154431314832,1672.6752610989925,2617.352460328724,0.46440872623445756,2677.145747439319
critic_expected_return_losses,6003.483409667184,4247.777301197849,7736.684971867596,17129.25540956143,19003.640668780874,4310.664856173136,15943.511726796718,16425.38815599474,12787.168440305048,7016.653758986984,226.80266805631672,15850.730043182246,14079.609749477171,23234.1842790659,15893.011666790919,3519.831818387283,149.49613142177242,1536.3707521139715,3997.854950659267,2094.921910146588,3917.7060708618324,5069.395750556014,17921.76065118828,3887.042017055427,17566.803093718172,66.61121911211632,22193.370803217367,287.09326907429806,1895.3936256213792,29.707507010641436,582.5543032960098,14.232422105678156,5.50392234561936,3388.4779404479295,61.764898025268735,15.52734688133414,26953.82070219508,81.5924197029498,37.76432494630452,56.364116962368875,54151.47602785037,8948.72270567639,53.453944617628615,16.168966964899408,116.41342509416985,4219.49530553344,2897.170700601598,149.1512565983787,804.539086683622,123.6090700006007,371.2458544753209,282.0341462573382,3.284138299439721,55.33764445041059,318.1715893854209,293.7642315399834,282.2961634115993,4904.262795150958,194.36268871694043,3024.34557817397,7250.671925345816,1507.6321520991996,15.868204725323936,1758.1480591060485,217.23218609344934,13948.133018166476,4675.06448269675,83725.50193586269,369.5693901422398,6.233768604134006,45585.28140160335,48.083512921097096,178.0936816339224,221.58437696873528,1680.485678193391,490.87959911528344,3375.111795858396,17998.514024814845,2373.177209378778,362.1915148729264,1579.7013488790806,230.27812901343813,324.311081807246,53269.06367184049,182.6282247290434,182.40968139047962,499.98721183481734,21.016921261221107,2639.620131707699,420.39367992996057,294.3558126294375,287.3730984206763,299.6384167355806,2355.716995497143,270.7749657380833,59.536050060773356,219.38618266417183,551.4463872933004,165.4193552688803,377.7538996173355,413.16734634135554,269.98939711859987,373.3729891377501,67927.69521615047,1051.5160716982164,661.753263715408,211.00185269204127,404.2020439849676,7387.195408064923,495.6975628746501,437.5602602652688,473.3120666520393,425.53632268708685,400.51326413775826,19063.112971986255,17.212484829840285,732.8576949169981,89.07964819725126,35437.39648590961,446.7747184483148,4163.017683892289,470.4309081892624,4829.218309783543,426.4713932829441,22868.605598924525,490.8084960358032,940.7849614934222,5.8319564117331,510.48387985979247,305.1762526026134,374.58102923615274,679.0315999124398,679.2982063525013,8992.767193082469,16.124622822532217,288.5561126890225,47.838549887966295,909.2171571136215,26.57653469159253,284.9299618230749,667.5686418706616,265.62155601179614,562.5503626012346,223.0925408790019,35013.96229155343,5.437096564378247,390.68357972153717,857.039641448401,816.9995487622521,1192.1348527031041,352.2433563407383,550.7330650871455,24.270011728897877,445.5832775341188,985.9632083248686,1775.060232018265,871.4944076725637,535.1465514640482,1130.1890221210497,818.9099015048344,928.5055216103074,978.4988137265734,70.10860612089934,1025.6396506761819,1195.6146174650582,994.0654857028552,35080.09918136857,188.7489721786402,1512.1182866027414,1065.386854534677,306.14927446952873,1573.8133525972019,223.63817233703534,1277.7467383380042,7379.752315071886,1307.5943907627397,3834.06499727954,854.6180952966573,94.28708648403735,1083.929572950335,1435.1175959330658,600.0482018115182,3460.4937124740372,789.931230267267,1543.2526646555366,1316.2732779061396,1048.8042002837174,1178.635832191794,367.00734198806924,178.72944379032035,1566.5520137454128,12569.307041235827,1036.9853004760525,1671.8504262907259,1008.6481690278353,1718.4388020428407,1383.3314734627536,387.95136083518145,1476.6681208245689,1882.5816947529659,445.7753276830592,1447.8507734595175,1730.8201917448841,1931.069563089154,17991.299412717333,13162.540506044857,2046.9437653787631,1622.0393364379659,2067.3465787459045,2811.3749934911925,2150.761781570612,2165.406154694536,384.288476283034,23.419548533363493,167.7905923750679,2.7356326363470393,0.7882688937674917,1658.0867019508428,9.890178752506035,1756.0665794427096,1827.3662173446448,1432.0831367614767,1652.6075772525699,2381.0366747642056,1102.8112339601987,1768.9507450652184,1082.057876708031,1764.0900294517182,1861.5655869798338,1823.756038952404,1558.756334449834,2768.5324107062997,1888.8359495891639,646.2641020505521,1572.1270690292417,1847.1776023711225,2410.030916931361,2182.5808697611633,1953.2928022041883,1486.8488872266494,23.97974145348939,568.101442829138,2244.8992561351633,787.0164387602213,1639.3411628475865,2362.10623671485,1138.7873462842092,2124.61090882618,2293.132308751144,2011.4912991085191,91.26236591745649,1458.387086703387,1201.1832642787042,2314.782480712405,1968.0810366386243,473.49538175801143,2124.960910532013,10.386691290041966,119.15505828948002,1959.4525696479113,45.03624138247699,762.594720995221,2011.2578583182756,1462.5882284285224,1822.6197909692,1563.7947717690306,1920.831106070574,1391.1779446816947,439.8494940207144,1714.7977301194637,2277.1508782385986,0.6037655132532117,2008.542854802209,1969.1661275266636,1951.3474141005327,519.0187499159999,209.52417022642516,2176.0655718820135,2166.1472530910164,2148.99163984999,2248.5456273647683,814.584659674844,52.13767538914369,2209.737171048424,1650.958325620001,1682.6169356835749,2233.6081193750524,1885.6797265619296,1896.5222538086825,1907.9624733448313,45478.096596649746,74.4965772511426,1789.743823953248,2002.155553828037,1982.0495688795681,2205.1864062074724,1921.3351488137191,708.1037203961895,1731.530765387308,2141.7195914840145,278.40134624869563,174.80191319017504,1840.2934500327283,1945.8333454613883,1015.222437179458,252.09428325322793,1424.399135243513,685.6396646807012,1600.9779913330049,1275.352989544017,2456.122216613313,1769.4685132878985,2034.9484047753797,2628.070342038788,2192.0357285067953,1848.6827778347383,2053.451534584106,1099.6597882338112,2389.3961873884605,154.91785352217423,1.678784742877502,548.361745122422,4961.611114936536,2195.032660944128,1856.4385963784366,1887.3262845774377,1981.34289633792,2491.4297490619583,114.51712185480635,1627.1599668770089,1940.1307912950704,2490.000326718079,2142.870218576802,2179.8732277993126,677.7655284385642,6875.3741640495455,3669.5490131572146,2329.03064275126,6115.848697678855,2592.980979589178,147.29905078280453,2530.5558849568015,2397.7149798610785,2594.6868010345074,2528.481049280404,2907.690485662553,2764.369910322343,2274.1512450057235,1442.5219766501139,2474.2908859224394,1003.956028796721,2351.1951423598607,2588.3083008393523,997.0362757563068,1863.0628537921812,2111.4246535980183,2673.9582572021986,2330.690070569533,2167.4404453083075,2533.871336673964,0.046042859581504274,2227.0137619244965,2572.829171863499,2869.258548528929,2888.027111668225,310.66067963247735,1637.599023860227,2803.1186189673044,59.50210095743127,2982.9020422384842,2430.663116216083,3268.5999081091104,2347.2530966043805,2771.868231425941,8408.139643603745,231.36447162264588,996.0021641538536,2755.535791241996,2360.0707438164536,2605.554348675737,2274.273305018724,2489.318807159179,2719.0963837785184,1618.0444814903153,307.7254597604666,2346.0996144368914,3041.304613682416,2065.8940237311385,2646.6789582266288,2364.0149294474522,2507.9309694803933,409.0445436045833,2559.0821116212164,2219.6472600783145,2503.4020537063357,2129.6230594153976,2679.2989047437977,2857.7359373129934,101.7619680494747,4051.558541959202,793.1395967777864,2493.1101944596003,2754.7344113181266,2147.8442890452793,2.835541652029828,263.53174781264903,1929.0176665022154,2322.2635345991725,2333.8374257216224,2186.607658755472,1800.2483875697255,37.654641443491194,2094.218429976988,318.32815279256744,2430.1532765261218,2715.6012105181967,1989.545968351859,2962.452054517605,1803.5710462291563,2817.016424342966,1990.5599530371428,2025.3086172875644,2669.2821378011668,2512.9221673492743,2350.019063373879,2356.537483944367,2936.35763898825,2509.9190934947437,2486.3729947525007,11.097175132681688,77.94161430831626,2296.7893725810122,2337.1831280395513,2672.0616638555603,1815.5347383208361,159.84660880530944,1539.2428113517178,2606.7055218819833,2247.93963952643,1971.767237534941,215.4630003812671,2705.491642417988,1893.1725810566406,1336.7272737783267,2508.568353786435,411.9195275763113,0.5600376591060232,1931.099091111835,188.69519101531813,2102.6811589879244,650.3730732432114,5629.613804533039,2518.7898795795904,79.61824286824687,2176.6056050669195,2359.4991504806344,20616.794525130423,2318.4025265902274,417.0123398944867,2282.4898938851666,599.3043165385559,2382.202182708589,415.3070306223929,2039.4143951281887,2391.990266430327,2620.011735879314,2315.775281012696,2379.670452218775,2223.1530004028878,407.3424299855248,1876.983194604396,1335.692059772036,523.1616025144268,1905.375285915847,1928.1139636508506,2406.8515708016002,2178.7176419977045,1732.2767087644386,22.948216765287114,1943.3191090401538,1831.4363299590034,1589.0511672270372,1092.76053334563,2402.588718337034,2019.6097656636948,2274.4639762001702,183.2766949417593,104.00075486067949,7.850591263054287,310.2906958745482,1849.6297636603838,336.0297810091678,2229.2357203643646,432.75325763505185,96.93830302997985,2114.530839470789,1719.2088902358817,2166.5900139018718,2252.9421756095153,1735.1835419809836,1710.4735989232893,315.69858087144513,1885.3379509097972,2050.5546952583586,2069.136493203135,6338.238022390215,660.8628346617636,2229.46944652725,2066.1747093351105,2046.6341615708466,2291.756538629719,27.779076789537505,32.83722971142305,2703.143529358726,2672.780539560296,16024.204553191623,2012.2973408139933,2216.0203284752038,19697.186290529156,390.8597890600024,2742.704986889474,2619.7288483248935,1140.8874645980075,2641.437880181086,1741.2902916132477,716.0130669920151,102.48789399566444,1525.7549852634882,2514.8143935819985,2517.086183785895,323.36071889661713,2737.6814219609037,4605.586889664595,6.614869379013029,1565.459975395733,965.9580431069481,2323.1958961422156,2562.240218967972,2988.50656042582,1827.6215721790043,1361.6951827815526,2076.5738086425163,2280.0027407624284,2526.731003692603,2363.0850714620133,2244.161407789653,2490.6800627824423,2683.6406087010946,0.005829048003780008,2000.8294556161593,713.5956494420119,2542.003614732076,908.3441882015956,2050.3539447514636,2188.92988839101,2502.466023757615,2559.140476616337,1742.5972311263615,2188.0408550226257,1945.3981641772027,2255.748948914781,53.187813719082605,2188.994651619303,2735.2424103356793,2267.859314533778,2239.2273985720585,1873.3298887557123,979.2297382120988,2227.151289742021,2083.00378627785,2208.1543493557933,1497.4370893373323,2125.380843180744,2402.0509594359737,2327.6131250422513,2181.690714460791,1.0451659980586925,2223.8708915691354,599.0242819442987,2827.004072731692,2418.6122872984347,2509.236786965228,2471.4046008191995,2347.0890370216384,2265.946173471751,2380.645144028635,2146.712801231437,2221.7218277314705,505.57413169860166,1879.6148957941236,2403.274555960168,2386.9179824635116,2226.104714445402,1244.9390711005826,2778.2326605938815,2692.1787676311124,344.5770607489453,736.0980982173397,2419.569960353467,2750.2343048689354,2647.4572397395227,2324.663817040673,2653.0840414562253,2460.264179333545,223.58543137158824,2375.2842456288504,3206.3968209409813,2458.2639270114655,2902.4831040279896,1814.9792795826718,367.61390587463796,861.0283628018925,1938.66667349443,528.9476382496302,2801.60467896114,1682.4771672037211,2182.976882713584,2436.9647954682823,148.56741929026575,2199.242549749976,2348.9072228453565,569.6385821663059,2385.315814044952,230.58622960503118,467.3622793024877,2737.7883201274044,2024.3403340239433,2806.386317060842,2426.070349490929,2765.998075171444,1513.4584070593226,2172.675378191896,2545.0642073973454,1669.194944093615,2418.1697220240335,2794.8910315224366,64.88693342143208,4505.121318896467,975.228092660935,142.9809297709035,2098.6979716027727,2559.9185453756395,1420.9596188581802,2596.1786002128615,2770.07586920133,2607.3011676937685,1062.461870846807,454.17540571585624,2512.7407340861946,2304.1219394102854,2730.030834821302,1253.5020277529084,2155.298416260993,2761.6201489689934,2570.355712639514,2415.9798190587453,2490.491863142616,2464.6763757654326,1835.2518077885418,2639.475132845178,555.1641421917517,1123.060015421423,13383.482272558078,2197.6605233765986,2163.8743691720615,2394.6566270499093,1946.8203185752702,125.52631999191806,593.7058792946207,1555.0339299672376,1689.227298810852,2756.735901280106,1983.665810540266,2224.278287461944,1666.2258856054843,409.48886167512705,180.56500825477787,2723.269795686407,2350.1728984823703,224.31483991925265,2551.6625907407074,2428.334974829764,2606.6501939512173,106.39933684035992,7.579783096642061,951.4187615350479,2487.7905855873078,2516.1186053135257,2504.7040662136283,2890.997416230334,2392.785379847457,2153.2370534128604,1466.8654581935964,2331.703988338302,2226.4950723397315,2809.80224407457,1732.7726613012767,2479.656032948477,155.5015363021605,144.85701002241626,2646.009229260911,1875.0066127776597,2267.360562406943,2578.703246387525,2279.6000524782257,2230.7956092681743,2269.902908669227,2128.8652286605625,256.97286395118164,2973.342468575525,1189.9466798885032,797.4434606729614,2826.6630160498644,2682.252248211193,271.7019024427372,2524.884487876021,2613.296148819121,2502.8450328871018,1472.9696894055437,124.21182587341384,943.7401087462055,227.7487170091174,913.2329002780078,2336.689693999855,2535.6694710082675,2487.5273040162892,2374.3683505854747,48.83431987958195,3039.2690747481292,2532.79546468039,2155.460352046369,2624.510117300513,2202.3725053064536,27.974889365451126,984.7742976479293,2407.540373522742,2839.0332194847374,2231.736109695403,1763.682286210335,2556.494653349699,550.7906410741599,2132.4150759254594,2021.7246729199276,1936.3535150327805,2514.8296324949365,897.7145986687474,2266.3114514701674,187.27368712181467,2504.331519489069,1665.8510669447742,549.8858674185459,2250.2866820113372,2799.7866325297086,2278.7385990215553,2221.8776523578795,525.0146292171142,2427.583203762985,2475.821554394659,2639.5726579791876,2500.952136658722,2474.411160782759,2287.6605811824857,2539.5007204044023,2452.7952949723144,2556.2427634318656,1999.4688070869224,1237.5188863478281,2681.3798782891968,2211.9045851300157,1933.1203128791446,155.2902054595465,2102.498863733734,2262.1897804086066,2756.4062321887054,2191.8326178914717,2238.785199993567,565.910011314464,1450.4450813433618,1944.397305142935,180.5573973930775,1182.333642020262,2084.867007698983,2572.595146361382,2291.6848047392937,1074.9264228405377,945.8606046307864,2234.187877423202,2326.109606223059,2384.142420933306,2054.755365260193,999.7695821677771,2102.0526947117323,2065.8791168974926,1711.1703863166174,2554.6426565810857,2097.0790962694246,865.1642394218875,2279.1945639626283,2008.3093784977652,2239.338568880681,2824.0677196159854,2059.9296686591306,1962.3288927253016,2782.232454580864,816.7644812604601,88.43774282576739,1275.5305250542576,2094.828657535192,1583.7121064518763,2274.3511585132783,2300.3951992130715,1.1146552221601342,238.62448333915054,1023.0597447693284,1305.4292478428215,535.3732275725814,2084.9843716731275,183.25528725658387,312.46763535871725,2629.1964830137777,1629.7875318896354,1383.4787860302606,2271.607740937991,2184.9593982530655,2264.5424497967297,2272.624679085587,1917.92135958199,36.87307061166236,2675.5213463341156,2290.1739666018516,12.03864981292893,835.2973141361794,2257.2264402261885,2164.609384964942,2220.3755030251514,2478.7625059747324,2527.2373069255373,2498.539904581676,2658.779486576115,2132.724400851854,2554.2281278458318,2260.7619155068824,2500.0542790553623,97.75100086273416,2419.9647458785957,2180.483471418171,45.26595696980616,1843.9199729632608,2168.7779559297364,2273.7093434277235,2068.968541267472,2294.9448899489753,1892.4291787765815,2620.56689380661,761.4002417656737,2282.269927630805,2454.1959163304077,2208.108208326493,2384.771590258862,1783.6173163094334,1.4980018080008972,2405.7029103910654,2419.36506008225,2138.6814627949357,2715.695320533962,2215.493980188459,2249.7187878132236,1457.5706502863552,2423.0839885165583,2322.688149570152,2403.7230897521117,2349.8721504656687,2672.346968570931,30.94939448569949,2420.6455809246645,2665.0612717475096,2245.491853479113,993.0220656567105,685.6988135455459,547.4105533845316,54.82623433622883,2011.3409087575085,1989.3053617081462,2910.408509690144,342.05579335071025,1393.893988618856,2663.126317496363,2741.2147846247094,964.8055321731455,1219.6877153765938,2261.6742199171717,2622.640653798054,2017.4027653232129,10.020070866174182,207.5299837770634,2489.2656238482505,2693.8759994802153,162.68765045310695,2679.9688225414016,2497.1774169540904,2710.022347098129,2696.7754851916297,2442.4386037383356,26.844532244503245,2572.7570296869258,2533.6858839348597,2859.9159600628086,2325.931542784976,730.3564090498065,2382.545757439291,2551.8452386826057,3169.9339874426705,982.4301439486618,2611.789706155684,2756.963695358123,2554.7737965553706,2512.0009540165433,2663.1671149896333,2796.636564954218,2596.248716813683,2339.639998301408,1646.4771911444261,1974.3882082639375,1747.5824122180159,2546.2548915470907,2489.842950831312,2274.874413446585,2746.628514733175,2158.0023183303524,1159.9719968830595,2934.2836649116434,420.85467185327076,2481.517526761238,2160.273566774987,2774.258537594357,2519.1300765100714,41.050170142058015,1103.265844126951,731.673360874915,105.24845823482885,148.92725546971553,2645.29372008841,2527.109701373152,412.097328002496,2179.8695549430854,2286.0888799215263,10.251688750325645,115.59335212420794,1428.219101332636,2681.4294405896712,2242.3126978536197,78.5257740393843,944.7397876541288,494.70969826367485,955.0102060788379,1356.3043240412726,1584.6451311062526,2032.2508332188347,2017.0761868336378,2200.3012417675527,2618.775166303712,2418.2929886697552,2853.5086134254807,2347.2368691831366,2318.138527847359,1922.3065162906228,2990.263772954659,2294.301962584515,2776.940441955655,2622.7356178305804,315.147118376709,2365.679450132229,2378.1364004086518,2647.93484111886,2517.031488322297,6.357279590930022,2277.1194423400484,2722.9989076379024,1.1930650082849232,2399.045483251194,2578.2183424712257,1175.5732860237076,250.54804694614484,2177.3870971339634,2781.9334252528984,2459.4625570393146,2611.2018240642624,2627.9527304937974,2672.708143693989,2381.5061517309196,497.99402022051555,2748.1737549408795,2504.654895057167,673.8122751979355,2938.0824536311748,2770.594443538124,1936.8118776347949,2461.2021134341358,22.624859340478487,2950.137619516436
"Policy(State.UP, Action.A)",0.9704652096993353
"Policy(State.UP, Action.B)",0.02953479030066475
"Policy(State.HOME, Action.A)",0.9449094555979602
"Policy(State.HOME, Action.B)",0.055090544402039754
"Policy(State.DOWN, Action.A)",0.5714191790793269
"Policy(State.DOWN, Action.B)",0.42858082092067307
